[1, 2, 3, 4] 0.0006009999003420117
[1, 2, 4, 3] -0.06766638328042726
[1, 4, 1, 4] -0.011316923112787175
[1, 4, 2, 3] -0.089074690341457
[1, 4, 3, 2] -0.05837276928588908
[1, 4, 4, 1] -0.01131692311278718
[2, 1, 3, 4] 7.33758038014145e-5
[2, 1, 4, 3] -0.00826135788160774
[2, 2, 3, 3] 0.1966347036513342
[2, 3, 1, 4] -0.05552475379702115
[2, 3, 2, 3] -0.4370313557372234
[2, 3, 3, 2] -0.2863970719556361
[2, 3, 4, 1] -0.05552475379702117
[2, 4, 1, 3] 0.008261357881607702
[2, 4, 3, 1] -7.337580380141424e-5
[3, 2, 1, 4] -0.08469986380885093
[3, 2, 2, 3] -0.6666665546408278
[3, 2, 3, 2] -0.4368824953024369
[3, 2, 4, 1] -0.08469986380885097
[4, 1, 1, 4] -0.011316923112787172
[4, 1, 2, 3] -0.08907469034145697
[4, 1, 3, 2] -0.05837276928588907
[4, 1, 4, 1] -0.011316923112787177
[4, 2, 1, 3] 0.06766638328042725
[4, 2, 3, 1] -0.0006009999003420123
