[2, 3, 2, 3]14418
[2, 1, 4, 3]15
[3, 2, 1, 4]771
[3, 3, 2, 2]0
[4, 1, 4, 1]18
[2, 3, 1, 4]387
[3, 1, 4, 2]0
[4, 3, 2, 1]0
[4, 1, 2, 3]704
[4, 1, 1, 4]15
[1, 4, 3, 2]418
[2, 1, 3, 4]1
[2, 2, 3, 3]6055
[3, 4, 2, 1]0
[1, 3, 2, 4]0
[4, 2, 1, 3]511
[1, 1, 4, 4]0
[3, 2, 3, 2]14245
[1, 2, 4, 3]559
[4, 2, 3, 1]1
[2, 3, 3, 2]16297
[4, 3, 1, 2]0
[1, 3, 4, 2]0
[2, 4, 1, 3]18
[4, 1, 3, 2]442
[4, 4, 1, 1]0
[1, 2, 3, 4]1
[2, 4, 3, 1]0
[3, 4, 1, 2]0
[1, 4, 4, 1]11
[1, 4, 2, 3]723
[3, 2, 4, 1]694
[2, 3, 4, 1]443
[3, 1, 2, 4]0
[1, 4, 1, 4]12
[3, 2, 2, 3]43241
