[2, 3, 2, 3]19057
[2, 1, 4, 3]8
[3, 2, 1, 4]742
[3, 3, 2, 2]0
[4, 1, 4, 1]11
[2, 3, 1, 4]333
[3, 1, 4, 2]0
[4, 3, 2, 1]0
[4, 1, 2, 3]754
[4, 1, 1, 4]12
[1, 4, 3, 2]372
[2, 1, 3, 4]0
[2, 2, 3, 3]3714
[3, 4, 2, 1]0
[1, 3, 2, 4]0
[4, 2, 1, 3]458
[1, 1, 4, 4]0
[3, 2, 3, 2]21041
[1, 2, 4, 3]417
[4, 2, 3, 1]0
[2, 3, 3, 2]9017
[4, 3, 1, 2]0
[1, 3, 4, 2]0
[2, 4, 1, 3]6
[4, 1, 3, 2]390
[4, 4, 1, 1]0
[1, 2, 3, 4]1
[2, 4, 3, 1]0
[3, 4, 1, 2]0
[1, 4, 4, 1]10
[1, 4, 2, 3]720
[3, 2, 4, 1]783
[2, 3, 4, 1]367
[3, 1, 2, 4]0
[1, 4, 1, 4]10
[3, 2, 2, 3]41777
