[2, 3, 2, 3]19094
[2, 1, 4, 3]6
[3, 2, 1, 4]759
[3, 3, 2, 2]0
[4, 1, 4, 1]9
[2, 3, 1, 4]312
[3, 1, 4, 2]0
[4, 3, 2, 1]0
[4, 1, 2, 3]816
[4, 1, 1, 4]9
[1, 4, 3, 2]342
[2, 1, 3, 4]0
[2, 2, 3, 3]3729
[3, 4, 2, 1]0
[1, 3, 2, 4]0
[4, 2, 1, 3]457
[1, 1, 4, 4]0
[3, 2, 3, 2]20983
[1, 2, 4, 3]429
[4, 2, 3, 1]1
[2, 3, 3, 2]9047
[4, 3, 1, 2]0
[1, 3, 4, 2]0
[2, 4, 1, 3]6
[4, 1, 3, 2]404
[4, 4, 1, 1]0
[1, 2, 3, 4]0
[2, 4, 3, 1]1
[3, 4, 1, 2]0
[1, 4, 4, 1]13
[1, 4, 2, 3]746
[3, 2, 4, 1]787
[2, 3, 4, 1]350
[3, 1, 2, 4]0
[1, 4, 1, 4]17
[3, 2, 2, 3]41683
