[2, 3, 2, 3]17230
[2, 1, 4, 3]11
[3, 2, 1, 4]714
[3, 3, 2, 2]0
[4, 1, 4, 1]16
[2, 3, 1, 4]388
[3, 1, 4, 2]0
[4, 3, 2, 1]0
[4, 1, 2, 3]816
[4, 1, 1, 4]8
[1, 4, 3, 2]361
[2, 1, 3, 4]0
[2, 2, 3, 3]4116
[3, 4, 2, 1]0
[1, 3, 2, 4]0
[4, 2, 1, 3]509
[1, 1, 4, 4]0
[3, 2, 3, 2]15197
[1, 2, 4, 3]480
[4, 2, 3, 1]1
[2, 3, 3, 2]10807
[4, 3, 1, 2]0
[1, 3, 4, 2]0
[2, 4, 1, 3]16
[4, 1, 3, 2]328
[4, 4, 1, 1]0
[1, 2, 3, 4]1
[2, 4, 3, 1]0
[3, 4, 1, 2]0
[1, 4, 4, 1]14
[1, 4, 2, 3]797
[3, 2, 4, 1]681
[2, 3, 4, 1]328
[3, 1, 2, 4]0
[1, 4, 1, 4]15
[3, 2, 2, 3]47166
