[2, 3, 2, 3]15399
[2, 1, 4, 3]18
[3, 2, 1, 4]577
[3, 3, 2, 2]0
[4, 1, 4, 1]20
[2, 3, 1, 4]534
[3, 1, 4, 2]0
[4, 3, 2, 1]0
[4, 1, 2, 3]652
[4, 1, 1, 4]18
[1, 4, 3, 2]482
[2, 1, 3, 4]1
[2, 2, 3, 3]6324
[3, 4, 2, 1]0
[1, 3, 2, 4]0
[4, 2, 1, 3]501
[1, 1, 4, 4]0
[3, 2, 3, 2]14162
[1, 2, 4, 3]481
[4, 2, 3, 1]0
[2, 3, 3, 2]20970
[4, 3, 1, 2]0
[1, 3, 4, 2]0
[2, 4, 1, 3]16
[4, 1, 3, 2]488
[4, 4, 1, 1]0
[1, 2, 3, 4]0
[2, 4, 3, 1]0
[3, 4, 1, 2]0
[1, 4, 4, 1]15
[1, 4, 2, 3]685
[3, 2, 4, 1]620
[2, 3, 4, 1]479
[3, 1, 2, 4]0
[1, 4, 1, 4]10
[3, 2, 2, 3]37548
