[2, 3, 2, 3]14428
[2, 1, 4, 3]16
[3, 2, 1, 4]754
[3, 3, 2, 2]0
[4, 1, 4, 1]18
[2, 3, 1, 4]369
[3, 1, 4, 2]0
[4, 3, 2, 1]0
[4, 1, 2, 3]736
[4, 1, 1, 4]15
[1, 4, 3, 2]360
[2, 1, 3, 4]1
[2, 2, 3, 3]5280
[3, 4, 2, 1]0
[1, 3, 2, 4]0
[4, 2, 1, 3]535
[1, 1, 4, 4]0
[3, 2, 3, 2]14177
[1, 2, 4, 3]545
[4, 2, 3, 1]1
[2, 3, 3, 2]13132
[4, 3, 1, 2]0
[1, 3, 4, 2]0
[2, 4, 1, 3]10
[4, 1, 3, 2]394
[4, 4, 1, 1]0
[1, 2, 3, 4]1
[2, 4, 3, 1]0
[3, 4, 1, 2]0
[1, 4, 4, 1]8
[1, 4, 2, 3]777
[3, 2, 4, 1]738
[2, 3, 4, 1]319
[3, 1, 2, 4]0
[1, 4, 1, 4]14
[3, 2, 2, 3]47372
