[2, 3, 2, 3]18359
[2, 1, 4, 3]13
[3, 2, 1, 4]706
[3, 3, 2, 2]0
[4, 1, 4, 1]18
[2, 3, 1, 4]348
[3, 1, 4, 2]0
[4, 3, 2, 1]0
[4, 1, 2, 3]810
[4, 1, 1, 4]11
[1, 4, 3, 2]318
[2, 1, 3, 4]0
[2, 2, 3, 3]4805
[3, 4, 2, 1]0
[1, 3, 2, 4]0
[4, 2, 1, 3]523
[1, 1, 4, 4]0
[3, 2, 3, 2]13094
[1, 2, 4, 3]500
[4, 2, 3, 1]0
[2, 3, 3, 2]11509
[4, 3, 1, 2]0
[1, 3, 4, 2]0
[2, 4, 1, 3]19
[4, 1, 3, 2]315
[4, 4, 1, 1]0
[1, 2, 3, 4]0
[2, 4, 3, 1]1
[3, 4, 1, 2]0
[1, 4, 4, 1]12
[1, 4, 2, 3]818
[3, 2, 4, 1]664
[2, 3, 4, 1]349
[3, 1, 2, 4]0
[1, 4, 1, 4]14
[3, 2, 2, 3]46794
