[2, 3, 2, 3]13496
[2, 1, 4, 3]17
[3, 2, 1, 4]660
[3, 3, 2, 2]0
[4, 1, 4, 1]10
[2, 3, 1, 4]416
[3, 1, 4, 2]0
[4, 3, 2, 1]0
[4, 1, 2, 3]689
[4, 1, 1, 4]12
[1, 4, 3, 2]458
[2, 1, 3, 4]0
[2, 2, 3, 3]5982
[3, 4, 2, 1]0
[1, 3, 2, 4]0
[4, 2, 1, 3]503
[1, 1, 4, 4]0
[3, 2, 3, 2]15096
[1, 2, 4, 3]471
[4, 2, 3, 1]1
[2, 3, 3, 2]18353
[4, 3, 1, 2]0
[1, 3, 4, 2]0
[2, 4, 1, 3]18
[4, 1, 3, 2]469
[4, 4, 1, 1]0
[1, 2, 3, 4]1
[2, 4, 3, 1]0
[3, 4, 1, 2]0
[1, 4, 4, 1]16
[1, 4, 2, 3]654
[3, 2, 4, 1]683
[2, 3, 4, 1]444
[3, 1, 2, 4]0
[1, 4, 1, 4]11
[3, 2, 2, 3]41540
