step Ek EV sign nup ndn
100 -0.9846908380914035 0.4502711674481773 0.8533333333333334 [0.8423592457051449, 0.7963338759608415, 0.010392158175190964, 0.05758138682548875] [0.011142624490221804, 0.06095637454791534, 0.8418870706009443, 0.7926805970275856]
200 -0.6878406209660585 0.3455540348531455 0.86 [0.7774453336733949, 0.8465779199030493, 0.08259229479106057, 0.013384451632495449] [0.08255466632660483, 0.013422080096951155, 0.7774077052089396, 0.846615548367504]
300 -1.3924099165589678 0.7025786448833627 0.9333333333333333 [0.31195215465289416, 0.6231132576330357, 0.9016575744091764, 0.02994367997156107] [0.6213811786804392, 0.31022007570029775, 0.031675758924157, 0.903389653361772]
400 -1.495124398529566 0.7277044515253979 0.9066666666666666 [0.5524860787836864, 0.529040436074125, 0.24239808381124392, 0.4894087346642785] [0.3541805878829805, 0.37762623059254175, 0.6642685828554229, 0.41725793200238814]
500 -1.3959153205322974 0.8260795481412976 0.8933333333333333 [0.28552804495203854, 0.7066757432951891, 0.7216600875261953, 0.07280279089324337] [0.607805288381295, 0.186657590038144, 0.17167324580713797, 0.8205305424400896]
600 -1.3746227420171737 0.7996800001181731 0.8533333333333334 [0.05325576254445079, 0.40507487760791544, 0.8354502209233587, 0.4128858055909422] [0.8000775707888821, 0.4482584557254178, 0.017883112409974745, 0.4404475277423915]
700 -1.6964354861999227 0.854153574106392 0.9333333333333333 [0.2672051302732609, 0.6574280858497307, 0.9193876064341148, 0.02264584410955974] [0.6661282030600724, 0.27590524748360223, 0.013945726899218282, 0.9106874892237733]
800 -1.3746121130097748 0.687418393701822 0.9066666666666666 [0.6897514371160017, 0.4021926529639057, 0.5814382272735263, 0.13995101597989953] [0.21691522955066503, 0.5044740137027607, 0.3252284393931401, 0.766715650686767]
900 -1.4079576262714648 0.7447306071026816 0.9466666666666667 [0.16542126119752423, 0.6270647582943014, 0.8601852961990448, 0.24066201764246264] [0.7812454054691432, 0.31960190837236535, 0.0864813704676211, 0.706004649024204]
1000 -1.7864756391680878 0.9559242790071776 0.94 [0.5554110786289428, 0.6732027566314165, 0.1444581384217705, 0.5069280263178702] [0.38458892137105744, 0.2667972433685834, 0.7955418615782298, 0.4330719736821296]
1100 -1.8990317117617228 1.0148466803506977 0.9666666666666667 [0.05734659905940468, 0.9099127302901009, 0.5648986706160457, 0.4011753333677823] [0.9093200676072623, 0.056753936376566054, 0.40176799605062086, 0.5654913332988839]
1200 -2.070121868607105 0.9428364809453605 0.9866666666666667 [0.23106701256037562, 0.7099679274722336, 0.8852189398443143, 0.1470794534564097] [0.7555996541062914, 0.2766987391944326, 0.10144772682235238, 0.8395872132102569]
1300 -1.3067489781775443 0.6891030907930369 0.9866666666666667 [0.07373941955120933, 0.9130051081498604, 0.27590818772815834, 0.710680617904105] [0.9129272471154573, 0.07366155851680639, 0.7107584789385081, 0.2759860487625615]
1400 -1.2711995890390109 0.6096116391218414 0.9266666666666666 [0.05442905878590611, 0.8898787665452431, 0.7191646646248595, 0.18986084337732484] [0.8722376078807605, 0.03678790012142391, 0.20750200204180694, 0.7368058232893416]
1500 -1.67364696505927 0.8777261329816313 0.86 [0.5731659547887785, 0.3901693347759254, 0.2193548341322196, 0.5373098763030766] [0.2868340452112215, 0.4698306652240746, 0.6406451658677803, 0.3226901236969233]
1600 -1.3698529860435384 0.6662194657585725 0.92 [0.8508859024768414, 0.22392613037438722, 0.15845808901684896, 0.6067298781319233] [0.06911409752315881, 0.6960738696256127, 0.7615419109831513, 0.31327012186807734]
1700 -1.5252937941154399 0.6855929472952309 0.94 [0.5911695992703273, 0.6122924597522191, 0.02401429267537089, 0.6525236483020824] [0.3488304007296732, 0.3277075402477805, 0.915985707324629, 0.2874763516979172]
1800 -1.1821214976509786 0.5961529511332259 0.96 [0.5002515007025673, 0.42757382796807264, 0.04430517662126159, 0.9478694947080986] [0.459748499297433, 0.5324261720319277, 0.9156948233787383, 0.012130505291901619]
1900 -1.0210532780622286 0.5508627696024014 0.9133333333333333 [0.3959315893808559, 0.30486568270433684, 0.8905128954749426, 0.23535649910653106] [0.5174017439524774, 0.6084676506289959, 0.02282043785839043, 0.6779768342268022]
2000 -1.3137277797619533 0.6932830354952121 0.8666666666666667 [0.8465879490476605, 0.2429724254571598, 0.09049694611133635, 0.5532760127171765] [0.020078717619006127, 0.6236942412095069, 0.7761697205553304, 0.31339065394949017]
2100 -1.7015202113196106 0.8829772928473022 0.9466666666666667 [0.5271028378955603, 0.4028016808463301, 0.5815745403036573, 0.3818542742877864] [0.41956382877110665, 0.5438649858203368, 0.36509212636300925, 0.56481239237888]
2200 -1.4237467397301022 0.6530748161386333 0.94 [0.011705118397901395, 0.9183735403444988, 0.9263094987147105, 0.02361184254288923] [0.928294881602098, 0.02162645965550094, 0.013690501285289565, 0.9163881574571104]
2300 -1.3886683386461214 0.6641950944938284 0.9266666666666666 [0.36656972934354637, 0.5973752948682421, 0.8016858481060385, 0.08770246101550605] [0.5600969373231197, 0.32929137179842416, 0.12498081856062827, 0.8389642056511608]
2400 -1.363840601695497 0.6527249749764593 0.9333333333333333 [0.9039226485272953, 0.029851834726280557, 0.6525715834098774, 0.2803206000032129] [0.029410684806038142, 0.9034814986070522, 0.2807617499234555, 0.6530127333301204]
2500 -1.7430163404379595 0.7793395360100693 0.9133333333333333 [0.48201766709132177, 0.487371099290328, 0.6739808058423091, 0.18329709444270825] [0.4313156662420117, 0.42596223404300565, 0.23935252749102404, 0.7300362388906249]
2600 -1.3898507317226605 0.7328690929226777 0.9266666666666666 [0.15640698021355742, 0.7325420727528467, 0.9177718172168684, 0.046612463150060644] [0.7702596864531086, 0.19412459391381978, 0.008894849449798065, 0.8800542035166061]
2700 -1.6171144953460257 0.933633801355229 0.9066666666666666 [0.27361608841857255, 0.7235367668893883, 0.435483105248294, 0.38069737277707855] [0.6330505782480942, 0.18312989977727848, 0.4711835614183719, 0.5259692938895885]
2800 -1.4142112627341286 0.7210315193658537 0.9 [0.3930432122102983, 0.49129951515664694, 0.878593867472139, 0.03706340516091565] [0.5069567877897024, 0.4087004848433525, 0.021406132527860985, 0.8629365948390851]
2900 -1.2981441191973684 0.7235096427497643 0.8533333333333334 [0.47074047738077934, 0.48475118486267615, 0.43138623649448854, 0.3197887679287233] [0.38259285595255416, 0.3685821484706573, 0.4219470968388449, 0.5335445654046098]
3000 -1.288868809653254 0.6643438056893615 0.9266666666666666 [0.01251681423416628, 0.8929013653395385, 0.6702127983617737, 0.27770235539785487] [0.9141498524325006, 0.033765301327128065, 0.25645386830489314, 0.6489643112688115]
3100 -1.3870875339278823 0.6932788014747195 0.9333333333333333 [0.01833021799372189, 0.9004631861805895, 0.9026402687793554, 0.04523299371300075] [0.9150031153396119, 0.03287014715274358, 0.030693064553978903, 0.8881003396203329]
3200 -1.2630153575754328 0.6735586430002546 0.92 [0.011514911657667316, 0.9053019468198653, 0.767405936703308, 0.15577720481915852] [0.9084850883423325, 0.014698053180133994, 0.15259406329669176, 0.7642227951808416]
3300 -1.3503391481865756 0.7202816764528521 0.9333333333333333 [0.014327512403240006, 0.9233194836329675, 0.5452444218763794, 0.3837752487540803] [0.9190058209300929, 0.010013849700366118, 0.388088911456954, 0.549558084579253]
3400 -1.6562220382565063 0.8718417463043671 0.9733333333333334 [0.21491229230609443, 0.7984752643499454, 0.7532667212831203, 0.1800123887275059] [0.7584210410272383, 0.17485806898338757, 0.22006661205021275, 0.7933209446058279]
3500 -1.467100848226261 0.8524919911376764 0.96 [0.5112444664501038, 0.4509299636007987, 0.5894977818718545, 0.3683277880772429] [0.4487555335498964, 0.5090700363992015, 0.3705022181281455, 0.5916722119227573]
3600 -1.4747961376244954 0.7521517161211827 0.8333333333333334 [0.22442407740527714, 0.7129124116635316, 0.6630234225039628, 0.06630675509389565] [0.608909255928056, 0.12042092166980219, 0.17030991082937072, 0.767026578239438]
3700 -1.1279898401334212 0.536483438234819 0.9933333333333333 [0.010457689159192122, 0.9816113423385328, 0.4115038765827737, 0.5830937585861679] [0.9828756441741411, 0.011721990994800398, 0.5818294567505595, 0.4102395747471657]
3800 -1.3234422281981837 0.6904853197714825 0.9266666666666666 [0.5669728986414685, 0.42417721596882757, 0.03715391174225321, 0.8250293069807846] [0.35969376802519887, 0.502489450697839, 0.889512754924413, 0.10163735968588236]
3900 -1.6736604522262208 0.9346799392383041 0.92 [0.3707785173980819, 0.37200842118315963, 0.4282535068103809, 0.6689595546083773] [0.5492214826019184, 0.5479915788168398, 0.4917464931896187, 0.2510404453916227]
4000 -1.3264417732984881 0.6764153416577666 0.9 [0.2558032274671786, 0.8902744445168502, 0.5659597104511492, 0.08796261756482182] [0.6441967725328209, 0.009725555483149816, 0.33404028954885023, 0.8120373824351784]
4100 -1.3425661268703102 0.6879210310882764 0.9866666666666667 [0.4281532509987028, 0.5592514954771044, 0.3013492653451646, 0.6845793215123613] [0.5585134156679635, 0.42741517118956257, 0.6853174013215018, 0.3020873451543054]
4200 -1.719395559706401 0.8311912706350119 0.8866666666666667 [0.5229595372811785, 0.4120847922298866, 0.2945805110130597, 0.5437084928092087] [0.363707129385488, 0.4745818744367804, 0.5920861556536071, 0.3429581738574578]
4300 -1.7520607811657096 0.8327241528979206 0.94 [0.3975534224044808, 0.4329981681833203, 0.4877202817694059, 0.5617281276427916] [0.5424465775955195, 0.5070018318166795, 0.45227971823059365, 0.3782718723572078]
4400 -1.4070626611072505 0.7196069573782503 0.9466666666666667 [0.08195368887637344, 0.8606984893793921, 0.8672944078468531, 0.08338674723071474] [0.8647129777902933, 0.08596817728727447, 0.07937225881981358, 0.8632799194359518]
4500 -1.2829623998105915 0.6432887483648875 0.9333333333333333 [0.03737177987877203, 0.9220030049333019, 0.8935792438507921, 0.01371263800380101] [0.8959615534545613, 0.011330328400031937, 0.039754089482541, 0.9196206953295322]
4600 -1.5286921558922855 0.8698401048203347 0.9066666666666666 [0.7280774764017408, 0.4246755160103978, 0.22381912080181815, 0.4367612201193761] [0.17858919026492545, 0.4819911506562688, 0.682847545864848, 0.46990544654729083]
4700 -0.953945915362636 0.4742812931953528 0.96 [0.015447375940003677, 0.9464653661133118, 0.24259184732412484, 0.7154954106225595] [0.9445526240599962, 0.013534633886687943, 0.7174081526758753, 0.24450458937744074]
4800 -1.3775947675637088 0.750250367752542 1.0 [0.284943394477841, 0.7199587509340897, 0.3271188471582592, 0.66797900742981] [0.7150566055221591, 0.2800412490659098, 0.67288115284174, 0.33202099257019063]
4900 -1.8260496833976254 0.8945335731674184 0.92 [0.2619219340530771, 0.6868556505237604, 0.6098005145871933, 0.28142190083596885] [0.6580780659469226, 0.23314434947623922, 0.310199485412807, 0.6385780991640315]
5000 -1.378345435157601 0.7281155981399292 0.96 [0.0796543935638407, 0.8818959628466846, 0.7151321644522158, 0.24331747913725868] [0.8803456064361592, 0.07810403715331497, 0.2448678355477842, 0.7166825208627418]
5100 -1.3968670959622183 0.6482720861682971 0.9 [0.44678919137409384, 0.8781747777024475, 0.46540805165674065, 0.009627979266717872] [0.45321080862590607, 0.021825222297552016, 0.43459194834325987, 0.8903720207332826]
5200 -1.1099779265040672 0.5751187375064969 0.8866666666666667 [0.1484719510176879, 0.18961209603709056, 0.7516972427501487, 0.6835520435284071] [0.7381947156489792, 0.6970545706295763, 0.13496942391651873, 0.2031146231382597]
5300 -1.3315016442325205 0.6823885196863334 0.9466666666666667 [0.1975386630806826, 0.7518389405683983, 0.9279637438012935, 0.01599198588295838] [0.7491280035859835, 0.19482772609826837, 0.01870292286537276, 0.9306746807837084]
5400 -1.6258677784454674 0.8067230149092985 0.9466666666666667 [0.5435237771370021, 0.3957159479594197, 0.6271423922761843, 0.32695121596072674] [0.4031428895296647, 0.550950718707247, 0.31952427439048126, 0.6197154507059397]
5500 -1.6011933015431894 0.801694131296351 0.9466666666666667 [0.9221761849429608, 0.02766184369488999, 0.2754996569640323, 0.66799564773145] [0.02449048172370591, 0.9190048229717763, 0.6711670097026344, 0.27867101893521645]
5600 -2.242026663105555 1.1549881583588137 0.9333333333333333 [0.6270005641134166, 0.4237908178163917, 0.3324137251393782, 0.48346155959748044] [0.30633276921991653, 0.5095425155169416, 0.6009196081939553, 0.44987177373585313]
5700 -1.5738239237182312 0.7523468925793465 0.9466666666666667 [0.3266805792767077, 0.6087099422686293, 0.8738894287681177, 0.0840533830198789] [0.619986087389959, 0.3379567243980373, 0.0727772378985491, 0.8626132836467876]
5800 -1.4897111622986983 0.7229572402533295 0.8666666666666667 [0.340959671726115, 0.525551448516968, 0.6438076609862468, 0.2230145521040026] [0.5257069949405511, 0.3411152181496988, 0.22285900568041953, 0.6436521145626637]
5900 -0.9532960809421455 0.5013029564772222 0.96 [0.8376049684469985, 0.1230269191359806, 0.9496478289669731, 0.009720283450047884] [0.1223950315530017, 0.8369730808640189, 0.010352171033027048, 0.9502797165499521]
6000 -0.903485368502215 0.4575704302058133 0.96 [0.8890636346716957, 0.06506264909575446, 0.6651904932963293, 0.30068322293621996] [0.0709363653283041, 0.8949373509042452, 0.2948095067036702, 0.65931677706378]
6100 -1.9689866033772705 1.0213154514528024 0.9733333333333334 [0.3283969077047002, 0.6993091874059625, 0.519860113951803, 0.3991004576042012] [0.6449364256286332, 0.2740241459273711, 0.45347321938153007, 0.5742328757291333]
6200 -1.1860521659831154 0.6318984563310059 0.98 [0.23088201948597414, 0.7499753301373081, 0.13808508338716463, 0.8410575669895529] [0.7491179805140254, 0.23002466986269207, 0.8419149166128355, 0.13894243301044734]
6300 -1.1068240694300941 0.5155434059451265 0.8066666666666666 [0.5201127105368325, 0.5243784820739936, 0.2838795942536381, 0.28496254646886865] [0.2865539561298338, 0.28228818459267285, 0.5227870724130285, 0.521704120197798]
6400 -1.2204328770138102 0.6290402495332671 0.8533333333333334 [0.201181461967314, 0.4731774129184949, 0.6447053500028995, 0.387602441777959] [0.6521518713660193, 0.38015592041483853, 0.20862798333043456, 0.4657308915553743]
6500 -1.051375322750805 0.48040966778524374 0.92 [0.4095539183709751, 0.9104383415108431, 0.5066811157019544, 0.013326624416227012] [0.5104460816290247, 0.00956165848915713, 0.413318884298045, 0.9066733755837731]
6600 -1.3288628621113918 0.7421515307313994 0.9466666666666667 [0.20863532518601074, 0.8711157132863199, 0.19291381047835737, 0.6206684843826448] [0.738031341480656, 0.07555095338034651, 0.7537528561883092, 0.32599818228402183]
6700 -1.6258410810230046 0.9170542542906491 0.94 [0.406788686347411, 0.538606072479354, 0.8728036179397914, 0.06180162323344482] [0.5332113136525896, 0.40139392752064595, 0.06719638206020927, 0.8781983767665552]
6800 -1.4619760272225923 0.7959288243186177 0.9 [0.30514196219681367, 0.4763890298016484, 0.5618808114947291, 0.45658819650680904] [0.5948580378031859, 0.4236109701983516, 0.338119188505271, 0.4434118034931908]
6900 -1.6915192440461295 0.9191457554081293 0.94 [0.30723092327544804, 0.9242062518818246, 0.5905641328267907, 0.05799869201593689] [0.6327690767245521, 0.015793748118175566, 0.3494358671732095, 0.882001307984063]
7000 -1.6176683091153259 0.8215173800238946 0.9133333333333333 [0.2567949987127083, 0.6895554726344848, 0.8689425613499336, 0.011373633969539098] [0.6565383346206249, 0.22377786069884834, 0.04439077198339908, 0.9019596993637947]
7100 -1.4506395846207782 0.7254318046501397 0.9466666666666667 [0.18825387640726093, 0.7587399085796944, 0.9224633310987644, 0.023876217247613497] [0.7584127902594057, 0.18792675808697218, 0.024203335567902093, 0.9227904494190534]
7200 -1.3760828257911695 0.6461270515348252 0.9533333333333334 [0.6016781859530846, 0.14837230985296274, 0.9155430375458851, 0.2410731333147351] [0.3516551473802494, 0.8049610234803709, 0.037790295787448504, 0.712260200018598]
7300 -1.4697090946346534 0.7890565009692966 0.9333333333333333 [0.36395220978895476, 0.6657710532555638, 0.44406011187855216, 0.3928832917435965] [0.5693811235443788, 0.26756228007776955, 0.4892732214547822, 0.5404500415897374]
7400 -1.458259584393711 0.7324462941579152 0.9533333333333334 [0.10089317528269033, 0.9207789196701538, 0.7273916906773237, 0.1576028810365001] [0.8524401580506429, 0.03255441366318033, 0.2259416426560098, 0.7957304522968337]
7500 -1.2778681167782748 0.6955241641053337 0.84 [0.6980124784967244, 0.642800078754311, 0.10808964196825062, 0.23109780078071457] [0.14198752150327573, 0.19719992124568914, 0.7319103580317495, 0.6089021992192858]
7600 -1.9697202076105444 0.9477753889591649 0.92 [0.622513838372963, 0.2621180339660242, 0.0587420999217289, 0.8966260277392837] [0.297486161627037, 0.6578819660339751, 0.8612579000782713, 0.023373972260716303]
7700 -1.5716964626309915 0.7788939468862341 0.9333333333333333 [0.39483125619356935, 0.5467502962804845, 0.41963974845667934, 0.505445365735934] [0.538502077139764, 0.38658303705284863, 0.5136935848766535, 0.4278879675973994]
7800 -1.3126610057010228 0.6969026937506289 0.96 [0.013280694563353825, 0.9465151567811074, 0.6284223334018801, 0.33178181525365896] [0.9467193054366466, 0.013484843218892874, 0.3315776665981194, 0.6282181847463406]
7900 -1.4763303789502014 0.8075781317091154 0.92 [0.22399957018100486, 0.6935536608847126, 0.5775080826737642, 0.3449386862605187] [0.696000429818995, 0.2264463391152874, 0.3424919173262366, 0.5750613137394812]
8000 -1.5488163926840497 0.8102929619250171 0.9333333333333333 [0.8978781323471655, 0.03716813046981629, 0.05435885969622628, 0.8772615441534587] [0.03545520098616763, 0.8961652028635172, 0.878974473637107, 0.05607178917987505]
8100 -2.293131546387327 1.1014190032701303 0.9066666666666666 [0.6440304313656515, 0.2820399880690938, 0.43819499024634306, 0.44906792365224474] [0.2626362353010149, 0.6246266785975719, 0.4684716764203231, 0.4575987430144225]
8200 -1.7241099204786046 0.8091730277088107 0.84 [0.3094884920055108, 0.7893423108836863, 0.3208325489238867, 0.2603366481869161] [0.5305115079944892, 0.0506576891163136, 0.5191674510761132, 0.579663351813084]
8300 -0.9981268621042557 0.5269340578816132 0.9666666666666667 [0.08865497335999163, 0.877788362897472, 0.04285963616990976, 0.9240303609059605] [0.8780116933066743, 0.08887830376919466, 0.9238070304967565, 0.04263630576070677]
8400 -2.1255511753588046 1.0154149692879129 0.94 [0.5661596554119216, 0.3079943668205826, 0.39186027329674583, 0.6139857044707496] [0.37384034458807885, 0.6320056331794174, 0.5481397267032545, 0.32601429552924976]
8500 -1.1422277228635898 0.6308004212612172 1.0 [0.9832588173934511, 0.03782117017680576, 0.7623283721286569, 0.21659164030108638] [0.016741182606548475, 0.9621788298231939, 0.23767162787134344, 0.7834083596989132]
8600 -1.6525641899729377 0.8599502308281282 0.9333333333333333 [0.47037475524970623, 0.5027399019636811, 0.8563655094561795, 0.03718649999709976] [0.4629585780836272, 0.43059343136965167, 0.07696782387715383, 0.8961468333362338]
8700 -1.7438498496899766 0.8806098238307519 0.8466666666666667 [0.39878864718596957, 0.7855923677504054, 0.48342424216547375, 0.025528076231484672] [0.44787801948069716, 0.06107429891626109, 0.3632424245011932, 0.8211385904351822]
8800 -1.321943258292925 0.5924853419000115 0.9066666666666666 [0.41617350059844677, 0.48944870961377923, 0.8717798009398015, 0.03593132218130637] [0.49049316606822, 0.4172179570528875, 0.034886865726865515, 0.8707353444853597]
8900 -1.1882508250953228 0.5134069415850014 0.88 [0.6750719926460987, 0.6366461573909937, 0.4084218841761352, 0.039859965786772866] [0.20492800735390196, 0.24335384260900583, 0.47157811582386394, 0.8401400342132277]
9000 -1.260723161462287 0.6364788256326823 0.88 [0.7631501094740277, 0.7213831429365808, 0.11644800722437205, 0.15901874036502003] [0.11684989052597276, 0.15861685706341921, 0.7635519927756281, 0.7209812596349802]
9100 -1.3437194149000449 0.6751040718040685 0.92 [0.5540505096242156, 0.55454622485916, 0.15893707469525944, 0.5724661908213659] [0.3659494903757845, 0.36545377514083993, 0.7610629253047405, 0.34753380917863497]
9200 -0.9871666578927172 0.5120285113390202 0.84 [0.4374902847938579, 0.07616872983028612, 0.401593654690421, 0.7647473306854351] [0.40250971520614187, 0.763831270169714, 0.4384063453095792, 0.075252669314565]
9300 -1.354248290264821 0.7553373860168883 0.9533333333333334 [0.8032319184276264, 0.26017307354948876, 0.23494330843951897, 0.6083183662500318] [0.15010141490570628, 0.6931602597838445, 0.7183900248938142, 0.34501496708330154]
9400 -1.773078067803308 0.8078320627426399 0.9733333333333334 [0.21440607268246828, 0.7574474573428254, 0.8327991797636061, 0.1420139568777673] [0.7589272606508648, 0.2158858759905083, 0.14053415356972723, 0.8313193764555659]
9500 -1.5362131598579891 0.7862672597116603 0.9733333333333334 [0.30380437389158244, 0.6707514296235317, 0.7547720995048862, 0.21733876364666546] [0.669528959441751, 0.30258190370980076, 0.21856123382844708, 0.7559945696866683]
9600 -1.3341251667928549 0.6402755830272844 0.9733333333333334 [0.9383750317506431, 0.0346119634646655, 0.8680556411366763, 0.10562403031468184] [0.034958301582690345, 0.9387213698686683, 0.10527769219665699, 0.8677093030186515]
9700 -1.8737790839127828 0.9203907755018069 0.9333333333333333 [0.37679471677538545, 0.5642937227871017, 0.7926462996803575, 0.132931927423822] [0.5565386165579478, 0.3690396105462317, 0.14068703365297563, 0.8004014059095116]
9800 -1.7005740089798118 0.7927239204723171 0.9466666666666667 [0.41930179286248465, 0.5958671951392266, 0.4339224075361623, 0.444241937795459] [0.5273648738041821, 0.35079947152744, 0.512744259130504, 0.5024247288712079]
9900 -1.560239343971381 0.6747245844510715 0.92 [0.3184331419171213, 0.20650576360488826, 0.5402219994646429, 0.774839095013347] [0.6015668580828795, 0.7134942363951108, 0.3797780005353551, 0.1451609049866552]
10000 -1.2315286154151255 0.5923913907727095 0.8733333333333333 [0.2705582324461883, 0.4708810857808519, 0.649528060689727, 0.3556992877498995] [0.602775100887145, 0.4024522475524812, 0.22380527264360636, 0.5176340455834337]
10100 -1.712722794004793 0.9013621731038834 0.9333333333333333 [0.2921882036147106, 0.6421559358736976, 0.779987399122779, 0.15233512805548008] [0.6411451297186228, 0.291177397459636, 0.15334593421055412, 0.7809982052778537]
10200 -1.5131798929827462 0.7333627517148451 0.9133333333333333 [0.6887425488605741, 0.5920153260660789, 0.24901858176091413, 0.29689020997909926] [0.22459078447275882, 0.3213180072672539, 0.6643147515724194, 0.6164431233542346]
10300 -1.4452764638073627 0.6306882238397478 0.9533333333333334 [0.00783170803652905, 0.9456493531117522, 0.5983639175387678, 0.35482168797961816] [0.9455016252968039, 0.0076839802215815135, 0.35496941579456553, 0.5985116453537151]
10400 -1.4330540813684325 0.7194233160024943 0.9133333333333333 [0.2770275078357029, 0.8683793037410705, 0.474837395470598, 0.2064224596192955] [0.6363058254976302, 0.04495402959226295, 0.43849593786273533, 0.7069108737140379]
10500 -1.3727162543015663 0.7273974238827755 0.96 [0.3158886714985544, 0.6478698658215091, 0.07944568066633272, 0.876795782013604] [0.644111328501445, 0.31213013417849145, 0.8805543193336672, 0.08320421798639606]
10600 -1.667714399948629 0.9271383533903249 0.9466666666666667 [0.05139428110333921, 0.9018614044125683, 0.8107537888964148, 0.1293238589210117] [0.8952723855633271, 0.044805262254098886, 0.13591287777025182, 0.8173428077456549]
10700 -1.1959802129865855 0.6544776798239561 0.9733333333333334 [0.6213822870913642, 0.3529629743598105, 0.9196155753457422, 0.05270582986974864] [0.3519510462419684, 0.620370358973523, 0.05371775798759071, 0.9206275034635848]
10800 -1.5506943981860906 0.7832704434062918 1.0 [0.8737791706902843, 0.12549252278971007, 0.9244845378226618, 0.0762437686973432] [0.12622082930971526, 0.87450747721029, 0.07551546217733798, 0.9237562313026566]
10900 -1.2908593082720963 0.6100083134748734 0.8933333333333333 [0.5033384958044046, 0.7053378393615842, 0.4233190575262411, 0.15467127397443672] [0.38999483752892855, 0.18799549397174928, 0.4700142758070925, 0.7386620593588966]
11000 -1.2666978858775861 0.6380184510191498 0.8933333333333333 [0.7153275296339479, 0.1539981229274898, 0.1795481531615308, 0.7377928609436981] [0.17800580369938526, 0.7393352104058436, 0.713785180171803, 0.1555404723896354]
11100 -1.9673681229518498 0.8610883496991725 0.92 [0.338585560391494, 0.593337000232976, 0.7775948379922412, 0.13048260138328843] [0.5814144396085064, 0.3266629997670237, 0.1424051620077586, 0.7895173986167118]
11200 -1.1617127934369307 0.5300371508249624 0.8666666666666667 [0.5195171981821803, 0.009113613267946866, 0.5735346945285583, 0.6311678273546477] [0.3471494684844863, 0.8575530533987203, 0.29313197213810804, 0.23549883931201918]
11300 -1.544917542721311 0.7102858378199554 0.96 [0.6252774095847361, 0.29705670241295984, 0.9450849285224792, 0.05258095947982487] [0.33472259041526337, 0.6629432975870395, 0.01491507147752106, 0.9074190405201744]
11400 -1.1574839718874306 0.5929713569089032 0.9466666666666667 [0.933605951478538, 0.011478992968432295, 0.3979154190480205, 0.5503329698383427] [0.013060715188128664, 0.9351876736982342, 0.5487512476186462, 0.3963336968283244]
11500 -1.4342762612559952 0.7735303575019465 0.9466666666666667 [0.4800404305845356, 0.34160408779935086, 0.23783224486535753, 0.8338565700840891] [0.46662623608213116, 0.6050625788673158, 0.7088344218013098, 0.11281009658257724]
11600 -1.857721828080172 0.9325649861974368 0.9733333333333334 [0.3409006564171866, 0.7117569585086473, 0.6303008574451037, 0.2637081942957288] [0.6324326769161467, 0.2615763748246857, 0.34303247588822916, 0.7096251390376049]
11700 -1.6017978766035663 0.7481787166643344 0.92 [0.5751329889427406, 0.47027466472771995, 0.40861676358409543, 0.38597558274544447] [0.3448670110572597, 0.4497253352722799, 0.511383236415905, 0.5340244172545554]
11800 -1.6067965403897095 0.8563590820623098 0.94 [0.8237119025919046, 0.1574834499210713, 0.2878478153826292, 0.6109568321043948] [0.1162880974080952, 0.7825165500789288, 0.6521521846173715, 0.32904316789560567]
11900 -1.2932044465562944 0.65354071443206 0.94 [0.1459949381315565, 0.8296073495295142, 0.2230700393333196, 0.681327673005609] [0.7940050618684431, 0.11039265047048583, 0.7169299606666799, 0.2586723269943904]
12000 -1.1758115028731773 0.669659212794931 0.8866666666666667 [0.4426457656124888, 0.8740710142548308, 0.44514306880699306, 0.011473484659020972] [0.44402090105417785, 0.012595652411836071, 0.44152359785967377, 0.8751931820076457]
12100 -1.4334389975660926 0.8108688273959278 0.9266666666666666 [0.2879605886189355, 0.6411170735642603, 0.8710754334234055, 0.05318023772673316] [0.6387060780477313, 0.285549593102407, 0.055591233243261456, 0.8734864289399339]
12200 -1.6275329182877354 0.9037829831360917 0.9333333333333333 [0.5312429096119804, 0.7104379034634412, 0.5600049212621756, 0.06498093232906936] [0.4020904237213527, 0.22289542986989205, 0.37332841207115736, 0.8683524010042638]
12300 -2.031519200063504 1.0217173715246297 0.9866666666666667 [0.07424174106464003, 0.8466460559048717, 0.9592839418237061, 0.09316159454011491] [0.912424925602026, 0.14002061076179387, 0.02738272484296092, 0.8935050721265518]
12400 -1.4652833468328579 0.6696806153242052 0.92 [0.3951892298838057, 0.6078227280651134, 0.30020976451421044, 0.5367782775368698] [0.5248107701161939, 0.31217727193488626, 0.6197902354857888, 0.3832217224631306]
12500 -1.0457637541314535 0.525572416804863 0.9466666666666667 [0.12226983993216484, 0.8170617485212995, 0.09742425426005717, 0.8565774906198119] [0.8243968267345015, 0.12960491814536731, 0.8492424124066091, 0.09008917604685478]
12600 -1.236649955133855 0.6140935253786372 0.9266666666666666 [0.1672150530495675, 0.9140593557932372, 0.4693738157224309, 0.30268510876809684] [0.7594516136170995, 0.012607310873429, 0.4572928509442353, 0.6239815578985697]
12700 -1.0663540994637533 0.5180909956574953 0.86 [0.5566452952718461, 0.6656025208481074, 0.3024888131507953, 0.19526337072925107] [0.3033547047281539, 0.1943974791518923, 0.5575111868492049, 0.6647366292707491]
12800 -0.6014612334244546 0.30744113488409786 0.82 [0.8057572331917164, 0.814933617051967, 0.014170941694384901, 0.005138208061931748] [0.014242766808284065, 0.005066382948032556, 0.8058290583056152, 0.8148617919380683]
12900 -1.4681773459830036 0.7648358318580526 0.9533333333333334 [0.5387912924705919, 0.5681517234826463, 0.019965356458035884, 0.7797582942553923] [0.4145420408627417, 0.38518160985068683, 0.9333679768752968, 0.17357503907794064]
13000 -1.042819072941869 0.3910358125626382 0.9733333333333334 [0.0765957715607084, 0.8748866992874663, 0.18285634785125185, 0.81232784796724] [0.8967375617726244, 0.09844663404586682, 0.7904769854820815, 0.16100548536609358]
13100 -1.1651912304825294 0.6331767153275154 0.96 [0.831363980741121, 0.17451747361478342, 0.5174587462411848, 0.3966597994029107] [0.12863601925887883, 0.785482526385216, 0.4425412537588152, 0.5633402005970896]
13200 -1.8856391253528406 0.8821401827748806 0.9066666666666666 [0.7270467357688212, 0.21572597185230066, 0.39996695335847854, 0.4705936723537329] [0.1796199308978452, 0.6909406948143663, 0.5066997133081883, 0.4360729943129338]
13300 -1.6278147401561176 0.87570701344253 0.9333333333333333 [0.6221580304414692, 0.301996658869017, 0.37796031164045263, 0.5645516657157279] [0.31117530289186396, 0.6313366744643166, 0.5553730216928798, 0.36878166761760567]
13400 -1.5618101169791319 0.7032331834477342 0.9733333333333334 [0.2892255574997673, 0.6873426182931359, 0.6805264859779304, 0.2895720048958331] [0.684107775833566, 0.2859907150401977, 0.2928068473554027, 0.6837613284375004]
13500 -1.8884705767167862 0.9497776469712801 0.94 [0.4402381344085355, 0.3119054718172031, 0.3977767701693088, 0.7300796236049528] [0.4997618655914646, 0.6280945281827964, 0.5422232298306912, 0.20992037639504738]
13600 -2.0703980871943606 1.0779018076884417 0.94 [0.11711274865961127, 0.7390288030853842, 0.8469526565851795, 0.17690579166982492] [0.8228872513403889, 0.20097119691461549, 0.09304734341482031, 0.7630942083301756]
13700 -1.5279376629284827 0.8632885983428255 0.96 [0.19822855596066596, 0.7661924718857427, 0.9403337638530082, 0.015245208300583414] [0.7617714440393342, 0.1938075281142576, 0.019666236146991548, 0.9447547916994171]
13800 -0.9653518904357143 0.45867793543068613 0.9733333333333334 [0.2446902144019923, 0.7270047315127074, 0.502092817457912, 0.4728789032940546] [0.7286431189313406, 0.24632860182062563, 0.4712405158754212, 0.5004544300392789]
13900 -1.4287789546261038 0.7861974713135473 0.96 [0.0683172418324256, 0.9381966539283276, 0.8957120773917042, 0.017774026847541938] [0.8916827581675748, 0.021803346071672534, 0.06428792260829488, 0.9422259731524586]
14000 -1.6395986315056637 0.9017307337652635 0.9866666666666667 [0.039724376017895954, 0.917976780166566, 0.5874271783656494, 0.42820499878322266] [0.9469422906487709, 0.06868988650010124, 0.39923948830101746, 0.558461667883444]
14100 -1.3904565882275401 0.7184525165155529 0.8866666666666667 [0.0172579063820602, 0.858305304445308, 0.7788487242509622, 0.11892139825500231] [0.8694087602846061, 0.028361362221358218, 0.10781794241570414, 0.7677452684116646]
14200 -1.3952783103557416 0.7163474040633188 0.9 [0.038858990774274266, 0.7482988602303396, 0.8803770269821013, 0.13246512201328497] [0.8611410092257252, 0.15170113976966018, 0.01962297301789889, 0.7675348779867154]
14300 -1.2369272586867912 0.5589015479934902 0.9466666666666667 [0.013949879923201, 0.9342372167481234, 0.5031048252996375, 0.4420414113623719] [0.9327167867434664, 0.012429449918543466, 0.4435618413670296, 0.504625255304295]
14400 -1.5313490756574524 0.7456705450552421 0.9866666666666667 [0.43823886989323513, 0.5487079730337668, 0.8126561168807453, 0.17373037352558607] [0.5484277967734316, 0.43795869363289996, 0.1740105497859212, 0.8129362931410806]
14500 -1.3741851581309759 0.6756858148276486 0.9466666666666667 [0.22091898187537568, 0.7158109951292007, 0.07882385233140367, 0.8777795039973529] [0.7257476847912907, 0.23085567153746614, 0.867842814335263, 0.06888716266931327]
14600 -1.3802667665419848 0.7288258341754231 0.9 [0.645410541426037, 0.25032054515865393, 0.7142935346773763, 0.18997537873793277] [0.25458945857396315, 0.6496794548413459, 0.1857064653226237, 0.7100246212620679]
14700 -1.6248174209058976 0.7683659394638348 0.8533333333333334 [0.4645449857917494, 0.7624679548827543, 0.41283356440066493, 0.06682016159149838] [0.388788347541584, 0.09086537845057892, 0.4404997689326685, 0.7865131717418352]
14800 -1.4423424566652778 0.6566239238543655 0.9333333333333333 [0.20461863335614874, 0.7600075795151834, 0.8292715383754549, 0.07276891541988005] [0.7287146999771847, 0.1733257538181499, 0.10406179495787872, 0.8605644179134528]
14900 -1.6390474319702741 0.8149327439000941 0.9266666666666666 [0.03965701102875451, 0.9070406546947201, 0.7281506107033777, 0.17848505690648034] [0.8870096556379118, 0.01962601197194625, 0.1985160559632884, 0.7481816097601863]
15000 -1.2464760804225476 0.6062561127353314 0.96 [0.013067491711779221, 0.9463594571363914, 0.9448115981604243, 0.015761452991404926] [0.9469325082882212, 0.013640542863608347, 0.015188401839575736, 0.9442385470085956]
15100 -1.6763167216794592 0.8039778997313899 0.9266666666666666 [0.19368965766333163, 0.8419280089210908, 0.6382385291381572, 0.1794771376107525] [0.7329770090033344, 0.08473865774557533, 0.28842813752850893, 0.7471895290559151]
15200 -1.1703559068102314 0.48501645562527274 0.7733333333333333 [0.11124849351344675, 0.2679694930595322, 0.6631626852985589, 0.5042859947951286] [0.6620848398198869, 0.5053638402738013, 0.11017064803477426, 0.26904733853820473]
15300 -1.5158282426949887 0.7858863405742834 0.9666666666666667 [0.4024894288899798, 0.5554274321730077, 0.48569023145794793, 0.4897262408123981] [0.5641772377766869, 0.4112392344936591, 0.48097643520871836, 0.4769404258542691]
15400 -1.3043288493766954 0.5904642385819426 0.9466666666666667 [0.15223747396078538, 0.7946970816242946, 0.36108502478025883, 0.5853137529679944] [0.7944291927058812, 0.1519695850423719, 0.585581641886407, 0.3613529136986728]
15500 -1.3958118357515297 0.6734266036006034 0.9866666666666667 [0.009046764261534307, 0.9762192575362955, 0.4408078191905824, 0.5472594923449217] [0.9776199024051323, 0.010447409130371423, 0.5458588474760842, 0.43940717432174525]
15600 -1.669113841336021 0.8863038845571732 0.9333333333333333 [0.5210258927960129, 0.3790155693913977, 0.7960486643414624, 0.17057654013779347] [0.41230744053732055, 0.554317763941936, 0.13728466899187028, 0.7627567931955399]
15700 -1.43096563494533 0.7204821441831448 0.9333333333333333 [0.4740792757490407, 0.3957187883358622, 0.7402947510876983, 0.25657385149406586] [0.45925405758429294, 0.5376145449974709, 0.19303858224563533, 0.676759481839268]
15800 -2.1649673759205816 1.0296571682733529 0.9333333333333333 [0.39447468039119976, 0.5313858778446143, 0.21327390389959888, 0.7275322045312528] [0.5388586529421335, 0.4019474554887186, 0.7200594294337347, 0.20580112880207993]
15900 -1.5416483160720835 0.6666829471906136 0.92 [0.23283132550769353, 0.6450491871605908, 0.4501337601166788, 0.5119857272150371] [0.6871686744923066, 0.27495081283940936, 0.4698662398833221, 0.4080142727849626]
16000 -1.8537800588179179 0.9468907969472612 0.9266666666666666 [0.07310078353904562, 0.8034228758850929, 0.8360579769075049, 0.14075169700168944] [0.8535658831276218, 0.12324379078157371, 0.09060868975916124, 0.7859149696649768]
16100 -2.1227677899707595 1.0785408336734064 0.9 [0.2932497012302957, 0.7804834662231801, 0.5646895910082912, 0.1615772415382332] [0.6067502987697042, 0.11951653377682064, 0.33531040899170816, 0.7384227584617664]
16200 -1.7911194220371716 0.8497584496457965 0.88 [0.13736089880221417, 0.7349817087141567, 0.41897056958014234, 0.46868682290348684] [0.7426391011977859, 0.14501829128584304, 0.46102943041985733, 0.41131317709651316]
16300 -1.6187706128147172 0.9001560248884392 0.92 [0.06009459667357588, 0.9015522299660617, 0.8327528099368224, 0.04560036342353967] [0.8599054033264243, 0.01844777003393828, 0.0872471900631771, 0.8743996365764601]
16400 -1.9197381359514671 0.9124177117090831 0.94 [0.2954079973820984, 0.8356418802080835, 0.7299067573060938, 0.01904336510372506] [0.6445920026179017, 0.10435811979191663, 0.21009324269390658, 0.920956634896275]
16500 -1.7604207955439344 0.7963316300304399 0.9 [0.2615134391192286, 0.6054438125639304, 0.704844673131426, 0.22819807518541496] [0.6384865608807713, 0.2945561874360689, 0.19515532686857404, 0.6718019248145857]
16600 -1.6000409963035378 0.7827739438145143 0.8933333333333333 [0.11070439756931486, 0.8155655337531618, 0.8230853194017307, 0.0373114159424593] [0.7826289357640186, 0.07776779958017181, 0.0702480139316022, 0.8560219173908742]
16700 -1.990578115388063 1.0416427883740076 0.9466666666666667 [0.4173678053130739, 0.6359879688122567, 0.5871096248913155, 0.25286793431668675] [0.529298861353593, 0.31067869785440977, 0.35955704177535075, 0.6937987323499804]
16800 -1.6735586861074658 0.8139430454875288 0.86 [0.17226162207407714, 0.8231629562553485, 0.6860558763623033, 0.038519545308270314] [0.6877383779259231, 0.03683704374465098, 0.17394412363769643, 0.8214804546917295]
16900 -2.0658261659799178 0.9881661863812584 0.9266666666666666 [0.18432987740661322, 0.797358122690866, 0.857510567055081, 0.014134766180773214] [0.7423367892600534, 0.1293085439758002, 0.06915609961158596, 0.9125319004858935]
17000 -1.7777519803879849 0.9277520674644415 0.8733333333333333 [0.533344854191954, 0.5296227883027541, 0.3395074183262293, 0.34419160584572867] [0.33998847914137953, 0.3437105450305785, 0.533825915007104, 0.5291417274876046]
17100 -1.4794457337630913 0.7901818880706817 0.8733333333333333 [0.17327827864903775, 0.5452773429432065, 0.543712628713342, 0.4843984163610798] [0.700055054684295, 0.3280559903901263, 0.3296207046199907, 0.38893491697225385]
17200 -1.4464209682845683 0.7606937698916263 0.92 [0.024460621205106305, 0.7943334531393521, 0.6570281741511996, 0.36417775150434184] [0.8955393787948935, 0.12566654686064774, 0.2629718258488003, 0.555822248495658]
17300 -1.055365566700543 0.5554297851176753 0.9466666666666667 [0.7632252474194533, 0.18128962689590974, 0.8040369474224025, 0.14478151159556782] [0.18344141924721352, 0.765377039770757, 0.14262971924426415, 0.8018851550710994]
17400 -1.3390941419090736 0.7078137904175762 0.9333333333333333 [0.40441735322414557, 0.3575842626021083, 0.29315829081154154, 0.8115067600288719] [0.5289159801091886, 0.5757490707312255, 0.640175042521792, 0.12182657330446157]
17500 -1.5420542173046319 0.7795107543302875 0.8933333333333333 [0.876180407109669, 0.018956003288110975, 0.03011082740905883, 0.8614194288598278] [0.017152926223664457, 0.8743773300452221, 0.8632225059242743, 0.03191390447350551]
17600 -1.2162475484886202 0.6680916087436138 0.94 [0.6026457519527925, 0.26816980566786486, 0.08440380624281611, 0.9247806361365266] [0.33735424804720715, 0.6718301943321351, 0.8555961937571843, 0.015219363863473945]
17700 -1.3990332167627397 0.6356537488203603 0.8466666666666667 [0.6272126918890261, 0.46745146882992816, 0.10143944875222584, 0.4972297238621536] [0.21945397477764123, 0.3792151978367388, 0.7452272179144407, 0.349436942804513]
17800 -1.3266645527911378 0.6347457662410211 0.9733333333333334 [0.4560022048424541, 0.39902468911726396, 0.23495976655078768, 0.8566800061561615] [0.5173311284908795, 0.5743086442160696, 0.7383735667825452, 0.1166533271771722]
17900 -1.3505797743011667 0.6775041351542751 0.8666666666666667 [0.012668284166061734, 0.7337410049258082, 0.8472811132782351, 0.13964293096322872] [0.8539983825006051, 0.13292566174085862, 0.019385553388431863, 0.727023735703438]
18000 -1.4536399526025445 0.7833848505798207 0.96 [0.4740215636650867, 0.4600402929034168, 0.5691124992965733, 0.41682564413492323] [0.4859784363349136, 0.49995970709658366, 0.39088750070342637, 0.5431743558650765]
18100 -1.0719413165625455 0.5445091596709825 0.8666666666666667 [0.7919350908271703, 0.40407781099735374, 0.06889905299142454, 0.46842137851738536] [0.07473157583949659, 0.46258885566931296, 0.7977676136752423, 0.39824528814928134]
18200 -1.2790309913556561 0.6719508973718785 0.84 [0.41381291727599295, 0.6525570209702583, 0.42269966730248165, 0.19093039445126708] [0.42618708272400696, 0.18744297902974133, 0.4173003326975185, 0.6490696055487329]
18300 -1.645122496057845 0.8327899625469503 0.8933333333333333 [0.28088369091604176, 0.8785494657006186, 0.5544395453598735, 0.07279396469013327] [0.6124496424172915, 0.014783867632714923, 0.33889378797345987, 0.8205393686431998]
18400 -1.5154422220905437 0.8145272757070965 0.8733333333333333 [0.431122202559973, 0.6268666632420113, 0.5293071956809196, 0.1593706051837626] [0.4422111307733602, 0.24646667009132184, 0.34402613765241363, 0.713962728149571]
18500 -1.3915755892382513 0.7264208716902131 0.9266666666666666 [0.39959525224614834, 0.5119879229092771, 0.9114006302734218, 0.03034952790448747] [0.5270714144205189, 0.4146787437573898, 0.015266036393245435, 0.8963171387621797]
18600 -1.3585746730076627 0.6119072873892374 0.9733333333333334 [0.1886629283300729, 0.7111956827190692, 0.4149748926802646, 0.6318331629372592] [0.78467040500326, 0.2621376506142635, 0.5583584406530685, 0.34150017039607383]
18700 -1.5038666776921592 0.7913683921606107 0.8733333333333333 [0.22269563436853473, 0.6661321145287161, 0.8085953750748492, 0.04924354269456624] [0.6506376989647984, 0.2072012188046173, 0.06473795825848351, 0.8240897906387675]
18800 -1.0951405498286992 0.5838409345753561 0.86 [0.49613842610674425, 0.8451976727916576, 0.3608084117022969, 0.017855489399301455] [0.36386157389325585, 0.01480232720834252, 0.4991915882977028, 0.8421445106006986]
18900 -1.6716361281145715 0.8155717712102545 0.9 [0.03279692871867216, 0.7602201450828704, 0.8878491126154252, 0.11913381358303327] [0.8672030712813282, 0.1397798549171298, 0.012150887384575499, 0.7808661864169669]
19000 -1.2161053954750665 0.654031532085181 0.94 [0.037093338681051025, 0.9014774956346691, 0.4448955253401557, 0.4965336403441239] [0.9029066613189487, 0.03852250436533086, 0.49510447465984414, 0.4434663596558765]
19100 -1.3103590535161622 0.6894440722317162 0.9466666666666667 [0.09942424417574207, 0.863171308261926, 0.5348365784876717, 0.39590120240799287] [0.8472424224909249, 0.08349535840474041, 0.4118300881789944, 0.5507654642586738]
19200 -1.1619306112029226 0.6737835032583589 0.9466666666666667 [0.8442206798744046, 0.10191854003403629, 0.865301318953291, 0.08189279447160155] [0.102445986792262, 0.8447481266326305, 0.08136534771337582, 0.8647738721950653]
19300 -1.6755160646989486 0.8197838113926846 0.9066666666666666 [0.03789448795199468, 0.676068444660015, 0.8725285759770128, 0.22684182474431064] [0.8687721787146723, 0.23059822200665173, 0.034138090689653525, 0.679824841922356]
19400 -1.5060002264190984 0.8271250386826411 0.88 [0.15661506522801316, 0.8615357884665339, 0.7218395846775705, 0.020009561627882276] [0.7233849347719871, 0.018464211533466408, 0.15816041532242886, 0.8599904383721181]
19500 -1.393281202353967 0.7124124834738007 0.92 [0.07152299081517204, 0.8675337152567996, 0.8774531766643286, 0.023490117263699473] [0.8484770091848284, 0.05246628474319993, 0.04254682333567155, 0.8965098827363003]
19600 -1.7503913674522424 0.8379176381294742 0.9 [0.18525917431570701, 0.57014139552676, 0.8105251707120978, 0.2340742594454354] [0.7147408256842929, 0.3298586044732399, 0.08947482928790265, 0.6659257405545647]
19700 -1.659523049533818 0.8580034910084862 0.94 [0.015340141136332131, 0.9245714444940395, 0.6915492559105999, 0.2485391584590282] [0.9246598588636684, 0.01542855550595989, 0.24845074408939988, 0.6914608415409725]
19800 -1.5693916953801241 0.7731743466701905 0.9066666666666666 [0.4038736229843916, 0.23538818573371703, 0.5039367859004756, 0.6701347387147488] [0.5027930436822751, 0.6712784809329494, 0.402729880766191, 0.2365319279519178]
19900 -1.4253933842606639 0.7255538022245795 0.9466666666666667 [0.5148271146252081, 0.5122526311478356, 0.4109893131844587, 0.45526427437583106] [0.43183955204145824, 0.4344140355188308, 0.535677353482208, 0.4914023922908357]
20000 -1.5145991701319914 0.7097827151771048 0.9733333333333334 [0.486651803538117, 0.5135358140837812, 0.12010514338451007, 0.8263739056602583] [0.48668152979521645, 0.45979751924955203, 0.8532281899488234, 0.14695942767307557]
20100 -1.472411296512376 0.6443488925945092 0.94 [0.6020626844751212, 0.29162243901148677, 0.7363135596706422, 0.2500013168427503] [0.33793731552487843, 0.6483775609885128, 0.20368644032935837, 0.6899986831572501]
20200 -1.62504011577067 0.8362068071456151 0.9133333333333333 [0.2582310518737107, 0.606030683889656, 0.8501429141584121, 0.11226201674488809] [0.6551022814596228, 0.30730264944367736, 0.0631904191749212, 0.8010713165884452]
20300 -1.7268016083768722 0.8142509265533937 0.96 [0.8827298836918235, 0.07817219811834844, 0.5463732732457826, 0.4127246449440455] [0.07727011630817661, 0.8818278018816522, 0.4136267267542167, 0.5472753550559546]
20400 -1.241847657989634 0.6902265972353525 0.8666666666666667 [0.05241603363617397, 0.833182141580878, 0.5401995102376633, 0.30753564787861787] [0.8142506330304917, 0.03348452508578861, 0.32646715642900326, 0.5591310187880487]
20500 -1.296212240635463 0.6647487503599578 0.8933333333333333 [0.5460021174416988, 0.35862537456203436, 0.3661772288998049, 0.5158619457631284] [0.347331215891634, 0.5347079587712993, 0.5271561044335286, 0.37747138757020504]
20600 -1.4136382476124254 0.7417388105179906 0.9866666666666667 [0.23331267611059553, 0.726617237210121, 0.7599238061625706, 0.25347961385004697] [0.7533539905560712, 0.2600494294565457, 0.22674286050409595, 0.7331870528166202]
20700 -1.2126267939483821 0.5968470960568881 0.9 [0.362501313305403, 0.8786118059822349, 0.5369734712225104, 0.021913409489851886] [0.5374986866945971, 0.021388194017764896, 0.36302652877749003, 0.8780865905101486]
20800 -1.884459714888269 0.8911796812734656 0.94 [0.15139170102581012, 0.844217302597782, 0.8576208040909987, 0.026770192285409642] [0.7886082989741902, 0.09578269740221812, 0.08237919590900135, 0.913229807714591]
20900 -1.2884514927732145 0.7313248806509818 0.92 [0.01898789220919581, 0.9032071396566295, 0.6789306020336753, 0.23887436610049964] [0.901012107790805, 0.016792860343370276, 0.24106939796632493, 0.6811256338995012]
21000 -1.2602234761634177 0.700434420953757 1.0 [0.5729108748147171, 0.4265315948267353, 0.8080649087730986, 0.1924926215854489] [0.4270891251852829, 0.5734684051732651, 0.1919350912269012, 0.8075073784145511]
21100 -1.5030110947222781 0.8131487821237294 0.94 [0.2352125384427786, 0.7079927686992591, 0.8070525907104117, 0.12974210214755122] [0.7047874615572218, 0.2320072313007408, 0.13294740928958854, 0.810257897852449]
21200 -1.507967288474185 0.8270627304656327 0.9266666666666666 [0.5010743552789918, 0.4262775464048027, 0.9191052951622476, 0.006876136487291008] [0.4255923113876747, 0.5003891202618638, 0.00756137150441906, 0.919790530179375]
21300 -1.8791772649802745 1.0314125273902377 0.9666666666666667 [0.35165598191612485, 0.644525369554935, 0.4955465249540369, 0.44160545690823655] [0.615010684750542, 0.32214129711173195, 0.4711201417126293, 0.5250612097584304]
21400 -1.5674472361205745 0.7148440557029613 0.9 [0.3393979304848792, 0.6922027673325887, 0.5330297722225477, 0.23536952995998456] [0.5606020695151207, 0.20779723266741107, 0.36697022777745236, 0.6646304700400155]
21500 -1.374727407890688 0.6620838715461722 0.8666666666666667 [0.6713470824012782, 0.013062034035100367, 0.21447715403230438, 0.8344470628646516] [0.1953195842653888, 0.8536046326315659, 0.6521895126343619, 0.03221960380201593]
21600 -1.8038331174128586 0.8947218684907638 0.8666666666666667 [0.5305688498225672, 0.16362091610420557, 0.6575229982828985, 0.38162056912366205] [0.33609781684409906, 0.7030457505624613, 0.20914366838376855, 0.48504609754300476]
21700 -1.6834903213132992 0.8769115588456932 0.9066666666666666 [0.58404802015101, 0.371577287323696, 0.33756747214425364, 0.5201405537143735] [0.3226186465156561, 0.5350893793429704, 0.5690991945224131, 0.38652611295229367]
21800 -1.3142186593320049 0.6754912488938537 0.9333333333333333 [0.09484471493717594, 0.8421794332022844, 0.893152932955791, 0.03648958557141514] [0.8384886183961572, 0.09115390013104849, 0.04018040037754245, 0.8968437477619183]
21900 -1.2860207079543882 0.649437449251476 0.9266666666666666 [0.5145872208796304, 0.3036130484826508, 0.8964598316067598, 0.13867323236429274] [0.4120794457870362, 0.6230536181840163, 0.03020683505990737, 0.7879934343023743]
22000 -2.012896225287389 0.9449499305717224 0.9266666666666666 [0.3326403818461038, 0.5005863876702129, 0.6995949062689112, 0.32051165754810496] [0.5940262848205697, 0.4260802789964534, 0.22707176039774812, 0.6061550091185619]
22100 -1.3399752985050966 0.6207773008085352 0.9866666666666667 [0.7205508884702984, 0.2646193540618266, 0.7835945895889658, 0.20456850121224285] [0.2661157781963681, 0.7220473126048397, 0.203072077077701, 0.7820981654544241]
22200 -2.341376166174334 1.1452588494873088 0.9066666666666666 [0.38976659857086154, 0.5308787255005835, 0.4983716854121069, 0.3943163238497814] [0.5169000680958049, 0.3757879411660834, 0.4082949812545592, 0.5123503428168859]
22300 -1.6668371256400651 0.8139412604769212 0.94 [0.8116607254126427, 0.16463475186291546, 0.4881118752077546, 0.4155926475166877] [0.12833927458735747, 0.7753652481370846, 0.45188812479224527, 0.5244073524833126]
22400 -1.5944960761484932 0.784108464155702 0.9 [0.47015030398437624, 0.5833714118813759, 0.13809013918488575, 0.6083881449493628] [0.4298496960156247, 0.31662858811862366, 0.761909860815114, 0.2916118550506372]
22500 -1.7546720381056014 0.8870254351411667 0.9333333333333333 [0.6376317900570567, 0.2568673486768536, 0.1741838640804709, 0.7979836638522853] [0.2957015432762765, 0.6764659846564797, 0.7591494692528619, 0.13534966948104793]
22600 -1.0907873771348997 0.5479533971874393 0.9733333333333334 [0.3886376246053509, 0.5309089690809563, 0.5861593773624505, 0.44096069561790985] [0.584695708727982, 0.44242436425237713, 0.3871739559708827, 0.5323726377154243]
22700 -1.3421579985591388 0.6958580834420842 0.92 [0.06620032680756725, 0.8567895359139744, 0.6854017728103086, 0.23160836446814964] [0.8537996731924329, 0.06321046408602594, 0.23459822718969078, 0.6883916355318502]
22800 -1.9201461273926983 0.9436857693577335 0.9133333333333333 [0.4856558983526497, 0.21823470678614973, 0.2563180361354892, 0.866458025392378] [0.4276774349806836, 0.6950986265471829, 0.657015297197844, 0.046875307940955506]
22900 -1.3222546082015454 0.6852445933405563 0.9133333333333333 [0.1763675802213476, 0.7589885722048738, 0.7405683203669474, 0.150742193873498] [0.7369657531119863, 0.1543447611284593, 0.17276501296638577, 0.7625911394598357]
23000 -1.677823501749449 0.8349992011265408 0.9 [0.18568393562529623, 0.6586379464849877, 0.7115713990964349, 0.24410671879328164] [0.7143160643747036, 0.2413620535150126, 0.18842860090356509, 0.6558932812067186]
23100 -1.6478808983422852 0.8351028267514287 0.9 [0.6230903060789137, 0.607950398742212, 0.2855784494656781, 0.28338084571319627] [0.2769096939210863, 0.2920496012577881, 0.6144215505343215, 0.6166191542868042]
23200 -1.7250999537809373 0.816771971127915 0.96 [0.8392965106148516, 0.12607272460496396, 0.46287890115888036, 0.4917518636213044] [0.12070348938514838, 0.8339272753950357, 0.49712109884111927, 0.46824813637869594]
23300 -1.7696011171997972 0.8796843250828129 0.92 [0.2700657225349446, 0.6399415131040422, 0.5957441682168888, 0.334248596144125] [0.6499342774650558, 0.2800584868959579, 0.32425583178311107, 0.585751403855875]
23400 -1.6147374180942031 0.8210271679422588 0.92 [0.1161720548844347, 0.9011396119446556, 0.8070252205148375, 0.015663112656071676] [0.8038279451155655, 0.018860388055343808, 0.11297477948516244, 0.9043368873439285]
23500 -1.451174713252173 0.7496887209614828 0.9333333333333333 [0.1223885610603885, 0.9186603249145945, 0.8090875198793891, 0.016530260812295007] [0.8109447722729454, 0.014673008418739746, 0.1242458134539433, 0.9168030725210383]
23600 -1.4881069353766743 0.682630015808675 0.88 [0.49808975225551705, 0.6200696675659678, 0.3999326696679722, 0.2419079105105432] [0.38191024774448307, 0.25993033243403196, 0.48006733033202775, 0.6380920894894568]
23700 -1.9835564793438918 1.0116666514378705 0.8933333333333333 [0.1968262889653476, 0.631312909248873, 0.6218012722092701, 0.3367261962431758] [0.6965070443679857, 0.26202042408446014, 0.27153206112406303, 0.5566071370901584]
23800 -1.43669685923886 0.7073405320673644 0.96 [0.7781025123820136, 0.18143562793225398, 0.47109891808087384, 0.48936294160485827] [0.18189748761798646, 0.7785643720677461, 0.48890108191912596, 0.4706370583951419]
23900 -1.21191205506706 0.6760896519827845 0.9533333333333334 [0.6881026750539241, 0.26634135874890497, 0.29073097226746347, 0.6614916605963745] [0.2652306582794095, 0.6869919745844286, 0.6626023610658702, 0.29184167273695927]
24000 -1.4557282355049475 0.6819636847793632 0.9466666666666667 [0.22417159898084255, 0.7203474149939896, 0.3151999606804685, 0.6336143586780321] [0.7224950676858247, 0.22631925167267672, 0.6314667059861979, 0.3130523079886343]
24100 -1.462529676041666 0.7467802041203372 0.9533333333333334 [0.9014716248094188, 0.17255092906775107, 0.6169615387553479, 0.2156825740341488] [0.0518617085239143, 0.7807824042655821, 0.3363717945779856, 0.737650759299184]
24200 -1.177470540292301 0.5415133971484114 0.9333333333333333 [0.2758745174509239, 0.3776671715498764, 0.9259141583137407, 0.28721081935212706] [0.6574588158824101, 0.5556661617834573, 0.007419175019592908, 0.6461225139812075]
24300 -1.60988546219412 0.8165445376077095 0.8733333333333333 [0.20768394643324853, 0.7275252756106834, 0.6617970955965328, 0.14966034902620287] [0.6656493869000851, 0.14580805772264996, 0.2115362377368014, 0.7236729843071307]
24400 -1.353987646443387 0.7279353271995854 0.9 [0.716680264658816, 0.4517754156838792, 0.19809848932537624, 0.43344583033192774] [0.18331973534118393, 0.4482245843161213, 0.7019015106746241, 0.46655416966807195]
24500 -0.674579425899866 0.31808718516701534 0.8733333333333333 [0.8662379331174453, 0.7094398894883391, 0.05255273247575505, 0.11843611158512705] [0.007095400215888228, 0.16389344384499377, 0.8207806008575781, 0.7548972217482064]
24600 -1.5763422154724582 0.8535111949966177 0.94 [0.9241195709481081, 0.33246371344746256, 0.33914531626948424, 0.28427139933494544] [0.015880429051891777, 0.6075362865525378, 0.600854683730516, 0.655728600665055]
24700 -1.3567907061478275 0.7111742881307168 0.8866666666666667 [0.74055807704138, 0.2500579616315083, 0.37565635104537354, 0.4070609436150716] [0.14610858962528675, 0.6366087050351577, 0.5110103156212928, 0.4796057230515951]
24800 -1.6768602114039841 0.8411647749502971 0.9333333333333333 [0.6367731978729537, 0.7540367687448453, 0.23569655926658123, 0.24016014078228673] [0.2965601354603795, 0.17929656458848764, 0.6976367740667522, 0.693173192551047]
24900 -1.4316766327802597 0.7025248587115656 0.98 [0.9079281281934631, 0.16603829149281157, 0.7729965879177583, 0.11303699239596718] [0.07207187180653632, 0.8139617085071889, 0.20700341208224202, 0.8669630076040329]
25000 -1.968715216907192 0.8926599905962291 0.9066666666666666 [0.26904688603922416, 0.6413666663128974, 0.8120177848095622, 0.09090199617164989] [0.6376197806274427, 0.2653000003537692, 0.09464888185710474, 0.8157646704950174]
25100 -1.3794551520048814 0.6841446286474393 0.9066666666666666 [0.014113881635277489, 0.8927942509250609, 0.8777625600528532, 0.02866264072014155] [0.8925527850313895, 0.013872415741605417, 0.028904106613813502, 0.8780040259465254]
25200 -1.5029314766014312 0.7607930920595984 0.8933333333333333 [0.28188053728201684, 0.5969136283180242, 0.845267835982835, 0.06260466508379119] [0.6114527960513166, 0.29641970501530895, 0.048065497350498705, 0.8307286682495422]
25300 -1.5236400563539274 0.7263117972529352 0.88 [0.6854140705342219, 0.41301800697044866, 0.0849681348761737, 0.5765997876191559] [0.1945859294657779, 0.466981993029551, 0.7950318651238256, 0.3034002123808447]
25400 -1.5718959248150763 0.7600573111143994 0.8933333333333333 [0.5421748400841838, 0.8575017314923697, 0.32638530457735115, 0.06060479051276169] [0.3511584932491466, 0.035831601840963685, 0.5669480287559847, 0.8327285428205717]
25500 -2.243068277715232 1.1007005711474047 0.94 [0.22901710912743894, 0.6791370679025066, 0.4141497579181603, 0.5576960650518944] [0.7109828908725611, 0.2608629320974937, 0.5258502420818394, 0.3823039349481056]
25600 -1.6949281792558852 0.8466732354869893 0.8666666666666667 [0.2814609904757385, 0.6495472298978279, 0.6148573417379648, 0.18746777122180222] [0.5852056761909276, 0.21711943676883905, 0.25180932492870195, 0.6791988954448644]
25700 -1.445409653877517 0.7871709794476104 0.8666666666666667 [0.49232780946877625, 0.6590926923131175, 0.32090542932877325, 0.26100740222266616] [0.3743388571978902, 0.20757397435354907, 0.5457612373378933, 0.6056592644440008]
25800 -1.113337429071622 0.5616212708002124 0.9133333333333333 [0.6949542007311339, 0.3940318762246044, 0.10206371001590787, 0.6356168796950195] [0.21837913260219927, 0.5193014571087289, 0.8112696233174256, 0.277716453638313]
25900 -1.202545699415849 0.5959874293758678 0.9866666666666667 [0.2677774331602727, 0.7212295402917175, 0.9724762972314126, 0.011850062649931206] [0.7188892335063944, 0.265437126374949, 0.014190369435254573, 0.9748166040167354]
26000 -1.559378741070019 0.878427708932744 0.9466666666666667 [0.8915098075423151, 0.2098121365242169, 0.48995193980036966, 0.30205944946643154] [0.0551568591243516, 0.7368545301424496, 0.4567147268662967, 0.6446072172002357]
26100 -1.1143996669847893 0.5473389515220325 0.8466666666666667 [0.5230770326613224, 0.6183082239006799, 0.4854048180329451, 0.06654325873838596] [0.3235896340053436, 0.22835844276598644, 0.36126184863372207, 0.7801234079282806]
26200 -1.3062418014143704 0.625152447938148 0.8733333333333333 [0.043855655875215206, 0.5923141091913527, 0.8272422196825695, 0.28325468191753006] [0.8294776774581187, 0.2810192241419806, 0.04609111365076447, 0.5900786514158031]
26300 -1.0393054518340645 0.582814376098574 0.86 [0.6443240519646762, 0.8500022742549451, 0.21812373407691021, 0.007549939703469085] [0.21567594803532383, 0.009997725745055565, 0.6418762659230896, 0.8524500602965309]
26400 -0.9755116567806614 0.5146683447453634 0.96 [0.48638890769986126, 0.47202016243404643, 0.950444061968885, 0.011146867897207383] [0.4736110923001388, 0.4879798375659536, 0.009555938031115308, 0.9488531321027924]
26500 -1.5979910285932977 0.8241510590050753 0.8866666666666667 [0.15712979970028024, 0.8513394282630199, 0.7113002966857451, 0.053563808684287485] [0.7295368669663865, 0.03532723840364644, 0.1753663699809213, 0.8331028579823792]
26600 -1.2966122825685675 0.6534701041456206 0.9466666666666667 [0.02240610795636436, 0.9324765456126789, 0.9139473482197201, 0.024503331544569705] [0.9242605587103012, 0.014190121053987304, 0.03271931844694663, 0.9221633351220972]
26700 -1.4126560676046567 0.7757298127184679 0.9733333333333334 [0.027436415971635077, 0.9513738799998898, 0.6983113954428304, 0.269544975252311] [0.9458969173616983, 0.02195945333344289, 0.275021937890503, 0.7037883580810225]
26800 -1.1974708026671232 0.5620573948219931 0.96 [0.3872453519069078, 0.49767635490992507, 0.9484205427991662, 0.08665775038400125] [0.5727546480930924, 0.46232364509007484, 0.011579457200833946, 0.8733422496159988]
26900 -1.423192475820068 0.7391660928979918 0.9866666666666667 [0.25575181980677114, 0.7301027691950488, 0.8278616983574282, 0.15961704597408446] [0.730914846859895, 0.25656389747161784, 0.15880496830923804, 0.8270496206925817]
27000 -1.1608274092886657 0.6307568031903378 0.7866666666666666 [0.10873315122095545, 0.24013789316116965, 0.6786246704880393, 0.545837618463168] [0.6779335154457109, 0.5465287735054964, 0.1080419961786271, 0.24082904820349862]
27100 -1.8070556339082615 0.9117623019080152 0.92 [0.03344711016178356, 0.7492062232711636, 0.8696578410566947, 0.187688825510358] [0.886552889838217, 0.17079377672883667, 0.05034215894330483, 0.7323111744896419]
27200 -1.97938861347012 0.955549612894683 0.96 [0.1002981037217423, 0.8064026666111932, 0.8150008013468378, 0.19829842832022587] [0.8597018962782573, 0.15359733338880613, 0.14499919865316174, 0.7617015716797745]
27300 -1.352899959836698 0.6604181894909433 0.9466666666666667 [0.010931770930423705, 0.9320149925048434, 0.5924370540348718, 0.35794951586319423] [0.9357348957362432, 0.014651674161823057, 0.35422961263179487, 0.5887171508034723]
27400 -1.5593514295927087 0.8686292869482762 0.9733333333333334 [0.2242715797523048, 0.7501584339373806, 0.8675691555731148, 0.10466749740386598] [0.7490617535810287, 0.22317489939595225, 0.10576417776021849, 0.8686658359294673]
27500 -1.5566763807319133 0.821622910094445 0.9 [0.02292852252311646, 0.7945660212081692, 0.8428047375149252, 0.1397007187537882] [0.8770714774768836, 0.10543397879182996, 0.05719526248507453, 0.7602992812462118]
27600 -1.1268926633066414 0.6514954553990067 0.8466666666666667 [0.35184582210241677, 0.13418033605960492, 0.5384962207610473, 0.6688109544102651] [0.49482084456425, 0.712486330607062, 0.3081704459056192, 0.17785571225640243]
27700 -2.0384993837551235 0.9795726403455596 0.8733333333333333 [0.3802613073329802, 0.4175981741476518, 0.32332860659148077, 0.6254785785945536] [0.4930720260003532, 0.45573515918568136, 0.5500047267418529, 0.24785475473877944]
27800 -1.678020979401714 0.8758968926628372 0.8 [0.6144329362665695, 0.43635696388591233, 0.18285574454173487, 0.3663543553057836] [0.18556706373343096, 0.36364303611408755, 0.6171442554582649, 0.4336456446942168]
27900 -1.4687711201746902 0.6367997409185691 0.94 [0.016814327801683623, 0.9287481788769366, 0.9182951203521562, 0.01614237296922293] [0.923185672198317, 0.01125182112306313, 0.021704879647843338, 0.9238576270307771]
28000 -1.370316848306728 0.6940780587445873 0.8866666666666667 [0.3897381657339385, 0.8105332401187809, 0.5094510157453612, 0.06361091173525227] [0.49692850093272806, 0.07613342654788549, 0.3772156509213054, 0.8230557549314148]
28100 -1.249896505310923 0.6671827021030943 0.88 [0.4949813647454106, 0.6590247176959781, 0.5630953741553498, 0.04289854340326115] [0.3850186352545893, 0.22097528230402147, 0.3169046258446498, 0.8371014565967392]
28200 -1.0701642616434903 0.5425440358472354 0.9666666666666667 [0.7158073860604499, 0.25776595508410266, 0.8472382083944229, 0.1125217837943571] [0.25085928060621593, 0.7089007115825634, 0.1194284582722435, 0.8541448828723099]
28300 -1.4105524452569802 0.7531655872603509 0.9733333333333334 [0.9555689078280903, 0.0175513335366136, 0.17309131347056564, 0.8004551118313955] [0.017764425505242185, 0.95578199979672, 0.8002420198627671, 0.1728782215019372]
28400 -1.3755622065122517 0.7125308956326952 0.88 [0.8324773915433346, 0.2341545466512427, 0.09765250261697968, 0.5957155591884439] [0.04752260845666592, 0.6458454533487576, 0.7823474973830206, 0.2842844408115564]
28500 -1.5561831682030765 0.8270708973360864 0.94 [0.23272709700936234, 0.9289064267502462, 0.5997389043420269, 0.11862757189836418] [0.707272902990638, 0.011093573249753392, 0.3402610956579727, 0.8213724281016355]
28600 -1.1871427720065681 0.6007999988422364 0.8133333333333334 [0.48051618210307084, 0.4748231411751043, 0.33438843225683745, 0.3369389111316537] [0.33281715123026273, 0.3385101921582288, 0.47894490107649573, 0.47639442220167977]
28700 -1.2977104322109516 0.7006554407719725 0.9133333333333333 [0.10991929671799819, 0.9019758188408605, 0.7584135643269763, 0.05635798678083166] [0.803414036615335, 0.011357514492473063, 0.15491976900635648, 0.8569753465525015]
28800 -1.4557959461006014 0.696040582844695 0.92 [0.19831862156612481, 0.7828543417811881, 0.7112063375005026, 0.14762069915218448] [0.7216813784338747, 0.13714565821881217, 0.2087936624994969, 0.7723793008478158]
28900 -1.6492356564824204 0.8526125871438082 0.88 [0.3866928246122649, 0.3673954457586192, 0.7258967279389953, 0.2800150016901204] [0.4933071753877352, 0.5126045542413812, 0.1541032720610038, 0.5999849983098801]
29000 -1.3972916946491158 0.6766876370574123 0.8866666666666667 [0.34830395220380195, 0.4689938999491331, 0.3181911077629287, 0.6378443734174695] [0.5383627144628649, 0.41767276671753367, 0.5684755589037375, 0.24882229324919772]
29100 -1.1312604813262694 0.5958536930737498 0.9066666666666666 [0.17405050018892562, 0.74843727247552, 0.525362029668581, 0.3654835310003061] [0.732616166477741, 0.15822939419114598, 0.3813046369980859, 0.5411831356663606]
29200 -1.2513257624728424 0.648048689599441 0.9666666666666667 [0.32607498311224936, 0.6498908169938651, 0.17002826815641203, 0.7873392650708066] [0.6405916835544165, 0.3167758496728018, 0.7966383985102545, 0.1793274015958596]
29300 -1.7161216315697672 0.7642254096685659 0.9333333333333333 [0.34548986558731165, 0.5381983582350486, 0.6390506259517481, 0.34392781689255825] [0.5878434677460214, 0.3951349750982845, 0.29428270738158485, 0.5894055164407754]
29400 -1.4129807542358854 0.6768419652226804 0.92 [0.2674531728736859, 0.7758932004375274, 0.5595699316623529, 0.23708369502643276] [0.6525468271263138, 0.14410679956247163, 0.3604300683376469, 0.6829163049735677]
29500 -1.5695638418382842 0.7962468035026291 0.9333333333333333 [0.9047643017370895, 0.037044077786712544, 0.1851909952345768, 0.7396672919082888] [0.02856903159624427, 0.8962892555466205, 0.7481423380987572, 0.19366604142504493]
29600 -1.4697155097735144 0.6268013361859822 0.8666666666666667 [0.16212939020521835, 0.46668976058220135, 0.827832394371081, 0.27668178817483285] [0.7045372764614481, 0.3999769060844653, 0.0388342722955856, 0.5899848784918349]
29700 -1.0667327714736872 0.5397675285451896 0.7733333333333333 [0.5022934629333835, 0.25521984492910915, 0.271110421950887, 0.5180429368532871] [0.2710398703999496, 0.518113488404224, 0.5022229113824462, 0.2552903964800465]
29800 -1.7832572999251097 0.7957175520646529 0.9333333333333333 [0.39040893436758944, 0.5039245874717906, 0.7786022380839003, 0.19373090674338683] [0.5429243989657444, 0.4294087458615427, 0.15473109524943332, 0.739602426589947]
29900 -1.3785917845343985 0.6136902579553554 0.96 [0.882139598513722, 0.07982961101003695, 0.4602941758835391, 0.49773661459270246] [0.07786040148627846, 0.8801703889899628, 0.4997058241164609, 0.46226338540729794]
30000 -1.4303545491246672 0.6888868028493286 0.9466666666666667 [0.44418511702640046, 0.5704783150003265, 0.5017502716086242, 0.3769196296979831] [0.502481549640266, 0.3761883516663401, 0.44491639505804365, 0.569747036968684]
