step Ek EV sign nup ndn
100 -1.3713350127268389 0.6188093791312581 0.9333333333333333 [0.802610081192608, 0.24195894270272097, 0.37922366937527735, 0.44287397339606005] [0.13108380819973525, 0.6910142774655319, 0.5538950601497015, 0.4906735208516986]
200 -0.9842061407862422 0.5400193975747605 0.9733333333333334 [0.8283396449141962, 0.14557285470923945, 0.9613755700632833, 0.011378596979947631] [0.14499368841913735, 0.8277604786240939, 0.011957763270049658, 0.9619547363533855]
300 -1.5751009490211978 0.823964891647993 0.9733333333333334 [0.363626675765356, 0.6131839331749198, 0.838992720655425, 0.1308633370709666] [0.6097066575679765, 0.360149400158414, 0.1343406126779088, 0.842469996262367]
400 -1.2710498934311374 0.6092280079518454 0.96 [0.012209528297819724, 0.9460345102786393, 0.5767744271756805, 0.38498153424786064] [0.9477904717021804, 0.013965489721361128, 0.38322557282431924, 0.5750184657521393]
500 -1.2660499790562476 0.6261560833244391 0.84 [0.3165688007913553, 0.704465719499233, 0.49687752897495424, 0.1620879507344576] [0.5234311992086428, 0.13553428050105368, 0.34312247102464905, 0.6779120492656551]
600 -1.8031295502100222 0.8242305114744604 0.9333333333333333 [0.33578712287554174, 0.5978897064809232, 0.5706927486752269, 0.36229708863497473] [0.5975462104577914, 0.3354436268524105, 0.3626405846581059, 0.5710362446983588]
700 -1.9202280472751776 0.9339257099803617 0.9066666666666666 [0.05326839009706858, 0.8114616979400078, 0.8261508163357127, 0.12245242896054416] [0.8533982765695978, 0.0952049687266584, 0.08051585033095426, 0.7842142377061225]
800 -1.2649785853716549 0.616376600934568 0.8933333333333333 [0.02846351746472374, 0.8816366261750193, 0.8588303008405054, 0.017736222186419057] [0.8648698158686097, 0.011696707158314357, 0.034503032492828344, 0.8755971111469149]
900 -1.7123662735985985 0.8613367605024042 0.9466666666666667 [0.30091965749805233, 0.6231631188099844, 0.7968515591685078, 0.17239899785678922] [0.6457470091686144, 0.323503547856682, 0.1498151074981593, 0.7742676688098777]
1000 -2.1281264460512306 1.0552017813330503 0.96 [0.6700738452545666, 0.35267350417182136, 0.48377167116075914, 0.4134809794128531] [0.28992615474543676, 0.6073264958281789, 0.47622832883923755, 0.5465190205871473]
1100 -1.6105977966976717 0.8096251885059544 0.9 [0.13389473196896493, 0.5829514508134156, 0.7499906645930727, 0.33316315262454627] [0.7661052680310354, 0.31704854918658393, 0.15000933540692676, 0.566836847375454]
1200 -1.5415452987986138 0.8442018192045119 0.86 [0.137757969674559, 0.6274818818123237, 0.5999251624874683, 0.3548349860256485] [0.7222420303799914, 0.2325181181877225, 0.2600748374580614, 0.5051650139742245]
1300 -1.7649086259306541 0.8264867578711758 0.9066666666666666 [0.43787774597237267, 0.5443651464359647, 0.5198783442444472, 0.31121209668054867] [0.46878892069429384, 0.3623015202307022, 0.3867883224222194, 0.595454569986118]
1400 -1.6950199173916178 0.8248875928552923 0.8466666666666667 [0.2120433144879345, 0.8360212724623904, 0.6062020662006739, 0.03906668018233441] [0.6346233521787321, 0.010645394204275979, 0.24046460046599236, 0.8075999864843323]
1500 -0.9712554888804059 0.4616307013866568 0.98 [0.8025620522583633, 0.1710507775385275, 0.9710463129214372, 0.015340857281671632] [0.17743794774163618, 0.8089492224614724, 0.008953687078562846, 0.9646591427183282]
1600 -1.3152574585393064 0.6769958491023311 0.92 [0.38872703085505395, 0.1418943729303726, 0.8110187155786003, 0.49835988063597303] [0.5312729691449463, 0.7781056270696279, 0.1089812844213996, 0.4216401193640269]
1700 -1.5693851079659014 0.8633706703763167 0.9533333333333334 [0.3189966484927663, 0.5513923203420411, 0.642693574290829, 0.39358412354102956] [0.6343366848405672, 0.40194101299129176, 0.3106397590425042, 0.5597492097923037]
1800 -1.9549512831372309 0.9093089932066823 0.94 [0.044236901213393236, 0.7311408410322529, 0.8587499561367592, 0.2458723016175952] [0.8957630987866069, 0.20885915896774693, 0.0812500438632414, 0.694127698382405]
1900 -2.003845665015677 1.0227541009399326 0.88 [0.6760762982702618, 0.4013889263004885, 0.2519683139451531, 0.4305664614840967] [0.2039237017297384, 0.4786110736995114, 0.6280316860548465, 0.44943353851590323]
2000 -1.8388486023075934 0.9751557069628424 0.8933333333333333 [0.7019992680083842, 0.2951896516860967, 0.27411913068851607, 0.5153586162836693] [0.19133406532494884, 0.5981436816472366, 0.6192142026448166, 0.3779747170496642]
2100 -1.537109942579924 0.7649623688532096 0.9266666666666666 [0.1552753218797897, 0.9125670940695856, 0.7635641243628515, 0.021926793021107] [0.7713913447868769, 0.014099572597081632, 0.16310254230381493, 0.9047398736455596]
2200 -1.3714286818543662 0.7170688209678765 0.8733333333333333 [0.5281340502835615, 0.5360755431816063, 0.11166496003530983, 0.5707921131661883] [0.3451992830497716, 0.33725779015172674, 0.761668373298023, 0.302541220167145]
2300 -1.8303446231083862 0.8620886826941876 0.9466666666666667 [0.4027776885781489, 0.6921378719310218, 0.5578485916731493, 0.24056918115101317] [0.5438889780885193, 0.2545287947356442, 0.3888180749935168, 0.7060974855156532]
2400 -1.2704595508623517 0.7800391493797871 0.8933333333333333 [0.5240398133267588, 0.7841845712471571, 0.3198928425175005, 0.15854943957524975] [0.36929352000657395, 0.10914876208617554, 0.5734404908158444, 0.7347838937580733]
2500 -1.6754949087495203 0.8009186622586975 0.9733333333333334 [0.017599938475111824, 0.9588107296878877, 0.6508042578320954, 0.3194517406715722] [0.9557333948582215, 0.014522603645446039, 0.3225290755012381, 0.6538815926617612]
2600 -1.5450389172730548 0.8358184881819849 0.9066666666666666 [0.17992185997374371, 0.8267850814811726, 0.7787276416633082, 0.027898750215108705] [0.7267448066929229, 0.07988158518549388, 0.1279390250033584, 0.8787679164515579]
2700 -1.7141403076896047 0.8422429630055887 0.92 [0.1820308072536435, 0.7342673579002339, 0.7622913749443502, 0.16141045990177214] [0.737969192746357, 0.18573264209976612, 0.15770862505564953, 0.7585895400982283]
2800 -1.721911847217502 0.9285432828952387 0.9066666666666666 [0.7808093690818274, 0.21344296890136913, 0.13076459574385355, 0.6883163996062833] [0.1258572975848395, 0.693223697765297, 0.7759020709228138, 0.21835026706038396]
2900 -1.7927679607063343 0.6472202981587561 0.9466666666666667 [0.6434361941984632, 0.29604695795343183, 0.4402291090214127, 0.5136210721600252] [0.3032304724682027, 0.650619708713235, 0.5064375576452537, 0.43304559450664176]
3000 -1.605777026403703 0.7140401091533477 0.9466666666666667 [0.6912232124805179, 0.2555668316045494, 0.7266795391651476, 0.2198637500831182] [0.25544345418614883, 0.6910998350621173, 0.21998712750151894, 0.7268029165835483]
3100 -1.6773347376179426 0.8815403338573706 0.96 [0.34519839727489504, 0.6192900139818414, 0.5497399761053661, 0.40577161263789857] [0.6148016027251046, 0.34070998601815883, 0.4102600238946339, 0.5542283873621021]
3200 -1.589753024537304 0.7417780673882802 0.9733333333333334 [0.48148511255797755, 0.575492399810789, 0.8688122904709314, 0.02087686382696894] [0.4918482207753561, 0.3978409335225441, 0.10452104286240194, 0.952456469506365]
3300 -1.5604771852886492 0.7155578351102235 0.9066666666666666 [0.10647657969585535, 0.8055407021994834, 0.8749897917345927, 0.026326259703402074] [0.8001900869708114, 0.10112596446718358, 0.03167687493207372, 0.8803404069632654]
3400 -1.277135978267104 0.6425069821095426 0.96 [0.35097367772807286, 0.4426822589731495, 0.9509414487307951, 0.17540261456798167] [0.6090263222719274, 0.51731774102685, 0.009058551269204422, 0.7845973854320185]
3500 -1.6951770907926003 0.7467423091180806 0.9133333333333333 [0.34124374680652897, 0.5808518190803657, 0.283161426149765, 0.6214096746300065] [0.5720895865268041, 0.33248151425296724, 0.6301719071835681, 0.29192365870332687]
3600 -1.219636647431133 0.5335561335288559 0.9533333333333334 [0.8311657364101213, 0.3124116323923306, 0.5832651480048556, 0.1798241498593594] [0.12216759692321219, 0.6409217009410013, 0.37006818532847763, 0.7735091834739759]
3700 -1.40742340101657 0.7222574728338539 1.0 [0.7562560442362626, 0.24558329169808676, 0.9907212349958556, 0.0074394290697940456] [0.24374395576373714, 0.7544167083019128, 0.009278765004143532, 0.9925605709302069]
3800 -1.964501195570464 0.9822656989087782 0.94 [0.7736680012827878, 0.18472426108611167, 0.5800240903515907, 0.34158364727950996] [0.16633199871721274, 0.7552757389138889, 0.35997590964840903, 0.5984163527204904]
3900 -1.5440374892982922 0.8262596708416317 0.9 [0.07831776043105111, 0.8410152080633424, 0.8619944936140956, 0.01867253789151094] [0.8216822395689489, 0.058984791936657024, 0.03800550638590498, 0.8813274621084889]
4000 -1.636807916057775 0.8873783968852579 0.9733333333333334 [0.01726599995364516, 0.9594330442271898, 0.7726563189387006, 0.19731130354713072] [0.9560673333796884, 0.013900289106143052, 0.20067701439463265, 0.7760220297862032]
4100 -1.176791196686718 0.5239682948279093 0.9533333333333334 [0.811274419526021, 0.30089680747229236, 0.7878035873412809, 0.006691852327072567] [0.14205891380731328, 0.6524365258610412, 0.16552974599205184, 0.9466414810062607]
4200 -1.4618255494477497 0.7473498754708067 0.9266666666666666 [0.8230108036849885, 0.1812912513794218, 0.19608966963605853, 0.6529416086328642] [0.1036558629816784, 0.7453754152872449, 0.730576997030608, 0.27372505803380237]
4300 -1.2674679355429996 0.5741717056887159 0.96 [0.7880099392811947, 0.12148865756082891, 0.0647938632163715, 0.9457075399416042] [0.17199006071880366, 0.8385113424391726, 0.8952061367836283, 0.014292460058395618]
4400 -1.639022543213814 0.7390590899169617 0.92 [0.020016773331002945, 0.8447199160637083, 0.9016372746120985, 0.07362603599319012] [0.899983226668997, 0.07528008393629157, 0.018362725387901412, 0.8463739640068098]
4500 -1.5361302021930299 0.7854967304829613 0.94 [0.1541108196158624, 0.8179519363298141, 0.7858209759649741, 0.12211626808934954] [0.7858891803841374, 0.12204806367018567, 0.15417902403502606, 0.8178837319106511]
4600 -1.2199858009267601 0.7220243171276916 0.9 [0.4199670700546567, 0.296149314467937, 0.21083153979290348, 0.8730520756845027] [0.4800329299453416, 0.6038506855320631, 0.6891684602070982, 0.026947924315497716]
4700 -1.3383595440683542 0.6637792734128337 0.9 [0.013440037148777527, 0.8429561317604144, 0.862594548453748, 0.08100928263706035] [0.8865599628512215, 0.057043868239585994, 0.037405451546251696, 0.8189907173629399]
4800 -1.4289753444853115 0.7516728585521498 0.8466666666666667 [0.4759111152220507, 0.2334571299321353, 0.4090547915273086, 0.574910296651839] [0.37075555144461697, 0.6132095367345525, 0.43761187513936106, 0.2717563700148025]
4900 -1.5337406072421167 0.7321306214817198 0.92 [0.7883811095611301, 0.153479172890187, 0.016661006594887583, 0.8814787109537949] [0.1316188904388697, 0.7665208271098128, 0.9033389934051128, 0.03852128904620498]
5000 -1.5241843572620282 0.8018661040549656 0.9466666666666667 [0.05133267289445494, 0.8103355032963697, 0.598545536775759, 0.4331196203667499] [0.8953339937722109, 0.13633116337029663, 0.3481211298909069, 0.5135470462999191]
5100 -1.5344692393975015 0.7786011051578429 0.9 [0.39144259649943847, 0.46768198290737206, 0.7832873243903485, 0.15758809620284034] [0.5085574035005614, 0.432318017092628, 0.11671267560965139, 0.7424119037971597]
5200 -1.720308124134266 0.9095193950931768 0.88 [0.19911550389114321, 0.7686135576005213, 0.6507542320241523, 0.14151670648418274] [0.6808844961088572, 0.11138644239947794, 0.2292457679758478, 0.7384832935158179]
5300 -1.301322081728853 0.7507529079397067 0.9666666666666667 [0.17960992096632603, 0.7875784272489373, 0.33003379770094826, 0.6361111874171225] [0.7870567457003407, 0.17908823941772967, 0.6366328689657187, 0.33055547924954437]
5400 -1.1232020930232438 0.56618014356888 0.9466666666666667 [0.059026630416084816, 0.8877048790204337, 0.17967508536930077, 0.7669267385275146] [0.8876400362505817, 0.05896178764623329, 0.7669915812973654, 0.1797399281391526]
5500 -2.001338861168467 1.0936655003820337 0.9 [0.3524193591708883, 0.6525024287165428, 0.3760116489622939, 0.4190665631502746] [0.5475806408292755, 0.2474975712834618, 0.523988351037557, 0.4809334368497058]
5600 -1.4678262487973681 0.7250111705090693 0.94 [0.040800523354883475, 0.9236672525891657, 0.5304042070957046, 0.3851280169602468] [0.8991994766451161, 0.01633274741083477, 0.4095957929042952, 0.5548719830397532]
5700 -2.21147525311265 1.3306515593044739 0.9733333333333334 [0.2853434472850597, 0.6750282038769115, 0.8095662840387848, 0.17672873146591062] [0.6879898860482737, 0.2983051294564219, 0.16376704929454836, 0.7966046018674228]
5800 -1.373398392260591 0.7171428615026274 0.8533333333333334 [0.7863125278812281, 0.18408537594960533, 0.06163361255833595, 0.6746351502774969] [0.06702080545210495, 0.6692479573837282, 0.7916997207749972, 0.17869818305583657]
5900 -1.5151449226303106 0.8397999534215094 0.8733333333333333 [0.7199259095952941, 0.1686385442495312, 0.41921484024134376, 0.4388873725804969] [0.15340742373803956, 0.704694789083802, 0.4541184930919892, 0.43444596075283615]
6000 -1.151897368235234 0.5679104310218179 0.8466666666666667 [0.5989425152986848, 0.6568741590828736, 0.11238398205174323, 0.32513267690003167] [0.24772415136798187, 0.18979250758379293, 0.7342826846149233, 0.5215339897666353]
6100 -1.3100398733251273 0.7267871113858653 0.86 [0.38007032313780786, 0.801048680320243, 0.485753124300946, 0.05312787224100324] [0.4799296768621929, 0.0589513196797567, 0.3742468756990539, 0.8068721277589963]
6200 -1.2256477130085495 0.6246233833254383 0.8066666666666666 [0.515075215565069, 0.5778196458534733, 0.29191773108645036, 0.2285207408283405] [0.291591451101598, 0.22884702081319286, 0.5147489355802165, 0.5781459258383267]
6300 -1.6210642118541334 0.9181632234103603 0.94 [0.9132151235767242, 0.017252023809871644, 0.050905599751211915, 0.898627252862192] [0.02678487642327605, 0.9227479761901285, 0.889094400248788, 0.04137274713780768]
6400 -1.3241962631455666 0.6166944903944546 0.9066666666666666 [0.6676451181571288, 0.009161561261818866, 0.37048530381574496, 0.7660413500986405] [0.2390215485095375, 0.8975051054048481, 0.5361813628509218, 0.14062531656802615]
6500 -1.441927871330451 0.7383936194734122 0.8866666666666667 [0.029964186893087767, 0.6486221791962121, 0.8498118864805855, 0.24493508076344758] [0.8567024797735789, 0.23804448747045606, 0.036854780186080384, 0.6417315859032172]
6600 -1.7195186644705438 0.8441920831736337 0.92 [0.19830472480420377, 0.604743676837834, 0.8512482440477601, 0.18570335431020227] [0.7216952751957961, 0.31525632316216623, 0.06875175595223977, 0.734296645689798]
6700 -0.9422533342280754 0.47404940766400966 0.8666666666666667 [0.5906424346236532, 0.8573794983979508, 0.27629724461077687, 0.009014155700952705] [0.27602423204301335, 0.009287168268715916, 0.5903694220558897, 0.8576525109657137]
6800 -1.176473197075013 0.6009231419299733 0.8733333333333333 [0.7357550537291441, 0.6880718523317955, 0.13523275506739, 0.1876070055383379] [0.13757827960419453, 0.18526148100154133, 0.7381005782659432, 0.6857263277949873]
6900 -1.707881915834362 0.8273713735317911 0.94 [0.010620426342404973, 0.8236575962866908, 0.864721109044584, 0.18100086832632054] [0.9293795736575947, 0.11634240371330913, 0.07527889095541627, 0.7589991316736796]
7000 -1.7493216590647187 0.912814045587494 0.96 [0.26864180518014563, 0.69776225988393, 0.9030049107304423, 0.05059102420548272] [0.6913581948198545, 0.2622377401160703, 0.05699508926955795, 0.909408975794517]
7100 -1.5743676765547157 0.821890322163269 0.8933333333333333 [0.0881846195448866, 0.705639912439625, 0.8035147085786852, 0.18932742610346917] [0.8051487137884468, 0.1876934208937084, 0.08981862475464734, 0.7040059072298647]
7200 -2.010267355001791 0.9769946160309775 0.94 [0.017789865399831357, 0.8865821261636652, 0.7999776539854774, 0.17565035445102636] [0.9222101346001691, 0.053417873836334936, 0.14002234601452243, 0.7643496455489744]
7300 -1.6707060597588703 0.7602840681861267 0.9133333333333333 [0.048915813461406984, 0.8815579259578118, 0.7740391690947748, 0.12215375815267353] [0.864417519871928, 0.03177540737552231, 0.13929416423855717, 0.7911795751806593]
7400 -1.5261682929177054 0.7661895612822024 0.96 [0.21268725284518789, 0.7176212866674123, 0.914176690048423, 0.07551477043897709] [0.7473127471548122, 0.24237871333258795, 0.04582330995157699, 0.8844852295610234]
7500 -1.5102689226294415 0.9068254704175475 0.96 [0.09645031945114449, 0.8252687982885686, 0.671392986896124, 0.32688789536416324] [0.8635496805488556, 0.13473120171143144, 0.2886070131038761, 0.6331121046358372]
7600 -1.4911403411982291 0.6782278511219192 0.8866666666666667 [0.2943710480034959, 0.7978699597935409, 0.5967163743142093, 0.08437595122208758] [0.592295618663171, 0.08879670687312574, 0.2899502923524578, 0.8022907154445788]
7700 -1.4647523143647858 0.7518640138886277 0.9066666666666666 [0.3810012575172453, 0.33616427780677743, 0.7339787305079642, 0.36218906750134655] [0.5256654091494214, 0.5705023888598895, 0.1726879361587026, 0.5444775991653198]
7800 -1.835742019497708 0.983350745271866 0.9133333333333333 [0.16275205946372698, 0.612880434631957, 0.7716207691049666, 0.27941340346601623] [0.7505812738696059, 0.30045289870137665, 0.14171256422836648, 0.6339199298673169]
7900 -1.6205786009875367 0.8534477762973441 0.96 [0.5551897901934559, 0.4576552757812737, 0.852051587432686, 0.0551033465925839] [0.40481020980654425, 0.502344724218726, 0.10794841256731416, 0.9048966534074162]
8000 -1.2000811939236842 0.628775617555271 0.8933333333333333 [0.3640117499907847, 0.4796179792446474, 0.7003030555584135, 0.2427338818728212] [0.5293215833425488, 0.4137153540887348, 0.1930302777749185, 0.650599451460465]
8100 -2.029479553128667 1.091498092249339 0.8533333333333334 [0.3874921187810194, 0.45279384164456765, 0.41263079642814515, 0.45374990981293467] [0.4658412145522785, 0.40053949168887487, 0.44070253690511646, 0.39958342352039644]
8200 -1.8403503637952325 0.8861904119865823 0.9 [0.44007597264958337, 0.5813804868503675, 0.585476844286035, 0.19306669621401396] [0.4599240273504162, 0.31861951314963266, 0.31452315571396516, 0.7069333037859863]
8300 -1.5870905112332534 0.7600466248767732 0.9 [0.41207829767989024, 0.5003343290147678, 0.46470910271441, 0.42287827059093286] [0.4879217023201095, 0.39966567098523065, 0.43529089728559106, 0.47712172940906905]
8400 -1.589261439500691 0.7977093102976376 0.9866666666666667 [0.3289390053363829, 0.7422026743270639, 0.1366527470631687, 0.7655389066067181] [0.6577276613302835, 0.2444639923396033, 0.8500139196034976, 0.22112776005994875]
8500 -1.589488176556859 0.8817440509639773 0.9533333333333334 [0.0444329116616274, 0.8165233992562897, 0.856628864673728, 0.18908149107502165] [0.9089004216717056, 0.1368099340770434, 0.09670446865960546, 0.7642518422583119]
8600 -1.7635794437636418 0.8469624083607238 0.9533333333333334 [0.5748240889768758, 0.4595406098909686, 0.7310269120472942, 0.14127505575152766] [0.378509244356458, 0.4937927234423649, 0.22230642128603867, 0.8120582775818062]
8700 -1.742788201212307 0.8965952848828855 0.9533333333333334 [0.4359701793243718, 0.5603798604038791, 0.4186259069793451, 0.49169071995907015] [0.5173631540089697, 0.3929534729295029, 0.534707426353982, 0.4616426133742129]
8800 -0.9524981734914303 0.4594905491082873 0.98 [0.9735155144917557, 0.0064379199821352215, 0.8493176901064842, 0.13072887541962444] [0.006484485508244667, 0.9735620800178642, 0.1306823098935155, 0.8492711245803752]
8900 -2.156305820531159 1.0558427746330843 0.94 [0.49389367905016796, 0.340943591602638, 0.32349916851628807, 0.7216635608309055] [0.4461063209498321, 0.5990564083973615, 0.6165008314837117, 0.2183364391690945]
9000 -1.3524609261081437 0.7039238110832486 0.8466666666666667 [0.0325839250492657, 0.740665167153325, 0.8135341731133442, 0.1065500680173983] [0.8140827416174008, 0.1060014995133415, 0.033132493553322394, 0.7401165986492689]
9100 -1.1344183447306364 0.5002307293751956 0.94 [0.10668374148170436, 0.8828180374227369, 0.19204863800945948, 0.6984495830860993] [0.8333162585182958, 0.057181962577262956, 0.7479513619905401, 0.24155041691390133]
9200 -1.5061390927192728 0.7846093180412613 0.9 [0.8474142255590715, 0.23296565287040247, 0.07473377923871909, 0.6448863423318069] [0.052585774440928434, 0.6670343471295977, 0.8252662207612812, 0.2551136576681931]
9300 -1.3570656024101333 0.7014712094745609 0.88 [0.17839258146941075, 0.8685258723592301, 0.5832835728554427, 0.12979797331591644] [0.7016074185305899, 0.011474127640772951, 0.29671642714455704, 0.7502020266840803]
9400 -1.0889624402083233 0.542294198101915 0.86 [0.4420117995604547, 0.8429515691782599, 0.41747335799850055, 0.017563273262785093] [0.41798820043954515, 0.01704843082174025, 0.4425266420014996, 0.8424367267372149]
9500 -1.420572255587413 0.7057083513772022 0.9266666666666666 [0.3201074811664967, 0.7627812233992971, 0.7153812056071761, 0.0550634231603637] [0.60655918550017, 0.1638854432673695, 0.2112854610594908, 0.8716032435063031]
9600 -1.795424269044187 0.9166220226465669 0.92 [0.8794187381083977, 0.0396828038651953, 0.16134339518718807, 0.7595550628392201] [0.040581261891602195, 0.8803171961348049, 0.7586566048128115, 0.1604449371607812]
9700 -1.207823578139935 0.6531042307588127 0.96 [0.30064880517493947, 0.6627643875391503, 0.27437381978794, 0.6822129874979703] [0.6593511948250609, 0.29723561246084945, 0.6856261802120599, 0.27778701250203003]
9800 -1.3656482120617488 0.6944505789010186 0.8933333333333333 [0.5619645169403312, 0.24295358339471596, 0.21759341121610076, 0.764155155115518] [0.33136881639300186, 0.6503797499386172, 0.675739922117233, 0.12917817821781494]
9900 -1.4095847648255329 0.7020871389057255 0.9333333333333333 [0.5333525929521088, 0.39777423587942595, 0.5315303673768859, 0.40400947045824587] [0.3999807403812243, 0.5355590974539072, 0.401802965956447, 0.5293238628750876]
10000 -1.9185314476720194 0.8212363332548993 0.9466666666666667 [0.01875127241678306, 0.7574091397982289, 0.7207592106623035, 0.39641371045601675] [0.9279153942498776, 0.18925752686839437, 0.22590745600466786, 0.5502529562103937]
10100 -1.7221753624046023 0.8673894618605807 0.94 [0.4027416641237211, 0.5559184954888534, 0.23425305878677083, 0.6870867816006545] [0.5372583358762788, 0.38408150451114675, 0.7057469412132287, 0.2529132183993454]
10200 -1.486909731584253 0.7264288598983879 0.9 [0.07331203233815159, 0.8395768089873409, 0.8761826041167461, 0.010928554557761382] [0.8266879676618485, 0.06042319101265876, 0.023817395883254194, 0.8890714454422389]
10300 -2.126706288965528 0.9911910348394927 0.9266666666666666 [0.1573704315022713, 0.7685046197696, 0.5921887295467779, 0.3352695525146841] [0.7692962351643976, 0.1581620468970656, 0.33447793711988855, 0.5913971141519816]
10400 -1.8086797607114136 0.8661952153740242 0.88 [0.3864841155008927, 0.56919927359772, 0.5959382672246086, 0.20837834367677846] [0.49351588449910705, 0.31080072640227974, 0.28406173277539165, 0.6716216563232222]
10500 -1.7264638988522638 0.886299099871822 0.98 [0.3337531777518586, 0.6411579343155184, 0.7746253975082318, 0.21046349042439128] [0.6462468222481941, 0.3388420656844304, 0.2053746024917665, 0.7695365095756086]
10600 -1.8239937487250737 0.9518320543635443 0.9466666666666667 [0.10361087752908617, 0.9265464509582222, 0.8368627316268451, 0.02631327321918009] [0.8430557891375805, 0.020120215708444644, 0.1098039350398216, 0.9203533934474877]
10700 -1.5783411414908914 0.7641444654281858 0.9733333333333334 [0.876532056010365, 0.09621815620165387, 0.17919101819277095, 0.7947254362618772] [0.09680127732296913, 0.8771151771316797, 0.7941423151405625, 0.1786078970714559]
10800 -1.7195611268873567 0.8575595713261873 0.9133333333333333 [0.4335124555461584, 0.6155680632846795, 0.34925867033882546, 0.4283274774970031] [0.4798208777871751, 0.2977652700486539, 0.5640746629945074, 0.48500585583633]
10900 -1.4655811323143366 0.6830179710249291 0.9466666666666667 [0.039365236498340644, 0.9340455607627911, 0.9077049538336509, 0.012217582238550595] [0.9073014301683261, 0.0126211059038751, 0.03896171283301608, 0.9344490844281165]
11000 -1.4033979850621439 0.6921646663010596 0.8866666666666667 [0.01414455440857945, 0.6399164705457911, 0.8539413149760565, 0.26533099340290583] [0.8725221122580867, 0.24675019612087543, 0.03272535169060979, 0.6213356732637612]
11100 -2.0848890375719265 0.9854598440667367 0.9133333333333333 [0.20025957259496346, 0.8081161267300658, 0.5224228472386765, 0.2958681201029608] [0.7130737607383701, 0.10521720660326746, 0.3909104860946564, 0.6174652132303727]
11200 -1.3139577029586762 0.5872602226986386 0.9533333333333334 [0.01422722646255358, 0.7326118754388528, 0.9290068350024603, 0.23082072976280046] [0.9391061068707797, 0.22072145789448047, 0.02432649833087332, 0.7225126035705332]
11300 -1.1192768036114662 0.546721370123856 0.9333333333333333 [0.7190553454808772, 0.10446814440956123, 0.905936245510508, 0.13720693126572056] [0.21427798785245622, 0.8288651889237721, 0.027397087822825204, 0.7961264020676138]
11400 -1.513952660004988 0.7483373562532827 0.94 [0.178690544119197, 0.6007176624018868, 0.8432795542679085, 0.257312239211008] [0.761309455880833, 0.33928233759811305, 0.09672044573207673, 0.6826877607889776]
11500 -1.677902467252249 0.8566831204193367 0.9266666666666666 [0.2375627182560449, 0.5436183167888745, 0.8211006804124104, 0.2510516178760043] [0.6891039484106217, 0.3830483498777922, 0.10556598625425677, 0.6756150487906626]
11600 -1.3571735082238083 0.6873274780538335 0.9733333333333334 [0.2091385525410804, 0.7616348921573142, 0.9590800713697789, 0.016813150598492872] [0.7641947807922532, 0.2116984411760191, 0.014253261963553865, 0.95652018273484]
11700 -1.4667342298484807 0.5935725374982959 0.86 [0.2971809953182508, 0.5772059054974806, 0.579093874940983, 0.26651922424328683] [0.5628190046817494, 0.28279409450252, 0.2809061250590176, 0.5934807757567132]
11800 -2.207019694701525 1.0981096013788394 0.92 [0.34127595603390604, 0.5279509864752985, 0.8524305503919545, 0.11834250709884071] [0.5787240439660992, 0.39204901352431504, 0.06756944960850625, 0.8016574929010793]
11900 -1.1927221199807319 0.5218870582930951 0.94 [0.04779020030902494, 0.6762465277201317, 0.4520345008678744, 0.703928771102969] [0.8922097996909747, 0.26375347227986806, 0.48796549913212556, 0.23607122889703072]
12000 -1.6867855339835935 0.8988043202551236 0.9333333333333333 [0.0792169421414886, 0.665505600717763, 0.4549044090106964, 0.6670397147967191] [0.8541163911918455, 0.26782773261556964, 0.4784289243226365, 0.26629361853661515]
12100 -1.3615098071729386 0.7921925551179104 0.9133333333333333 [0.2839187584343355, 0.6288252067364639, 0.27478765575987035, 0.6391350457359967] [0.6294145748989983, 0.2845081265968692, 0.6385456775734634, 0.27419828759733667]
12200 -1.2291114312200964 0.6466386554278073 0.9533333333333334 [0.01141792829464741, 0.8013361261752611, 0.9389002882770975, 0.15501232391966077] [0.9419154050386864, 0.15199720715807377, 0.014433045056236014, 0.7983210094136708]
12300 -1.2518697847113864 0.645957213189526 0.9533333333333334 [0.3785231544237932, 0.5756805308595639, 0.9425790778057759, 0.009883903577533331] [0.5748101789095401, 0.3776528024737694, 0.010754255527557093, 0.9434494297558002]
12400 -1.5300132779381022 0.7288233179614588 0.9266666666666666 [0.381076720738663, 0.48202574941097054, 0.39698626555911826, 0.5932445976245808] [0.5455899459278175, 0.44464091725592064, 0.5296804011079781, 0.33342206904161686]
12500 -1.553643786411542 0.7314161110647616 0.9066666666666666 [0.7470764953374164, 0.21883950569017405, 0.364120618405448, 0.48329671390029516] [0.15959017132925085, 0.6878271609764922, 0.5425460482612183, 0.4233699527663715]
12600 -1.0875770032120362 0.5801318724319923 1.0 [0.458866415177629, 0.5489372569578728, 0.7488157688921794, 0.24338055897231778] [0.5411335848223701, 0.45106274304212735, 0.2511842311078205, 0.7566194410276821]
12700 -1.5893073031826794 0.8805500553798317 0.9333333333333333 [0.5941261010226759, 0.4147009468182205, 0.24014513675494883, 0.6176944820708206] [0.3392072323106575, 0.5186323865151127, 0.6931881965783839, 0.3156388512625122]
12800 -1.427601467647642 0.6208760810342265 0.8733333333333333 [0.3889230478634204, 0.8656734592047688, 0.4798051258308491, 0.012265033767628676] [0.4844102854699133, 0.007659874128565106, 0.3935282075024842, 0.8610682995657037]
12900 -1.6868541815822062 0.7337274480996502 0.9333333333333333 [0.07332455935439425, 0.8276355361699568, 0.8565267475733653, 0.1091798235689514] [0.8600087739789384, 0.10569779716337661, 0.07680658575996878, 0.8241535097643821]
13000 -1.362486638289775 0.6774548550628593 0.98 [0.14746798485699314, 0.9687331358227489, 0.6269611971457215, 0.21683768217453742] [0.8325320151430069, 0.011266864177251657, 0.35303880285427836, 0.763162317825463]
13100 -1.6101739710489882 0.8198411578122082 0.8866666666666667 [0.4169651734181071, 0.5956123402535978, 0.4652133574798229, 0.2955424621818057] [0.46970149324855964, 0.29105432641306916, 0.4214533091868433, 0.5911242044848612]
13200 -1.7465037735314914 0.901894171438397 0.9266666666666666 [0.24304181833000713, 0.779921057709992, 0.45742337829890073, 0.3729470789944329] [0.6836248483366597, 0.1467456089566743, 0.46924328836776574, 0.5537195876722338]
13300 -1.866512123376178 0.9898506214258672 0.9266666666666666 [0.1156990526457236, 0.71847002256564, 0.8555352476100927, 0.16362901051187687] [0.8109676140209428, 0.20819664410102662, 0.07113141905657368, 0.7630376561547898]
13400 -1.5675161509957838 0.7482579436219002 0.94 [0.665835965559193, 0.722108452644987, 0.3882012906837536, 0.10385429111206573] [0.2741640344408056, 0.21789154735501326, 0.5517987093162463, 0.8361457088879344]
13500 -1.2604357418520151 0.7190665149488528 0.9333333333333333 [0.32286157274561267, 0.918205536452095, 0.6080706353848622, 0.01752892208409729] [0.6104717605877203, 0.015127796881238437, 0.32526269794847146, 0.915804411249236]
13600 -1.4213999481514994 0.7246082013898211 0.8866666666666667 [0.00920350344415636, 0.47406933381482097, 0.819002196512796, 0.47105829956156026] [0.8774631632225101, 0.4125973328518463, 0.06766447015387082, 0.41560836710510635]
13700 -1.8289221760943009 0.8753080934768444 0.8733333333333333 [0.2765539742526524, 0.6227238822729914, 0.6060724616928698, 0.2413163484481532] [0.5967793590806807, 0.2506094510603422, 0.26726087164046336, 0.6320169848851798]
13800 -1.4950320746147376 0.7319160483032541 0.9733333333333334 [0.8674523728744148, 0.28047587429881593, 0.5640359200411654, 0.2347024994522708] [0.10588096045891877, 0.6928574590345171, 0.40929741329216823, 0.7386308338810628]
13900 -1.7724966612124593 0.8535164283539148 0.9333333333333333 [0.26299697249464554, 0.678511226773058, 0.7678982278904533, 0.1572602395085101] [0.670336360838688, 0.25482210656027543, 0.16543510544287998, 0.7760730938248237]
14000 -1.9668498749581336 0.9176859079285187 0.8666666666666667 [0.20850440169226972, 0.6485717730394747, 0.6458312896864594, 0.23042586891512906] [0.6581622649743971, 0.21809489362719206, 0.22083537698020644, 0.6362407977515379]
14100 -1.1326733603114867 0.6322487960898694 0.88 [0.4263846652891544, 0.6643142651205639, 0.21606413524241794, 0.4532369343478638] [0.45361533471084575, 0.21568573487943576, 0.6639358647575822, 0.42676306565213623]
14200 -1.2934022951297188 0.6712791999278248 0.9066666666666666 [0.04507835598102478, 0.7829704187563272, 0.6270117298544325, 0.3582728287415488] [0.8615883106856448, 0.12369624791033762, 0.27965493681223386, 0.5483938379251169]
14300 -1.3661623894431758 0.6760019870017491 0.9066666666666666 [0.012790887383349209, 0.8447199704575877, 0.870167929889028, 0.0856545456033686] [0.8938757792833179, 0.06194669620907887, 0.036498736777638825, 0.821012121063298]
14400 -1.582241470177875 0.8666305546578328 0.92 [0.44105555096906035, 0.3323348155534836, 0.3843834879021177, 0.682226145575338] [0.47894444903093986, 0.5876651844465163, 0.5356165120978825, 0.23777385442466117]
14500 -1.5360536820464525 0.7059944095033701 0.96 [0.37791994930757605, 0.6684264813862947, 0.7328854539636928, 0.1407681153424374] [0.5820800506924236, 0.2915735186137059, 0.22711454603630765, 0.8192318846575626]
14600 -1.1534362818011554 0.6184306907883442 0.9066666666666666 [0.16673218756639263, 0.8730042953174668, 0.743792427131227, 0.029804423318247123] [0.7399344791002748, 0.03366237134919954, 0.16287423953544006, 0.8768622433484192]
14700 -1.5080558857496387 0.8391578784969415 0.9733333333333334 [0.013990640507001367, 0.943422647770473, 0.7352410353464052, 0.25401234304278664] [0.9593426928263317, 0.029910685562860112, 0.23809229798693593, 0.7193209902905391]
14800 -1.3570187878647568 0.6466596454847313 0.9066666666666666 [0.1922443473152213, 0.8656549433289975, 0.6221578490252139, 0.1332761936639009] [0.7144223193514508, 0.04101172333766946, 0.2845088176414483, 0.7733904730027642]
14900 -1.582823017669368 0.7135969075536136 0.98 [0.3519932054745207, 0.5329680543278076, 0.5931175690555212, 0.48192117114215044] [0.6280067945255329, 0.44703194567219035, 0.3868824309422366, 0.4980788288600404]
15000 -1.3236687993191683 0.7162524954997517 0.8866666666666667 [0.037827695615868344, 0.5318121695650501, 0.8073237084175983, 0.39636975973481675] [0.8488389710507983, 0.3548544971016165, 0.0793429582490684, 0.4902969069318503]
15100 -1.912493064532743 0.8933405079101169 0.8933333333333333 [0.06881219305703615, 0.8465448571960817, 0.8080996070066635, 0.06321000940688552] [0.8245211402762971, 0.046788476137252004, 0.08523372632666973, 0.8301233239264479]
15200 -0.937051989351833 0.4893091869600871 0.8266666666666667 [0.4354504760405979, 0.8156929734314857, 0.3903273285893742, 0.01186255527187397] [0.39121619062606877, 0.010973693235179981, 0.4363393380772923, 0.8148041113947925]
15300 -1.2366540557734031 0.5730021262560985 0.92 [0.2969916439163635, 0.8206778305435767, 0.7116877885640779, 0.0106427369759811] [0.6230083560836362, 0.0993221694564234, 0.2083122114359218, 0.9093572630240186]
15400 -1.454439983266782 0.7866395504530405 0.8666666666666667 [0.43477575852139894, 0.27958646059927256, 0.4365918383048061, 0.582379275907856] [0.4318909081452683, 0.5870802060673942, 0.4300748283618599, 0.28428739075881115]
15500 -1.4899520222727782 0.8224980164529445 0.8733333333333333 [0.6958399758356171, 0.26031025427636667, 0.3965519917113191, 0.39396444484336374] [0.17749335749771614, 0.6130230790569661, 0.47678134162201447, 0.4793688884899699]
15600 -1.5460921389892945 0.8549353478747065 0.9666666666666667 [0.05827631358567802, 0.8961913424768341, 0.949008879642175, 0.02985679762864624] [0.9083903530809886, 0.07047532418983299, 0.01765778702447999, 0.9368098690380318]
15700 -1.298209609211687 0.5881862011461174 0.8533333333333334 [0.015808023315701566, 0.7628794046465652, 0.836765477973974, 0.09121376073042549] [0.8375253100176319, 0.09045392868676753, 0.016567855359359458, 0.762119572602908]
15800 -1.3644687087231167 0.6791640975908901 0.96 [0.4176331339190287, 0.48809256987242094, 0.22682896904223426, 0.7874453271663159] [0.5423668660809619, 0.47190743012758796, 0.7331710309577656, 0.1725546728336843]
15900 -1.102625456110627 0.5244651149090197 1.0 [0.007562205321248621, 0.9892702310541867, 0.1912873176505439, 0.8118802459740203] [0.9924377946787512, 0.010729768945812906, 0.8087126823494577, 0.18811975402597833]
16000 -1.0722008190806795 0.48595387297925935 0.9 [0.6671631578179391, 0.31685382288617653, 0.2909351078718569, 0.525047911424028] [0.23283684218206413, 0.5831461771138233, 0.6090648921281394, 0.3749520885759726]
16100 -1.7900641344642774 0.872676440421199 0.9266666666666666 [0.2610650181194195, 0.540400619885623, 0.4679307475752904, 0.5839369477530005] [0.6656016485472473, 0.38626604678104365, 0.45873591909137473, 0.34272971891366794]
16200 -1.7618004256627349 0.8578426282553075 0.88 [0.07766125074886027, 0.8423900526535855, 0.7963472273808624, 0.04360146921669129] [0.8023387492511396, 0.03760994734641424, 0.0836527726191373, 0.8363985307833091]
16300 -1.5333209582093568 0.8037086320986071 0.9733333333333334 [0.06733667128619772, 0.8906180381218978, 0.5102293829304988, 0.4784825743280723] [0.9059966620471349, 0.08271529521143521, 0.4631039504028344, 0.4948507590052613]
16400 -2.084923454475623 1.0941018686733284 0.96 [0.18279129933001476, 0.7888778301207683, 0.4507377150504573, 0.49759315549875927] [0.7772087006699855, 0.17112216987923107, 0.5092622849495426, 0.4624068445012408]
16500 -1.2834572555415602 0.6551887338477866 0.9333333333333333 [0.29413943033637724, 0.9141808314665633, 0.6392250301501604, 0.01912137471356518] [0.6391939029969546, 0.019152501866751936, 0.29410830318317704, 0.9142119586197831]
16600 -1.3007459301613753 0.6045415444625558 0.88 [0.13862204642702067, 0.7948498746126571, 0.7410459009481121, 0.0854821780122097] [0.7413779535730091, 0.08515012538734604, 0.13895409905185055, 0.7945178219877932]
16700 -1.2710465261117834 0.6595291959874855 0.8933333333333333 [0.08223291469479678, 0.8819651881319794, 0.8087515465173163, 0.013717017322573606] [0.8111004186385373, 0.011368145201353505, 0.08458178681601637, 0.8796163160107601]
16800 -1.6245678112283257 0.8406782428312466 0.8733333333333333 [0.37302156660867536, 0.7218504154497346, 0.6436037758953836, 0.008190908712873368] [0.500311766724658, 0.15148291788359886, 0.2297295574379494, 0.86514242462046]
16900 -0.9802892903533136 0.4876099703142985 0.8133333333333334 [0.5088779940281646, 0.5477771471131856, 0.31558093434375933, 0.25443059118155753] [0.30445533930516855, 0.26555618622014815, 0.4977523989895743, 0.558902742151776]
17000 -1.5952258008982092 0.7964679739530951 0.9266666666666666 [0.7933684779418667, 0.07402504645371617, 0.13725201624946148, 0.8486877926882888] [0.13329818872479998, 0.8526416202129508, 0.7894146504172052, 0.07797887397837779]
17100 -1.2170998853993351 0.6754709165677291 0.9066666666666666 [0.893576474781577, 0.38045592498549435, 0.01529790274630787, 0.524003030819954] [0.013090191885090058, 0.5262107416811721, 0.8913687639203592, 0.38266363584671254]
17200 -1.4776836832089855 0.7721997531790487 0.9733333333333334 [0.1422748572264067, 0.8766945030622754, 0.23894530729954905, 0.6887519990784351] [0.8310584761069262, 0.0966388302710581, 0.7343880260337845, 0.2845813342548975]
17300 -1.245475375848242 0.6441348972807047 0.8866666666666667 [0.2910282652070975, 0.6713413748329286, 0.800787815163221, 0.010175878130086378] [0.595638401459568, 0.21532529183373816, 0.0858788515034467, 0.8764907885365816]
17400 -1.4236227768123597 0.7026368160974137 0.9266666666666666 [0.16002373616434853, 0.7655722717081621, 0.900915120426218, 0.026822205034604665] [0.7666429305023185, 0.16109439495850456, 0.02575154624044857, 0.899844461632062]
17500 -1.566325091328989 0.8096565538900277 0.9466666666666667 [0.1280186469132234, 0.9119690919274624, 0.8243398189957347, 0.029005775496913872] [0.8186480197534431, 0.034697574739204685, 0.12232684767093263, 0.9176608911697525]
17600 -1.776576697376022 0.8723957168286918 0.92 [0.2821200710256431, 0.63362964175986, 0.9097757204567756, 0.01447456675772141] [0.6378799289743567, 0.28637035824014007, 0.01022427954322446, 0.9055254332422794]
17700 -1.4177792493877341 0.7826890367660876 0.92 [0.08941665761453015, 0.7124382697845533, 0.6025085783102115, 0.43563649429070483] [0.8305833423854698, 0.2075617302154469, 0.31749142168978806, 0.4843635057092946]
17800 -1.5193662953666376 0.7697122421101329 0.92 [0.4922634713777054, 0.5074218650422314, 0.691462189029801, 0.14885247455026218] [0.427736528622293, 0.4125781349577683, 0.2285378109702005, 0.7711475254497383]
17900 -1.2358676220198443 0.5965159143041355 0.98 [0.43005408471064255, 0.45708714387738875, 0.4135783909057062, 0.659280380506263] [0.5499459152893572, 0.5229128561226111, 0.5664216090942944, 0.3207196194937374]
18000 -1.1226705479654213 0.5134845756039786 0.9133333333333333 [0.32792767363865166, 0.22849707877670894, 0.8475667728115335, 0.4226751414397732] [0.5854056596946817, 0.6848362545566242, 0.06576656052179972, 0.49065819189356064]
18100 -1.2438617285181843 0.691338720318693 0.9466666666666667 [0.33537484705377046, 0.6165102578162162, 0.9194132064197438, 0.02203502204360331] [0.6112918196128962, 0.330156408850451, 0.02725346024692282, 0.9246316446230638]
18200 -1.5658118036090196 0.7870629567530133 0.9466666666666667 [0.06939814518836769, 0.8862441752652344, 0.9205301146020708, 0.01716089827766027] [0.877268521478299, 0.06042249140143229, 0.02613655206459549, 0.9295057683890064]
18300 -1.3918314619276118 0.6675190766022038 0.9466666666666667 [0.416974880258761, 0.665909271206383, 0.13400392968677027, 0.6764452521814197] [0.5296917864079058, 0.28075739546028405, 0.8126627369798963, 0.27022141448524684]
18400 -0.7943300573403881 0.4502077283509463 1.0 [0.029040598073236848, 0.9709397413318996, 0.0093930554031644, 0.9906266051916994] [0.9709594019267632, 0.029060258668099945, 0.9906069445968352, 0.009373394808301084]
18500 -1.6384579608088419 0.7113122582890945 0.9333333333333333 [0.2980778640549336, 0.6689800403949746, 0.4097137572309089, 0.4898950049858492] [0.6352554692783994, 0.26435329293835824, 0.5236195761024246, 0.4434383283474845]
18600 -1.410147674838632 0.7615342246913208 0.9866666666666667 [0.8551575309405767, 0.13114783898286397, 0.5737119632406061, 0.4133160001692856] [0.1315091357260895, 0.855518827683803, 0.4129547034260605, 0.5733506664973808]
18700 -1.2186796284230463 0.6384477824831732 0.9466666666666667 [0.2814110067773495, 0.665795147357053, 0.9328778788152688, 0.01324930038366323] [0.6652556598893173, 0.2808715193096137, 0.013788787851398724, 0.9334173662830042]
18800 -1.123046897138559 0.5639568227929423 0.96 [0.019393334883791104, 0.951335461994582, 0.647997874547533, 0.3012733285740951] [0.9406066651162096, 0.008664538005418861, 0.3120021254524673, 0.6587266714259047]
18900 -1.8163159949569085 0.8519316267536776 0.9333333333333333 [0.27530178470699374, 0.5417765504800094, 0.8486303329720036, 0.2009579985076596] [0.6580315486263398, 0.39155678285332424, 0.08470300036132919, 0.7323753348256735]
19000 -1.3174360703965893 0.7470863530126214 0.9 [0.7051801395752285, 0.3203096388898961, 0.19931250620374488, 0.5751977153311308] [0.19481986042477145, 0.579690361110104, 0.7006874937962551, 0.324802284668869]
19100 -1.5351548400673583 0.7279644617484597 0.9666666666666667 [0.8036003154406576, 0.19053513936672367, 0.7298316135811792, 0.20936626494477337] [0.16306635122600902, 0.776131527299943, 0.23683505308548802, 0.7573004017218934]
19200 -1.4241418668819277 0.7274131924782024 0.8666666666666667 [0.8337047904857203, 0.13551907380672976, 0.040861915540706256, 0.7232475535001772] [0.03296187618094674, 0.7311475928599374, 0.8258047511259603, 0.1434191131664895]
19300 -1.7124578620441844 0.8701930149877262 0.96 [0.20783421636218946, 0.780372861804746, 0.8486900881003894, 0.08310283373267582] [0.7521657836378107, 0.17962713819525383, 0.11130991189961122, 0.876897166267324]
19400 -1.2345139863193966 0.6503585533706328 0.88 [0.02884838122055705, 0.8435349429588053, 0.8596973271785647, 0.027919348642072284] [0.8511516187794407, 0.036465057041194605, 0.02030267282143506, 0.8520806513579292]
19500 -1.317240654299727 0.6822278552482393 0.88 [0.6248425897281236, 0.5207479213980528, 0.17816157397116383, 0.4362479149026601] [0.2551574102718766, 0.3592520786019471, 0.7018384260288361, 0.44375208509733993]
19600 -1.6577722628796072 0.8353078562720628 0.96 [0.572878859480532, 0.2767970724760423, 0.5099073846794694, 0.5604166833639566] [0.3871211405194583, 0.6832029275239603, 0.4500926153205368, 0.3995833166360452]
19700 -1.6676440802366421 0.8865391107946938 0.9333333333333333 [0.018114817492309813, 0.9052425917384683, 0.7968491495727172, 0.14646010786317146] [0.9152185158410233, 0.02809074159485885, 0.13648418376061638, 0.7868732254701688]
19800 -1.5676706683310824 0.7777873915588778 0.9333333333333333 [0.22740071058057598, 0.8843432671493195, 0.7054541545187331, 0.049468534418038036] [0.7059326227527574, 0.048990066184013616, 0.22787917881460046, 0.8838647989152958]
19900 -1.273911612185667 0.6366589815932393 0.9466666666666667 [0.27560682020953636, 0.6697466852129125, 0.7281432159282065, 0.21983661198267773] [0.6710598464571305, 0.27691998145375396, 0.21852345073846005, 0.7268300546839892]
20000 -1.1871545116134936 0.6071204918255297 0.92 [0.5434081126267647, 0.3768427700338097, 0.4789692573281105, 0.4407798600113148] [0.3765918873732351, 0.54315722996619, 0.44103074267188996, 0.4792201399886851]
20100 -1.2574651174774136 0.5998932473513457 0.9333333333333333 [0.3415191085140591, 0.9244241581358498, 0.33793707659037303, 0.2627863234263846] [0.5918142248193137, 0.00890917519744742, 0.5953962567425788, 0.6705470099073265]
20200 -1.4328159840015013 0.6776931698738956 0.9133333333333333 [0.013818888611291638, 0.8611936309398049, 0.8673794019079304, 0.08427474520763921] [0.8995144447220413, 0.05213970239352789, 0.04595393142540276, 0.8290585881256946]
20300 -1.6350372254618915 0.8778475769820582 0.9133333333333333 [0.17424982908333436, 0.7444623176251344, 0.8453290204579215, 0.06262549950027683] [0.7390835042499853, 0.16887101570826643, 0.06800431287478047, 0.8507078338336344]
20400 -1.6316708986368398 0.786186396016204 0.98 [0.502501921444678, 0.4748974837441737, 0.6639668782561897, 0.31863371655495826] [0.4774980785553214, 0.5051025162558263, 0.3160331217438101, 0.6613662834450418]
20500 -1.3719221861019006 0.693548420654154 0.8733333333333333 [0.15991041793939695, 0.8601844521146359, 0.6492782640772569, 0.0772935325353777] [0.7134229153939364, 0.013148881218697906, 0.22405506925607682, 0.7960398007979557]
20600 -1.406597041225961 0.7445972229700409 0.92 [0.07368166680494542, 0.9011715529694154, 0.8463455471273869, 0.018801233098252525] [0.8463183331950552, 0.018828447030584873, 0.07365445287261294, 0.9011987669017475]
20700 -1.6339693754549427 0.8635803928414209 0.88 [0.1475238532358254, 0.8689544507844715, 0.6348151122103021, 0.10870658376940144] [0.7324761467641744, 0.011045549215528548, 0.24518488778969835, 0.7712934162305988]
20800 -1.354132410975565 0.6454262995452561 0.96 [0.3924059981504414, 0.6998056022320599, 0.5733618938691676, 0.2544265057483322] [0.5675940018492613, 0.2601943977679509, 0.3866381061309067, 0.7055734942518813]
20900 -1.3190137256990964 0.6288620861512354 0.9066666666666666 [0.17681365223999249, 0.7673316034830879, 0.7960192768598995, 0.07316880075035394] [0.7298530144266744, 0.1393350631835792, 0.11064738980676705, 0.8334978659163131]
21000 -1.5962913090550759 0.7579251186341346 0.9066666666666666 [0.8093748418848288, 0.4535058741571207, 0.10376404450228696, 0.44668857278909757] [0.09729182478183841, 0.4531607925095461, 0.8029026221643794, 0.4599780938775689]
21100 -1.3692584982976017 0.726963976124421 0.9666666666666667 [0.9492611249494456, 0.0945107044081864, 0.5787156314437693, 0.31084587253193274] [0.017405541717221952, 0.8721559622584792, 0.38795103522289937, 0.6558207941347327]
21200 -1.2937566334801 0.693879226202421 0.8733333333333333 [0.06615576191617482, 0.7518733191530114, 0.6627495635885945, 0.2658880220088858] [0.8071775714171592, 0.12146001418032124, 0.2105837697447392, 0.6074453113244481]
21300 -1.272287896588687 0.6456547133886069 0.92 [0.011327479213023527, 0.8272700220506618, 0.5870172325837987, 0.4143852661525153] [0.9086725207869764, 0.09272997794933772, 0.3329827674162013, 0.5056147338474841]
21400 -1.5443333912028845 0.7508944908707563 0.96 [0.3660550809264077, 0.5930727214097876, 0.5069966174128101, 0.45387558025099506] [0.5939449190735925, 0.3669272785902125, 0.4530033825871904, 0.5061244197490047]
21500 -1.4630114617987569 0.7075705611913166 0.9 [0.14344403971123584, 0.6628334322011523, 0.8010055956377846, 0.19271693244982768] [0.7565559602887642, 0.23716656779884795, 0.09899440436221552, 0.7072830675501719]
21600 -2.4376929450412557 1.2212497438881713 0.9466666666666667 [0.3740698573054197, 0.5514552924753059, 0.8359486852100619, 0.13185949834254596] [0.5725968093612478, 0.395211374191361, 0.11071798145660355, 0.8148071683241215]
21700 -1.5332425595965073 0.7490833504562469 0.8933333333333333 [0.5387362844015641, 0.5307559397377233, 0.3377648348085039, 0.3794096077188755] [0.3545970489317695, 0.36257739359561003, 0.5555684985248294, 0.5139237256144579]
21800 -1.17781175270888 0.5770557122095356 0.8866666666666667 [0.5145112418971054, 0.5933413540197902, 0.3725553843166165, 0.29292535309982154] [0.372155424769562, 0.2933253126468763, 0.5141112823500498, 0.5937413135668458]
21900 -1.76499995416083 0.8585180721929845 0.98 [0.4949097556862068, 0.4464668481135295, 0.6660331355229276, 0.35259026067733523] [0.485090244313793, 0.5335331518864703, 0.31396686447707217, 0.6274097393226645]
22000 -1.3309728056741124 0.6211311463385104 0.9933333333333333 [0.1957327102757128, 0.7969772104551134, 0.3985254166065104, 0.59543132932933] [0.79760062305762, 0.19635612287822, 0.5948079167268228, 0.39790200400400333]
22100 -1.286404939627778 0.6045578399746109 0.94 [0.009881928278563216, 0.839762345972513, 0.6969990590547022, 0.333356666694221] [0.9301180717214376, 0.10023765402748626, 0.24300094094529787, 0.606643333305779]
22200 -1.2879495661659897 0.630913254069581 0.8933333333333333 [0.2812632115120655, 0.6723683564059962, 0.5208084397488509, 0.3122266589997532] [0.6120701218212825, 0.22096497692710623, 0.37252489358446833, 0.5811066743338101]
22300 -1.4476589724843776 0.6504289345557498 0.94 [0.17459301231531946, 0.7663685516503276, 0.9205585649243379, 0.018479871110014916] [0.7654069876846809, 0.17363144834967245, 0.01944143507566193, 0.9215201288899854]
22400 -1.6164401954151852 0.7644004511338331 0.9333333333333333 [0.8379289434035162, 0.09308663975825252, 0.3657978571756144, 0.5698532263292835] [0.09540438992981459, 0.8402466935750875, 0.56753547615772, 0.3634801070040447]
22500 -1.6761087658710774 0.8853412507674673 0.9466666666666667 [0.02727025210006735, 0.9280355989566461, 0.7347066150684699, 0.20332086720815015] [0.9193964145665988, 0.01863106771002067, 0.21196005159819656, 0.7433457994585156]
22600 -1.504482538007381 0.8970223309633787 0.8533333333333334 [0.05054341978231853, 0.5784295728673805, 0.8022800160660271, 0.2754136579509403] [0.8027899135510151, 0.2749037604659529, 0.05105331726730598, 0.5779196753823929]
22700 -1.7073822812084303 0.9373225351579773 0.9066666666666666 [0.28393482208085147, 0.6431592851533785, 0.6034014355104289, 0.28283779058867436] [0.6227318445858153, 0.263507381513288, 0.30326523115623777, 0.6238288760779925]
22800 -1.1734479766331238 0.5985870453789082 0.8266666666666667 [0.09367948719257944, 0.28228664013301, 0.7951651263131531, 0.48220207969459095] [0.7329871794740866, 0.544380026533656, 0.03150154035351362, 0.34446458697207577]
22900 -1.9509047978840879 0.9406464264962813 0.96 [0.13616682289032345, 0.6485732520235542, 0.6503133265801713, 0.48494659850595145] [0.8238331771096762, 0.31142674797644554, 0.30968667341982953, 0.4750534014940489]
23000 -1.6177390676190662 0.8025163343527352 0.9733333333333334 [0.3145214715340395, 0.6618311633755477, 0.45407084307480744, 0.5162431886822725] [0.6588118617992936, 0.3115021699577851, 0.519262490258526, 0.4570901446510615]
23100 -1.8214826427101138 0.8569015420030761 0.9 [0.07177672727010656, 0.7251471274561598, 0.8190743507434324, 0.18400179453030158] [0.8282232727298932, 0.17485287254384047, 0.08092564925656767, 0.7159982054696981]
23200 -1.6600920984565313 0.9186228452004714 0.94 [0.10473748473463146, 0.9097610031579408, 0.4840980123217787, 0.3814034997856483] [0.8352625152653681, 0.030238996842058986, 0.4559019876782214, 0.5585965002143515]
23300 -1.8606388965956562 0.9100728025850473 0.9333333333333333 [0.627980094170564, 0.4635691172748342, 0.38957928757401666, 0.3855381676472519] [0.30535323916282864, 0.4697642160584392, 0.5437540457592759, 0.5477951656861235]
23400 -1.6557560422760411 0.8680517077452982 0.9133333333333333 [0.2111377478412339, 0.5951259596330751, 0.5647527853955572, 0.4556501737968007] [0.7021955854920993, 0.3182073737002583, 0.348580547937776, 0.45768315953653294]
23500 -1.7867795937648332 0.722530281546843 0.8933333333333333 [0.15265530092901033, 0.6391465533646867, 0.8225869655516524, 0.17227784682131733] [0.7406780324043232, 0.2541867799686465, 0.07074636778168103, 0.7210554865120162]
23600 -2.0529650413534406 1.0066275052232567 0.9133333333333333 [0.2606525010740944, 0.6140769890419077, 0.5619640463347512, 0.389973130215914] [0.6526808322592383, 0.29925634429142584, 0.35136928699858266, 0.5233602031174195]
23700 -1.4782516525166132 0.7705009468027609 0.92 [0.7098373555194019, 0.1787656196333805, 0.055034718680841775, 0.8963623061663761] [0.21016264448060706, 0.7412343803666142, 0.8649652813191591, 0.023637693833621052]
23800 -2.011999680176355 1.0451693827740758 0.98 [0.8388303420398896, 0.13728171633534678, 0.2589371511613108, 0.7249507904634536] [0.14116965796011088, 0.8427182836646533, 0.7210628488386892, 0.25504920953654675]
23900 -1.2240339709558512 0.5150459078260681 0.9 [0.304959192538421, 0.8821722128164157, 0.5512491745022553, 0.061619420142908145] [0.5950408074615767, 0.01782778718356032, 0.34875082549777486, 0.838380579857087]
24000 -1.3547690769053082 0.7811205255930481 0.9866666666666667 [0.39854426201257576, 0.589648743607086, 0.4390133591597864, 0.5461269685538853] [0.5881224046540903, 0.3970179230595802, 0.5476533075068805, 0.44053969811278154]
24100 -1.3707113520030807 0.7303108981662266 0.9333333333333333 [0.4909651797425633, 0.6046968703212224, 0.6752160232353817, 0.09578859336749937] [0.44236815359076975, 0.32863646301211086, 0.2581173100979515, 0.8375447399658339]
24200 -1.6131156974057337 0.8862160045895805 0.8933333333333333 [0.3655680857327143, 0.5248807737265948, 0.7683901101741674, 0.12782769703318997] [0.5277652476006195, 0.3684525596067386, 0.124943223159165, 0.7655056363001436]
24300 -1.4991151626482901 0.7457418385281994 0.9466666666666667 [0.7295688914035884, 0.1099491004801906, 0.7981179555563245, 0.2556973858932304] [0.2170977752630785, 0.8367175661864761, 0.1485487111103424, 0.6909692807734369]
24400 -2.1993731110790447 1.0097751406736493 0.88 [0.5036856095978502, 0.6540823846056891, 0.30108544939763465, 0.301146556398826] [0.3763143904021498, 0.22591761539430985, 0.578914550602365, 0.5788534436011746]
24500 -0.9198550733268792 0.4511243841865831 0.8866666666666667 [0.028797819373140965, 0.3077318946380673, 0.8788045425213143, 0.5579990768008113] [0.8578688472935259, 0.5789347720285991, 0.00786212414535287, 0.3286675898658556]
24600 -1.3488856008519348 0.6825710284192011 0.9133333333333333 [0.022723030151442912, 0.6845672130237079, 0.6673028284958815, 0.45207359499563343] [0.8906103031818903, 0.22876612030962515, 0.24603050483745156, 0.46125973833769973]
24700 -1.2573371521500942 0.6344312583379922 0.9333333333333333 [0.53001077999466, 0.704771775971776, 0.6204730576308208, 0.011411053069409649] [0.40332255333867356, 0.22856155736155728, 0.31286027570251207, 0.9219222802639238]
24800 -1.7155793277524845 0.9970251659527937 0.88 [0.2769683901213264, 0.4537342513438867, 0.6958146115351483, 0.3334827469996387] [0.6030316098786735, 0.4262657486561132, 0.18418538846485175, 0.5465172530003617]
24900 -1.4579126681803751 0.7452392750590576 0.9466666666666667 [0.7879077583486594, 0.1663427554229032, 0.45594834013837193, 0.483134479423399] [0.15875890831800768, 0.7803239112437659, 0.4907183265282953, 0.46353218724326506]
25000 -1.312407588573109 0.76301234619621 0.84 [0.3460488843740391, 0.2660411696094188, 0.4235932197300444, 0.6443167262864973] [0.493951115625961, 0.5739588303905813, 0.41640678026995553, 0.19568327371350208]
25100 -1.9088405273034437 0.9836543397420365 0.9733333333333334 [0.48304363587524135, 0.4603033335798714, 0.29264338284083774, 0.7106763143707162] [0.49028969745809176, 0.5130299997534624, 0.6806899504924951, 0.2626570189626174]
25200 -1.502749611992524 0.7608602676215112 0.9266666666666666 [0.48083980261311166, 0.6379079704604962, 0.14476542700326747, 0.5898201332564574] [0.4458268640535552, 0.2887586962061697, 0.7819012396633992, 0.33684653341020915]
25300 -1.3823792645480637 0.684173416717834 0.88 [0.43079886507282833, 0.5336674167053362, 0.4484885860511282, 0.3470451321707072] [0.44920113492717195, 0.3463325832946641, 0.4315114139488721, 0.5329548678292927]
25400 -1.307420236870147 0.5673879687311562 0.94 [0.015767562556561383, 0.9234736593577234, 0.9298166562338126, 0.010942121851901371] [0.9242324374434399, 0.016526340642275834, 0.010183343766186832, 0.9290578781480989]
25500 -1.75204191124753 0.8453621669361033 0.92 [0.11268633420040715, 0.7403278624255405, 0.5989058089697914, 0.38807999440426205] [0.8073136657995931, 0.1796721375744599, 0.321094191030209, 0.531920005595738]
25600 -1.4473963637292333 0.7522270117116784 0.96 [0.14320144549323952, 0.8131114757130727, 0.36642915683928207, 0.5972579219544061] [0.8167985545067601, 0.14688852428692667, 0.5935708431607069, 0.36274207804560626]
25700 -1.645261730011577 0.8321621620983518 0.9466666666666667 [0.702912135438797, 0.43881487666593283, 0.05650663958773741, 0.6950996816408667] [0.2437545312278705, 0.5078517900007337, 0.8901600270789296, 0.25156698502580005]
25800 -1.4580648532527376 0.7233419861358759 0.8666666666666667 [0.5554774259951277, 0.5172064890096093, 0.4625500467237205, 0.19809937160487587] [0.3111892406715391, 0.3494601776570576, 0.4041166199429459, 0.6685672950617908]
25900 -2.1611879477437896 1.0089928669525807 0.96 [0.49020599268394155, 0.41676841403373577, 0.3787393142901557, 0.6342862789921668] [0.4697940073160632, 0.5432315859662654, 0.5812606857098382, 0.32571372100783336]
26000 -1.9251331302189123 0.9596057303254376 0.9466666666666667 [0.36275230289703114, 0.4437492986024919, 0.7400873985415916, 0.34674433329221843] [0.5839143637696355, 0.5029173680641751, 0.20657926812507457, 0.5999223333744482]
26100 -1.3135336668734314 0.641691065024827 0.8533333333333334 [0.6618369842783686, 0.3946277879280154, 0.18795307152297955, 0.4622488229373033] [0.19149634905496477, 0.4587055454053161, 0.6653802618103543, 0.3910845103960319]
26200 -1.603045465797058 0.8336411332886204 0.9133333333333333 [0.5642621899130935, 0.40547251781687865, 0.6782352504159482, 0.1786967085207459] [0.34907114342024004, 0.5078608155164542, 0.23509808291738446, 0.7346366248125884]
26300 -2.146853164012657 1.1120313782049414 0.8866666666666667 [0.5972123437829158, 0.4467981806794091, 0.3984725302095352, 0.330850278661473] [0.28945432288375067, 0.4398684859872573, 0.48819413645713144, 0.5558163880051935]
26400 -0.8418218841913871 0.44979702091966856 0.8466666666666667 [0.5496720241017303, 0.6065641388852647, 0.29665286164200755, 0.24044430870433162] [0.29699464256493696, 0.24010252778140223, 0.5500138050246592, 0.6062223579623356]
26500 -1.4559454252475916 0.7878156461592679 0.9533333333333334 [0.521362724796914, 0.5314991918871942, 0.17475892064107099, 0.6790458293414872] [0.43197060853641905, 0.4218341414461389, 0.7785744126922622, 0.2742875039918466]
26600 -1.3192184640000562 0.6205994675176513 0.9466666666666667 [0.919436451459571, 0.02898750081836275, 0.011226971419490408, 0.9336824096359083] [0.027230215207095416, 0.9176791658483042, 0.9354396952471755, 0.012984257030757847]
26700 -2.121276936414851 1.1435854527996883 0.9333333333333333 [0.3592907257166051, 0.5735724633574718, 0.2932075847492958, 0.6405958928432942] [0.5740426076167282, 0.35976086997586193, 0.6401257485840374, 0.292737440490039]
26800 -1.317837024591367 0.6694129378375946 0.9 [0.10273187949233753, 0.7822718875546212, 0.8714490021220657, 0.043547230830975406] [0.797268120507662, 0.11772811244537817, 0.02855099787793467, 0.8564527691690242]
26900 -1.4384458262566273 0.7213617492403064 0.9666666666666667 [0.24930335191393918, 0.7603179297185884, 0.7970156937167577, 0.12669635798404813] [0.7173633147527267, 0.20634873694807815, 0.16965097294990916, 0.8399703086826181]
27000 -1.5811543316665697 0.8227204779555266 0.96 [0.9371026761898346, 0.05120290143164478, 0.025903531819301603, 0.9057908905592198] [0.022897323810165387, 0.9087970985683552, 0.9340964681806988, 0.05420910944078124]
27100 -1.2765605707568175 0.62413882051537 0.86 [0.6468150555112208, 0.5951189499802738, 0.2379707823028025, 0.24009521220570215] [0.21318494448877867, 0.264881050019726, 0.6220292176971977, 0.6199047877942976]
27200 -1.4859855728475913 0.7330027960556393 0.88 [0.02127106845672563, 0.8484390427212735, 0.8589174697275818, 0.031372419094418943] [0.8587289315432746, 0.03156095727872626, 0.02108253027241818, 0.8486275809055805]
27300 -1.4989109379939174 0.6576205634128024 0.9 [0.1562990518871879, 0.4427656858668341, 0.6789504767349211, 0.5219847855110575] [0.7437009481128122, 0.45723431413316606, 0.22104952326507943, 0.37801521448894243]
27400 -1.556997084286459 0.7383108920520107 0.9266666666666666 [0.0822397519769451, 0.8955033280062155, 0.8613190594867536, 0.014271193863418822] [0.8444269146897218, 0.031163338660450735, 0.06534760717991306, 0.9123954728032477]
27500 -1.4319624910493836 0.6875634322267193 0.9333333333333333 [0.03530129916866513, 0.9140672295306884, 0.8900348338904928, 0.027263304076819896] [0.8980320341646679, 0.01926610380264545, 0.043298499442839464, 0.9060700292565133]
27600 -1.446024333587592 0.8076458498307116 0.9466666666666667 [0.11923961246357981, 0.7505519730547348, 0.6658165542826944, 0.3577251935323242] [0.8274270542030877, 0.19611469361193143, 0.28085011238397267, 0.588941473134343]
27700 -1.3567987408725593 0.6959427999017465 0.8866666666666667 [0.09499820559159061, 0.7141586226433922, 0.7769852981177636, 0.1871912069805867] [0.791668461075076, 0.17250804402327438, 0.10968136854890277, 0.6994754596860805]
27800 -1.9286950863482757 0.9482233186570463 0.92 [0.5412450346072887, 0.45476310028080896, 0.1809154109568661, 0.663076454155036] [0.37875496539270953, 0.46523689971919274, 0.7390845890431339, 0.2569235458449643]
27900 -1.552788488835177 0.7989210287901561 0.9333333333333333 [0.11324585867237917, 0.8593705020721939, 0.7539897686818252, 0.14006053724026846] [0.820087474660954, 0.07396283126113881, 0.17934356465150864, 0.7932727960930651]
28000 -1.2478974440131199 0.5772185461596262 0.9066666666666666 [0.5062287274656213, 0.4286162726852902, 0.6298018019666665, 0.2486865312157549] [0.4004379392010469, 0.47805039398137544, 0.2768648646999804, 0.6579801354509314]
28100 -1.4207517312577285 0.6506784298213851 0.9066666666666666 [0.135031613824616, 0.8425839465990019, 0.8115021656963305, 0.02421560721338517] [0.771635052842051, 0.06408272006766413, 0.09516450097033671, 0.8824510594532815]
28200 -1.4857174553756554 0.7083640741983147 0.8933333333333333 [0.0648589163424858, 0.8734075162138447, 0.8277048046358686, 0.020695429474467182] [0.8284744169908477, 0.019925817119488307, 0.06562852869746462, 0.8726379038588662]
28300 -1.2773022330683086 0.6246341213606083 0.8933333333333333 [0.011982967079669045, 0.712149149088532, 0.8829906630910146, 0.17954388740745075] [0.8813503662536645, 0.18118418424480148, 0.0103426702423183, 0.713789445925883]
28400 -1.6470378377043993 0.7507245589549227 0.9466666666666667 [0.04100492631175347, 0.8846177870343077, 0.7470280759313074, 0.22068254405596496] [0.905661740354913, 0.06204887963235913, 0.19963859073535903, 0.7259841226107021]
28500 -1.5800436781222045 0.7478431234407121 0.9466666666666667 [0.8156108371069908, 0.13175912636847434, 0.05737076131110084, 0.8885926085467674] [0.13105582955967568, 0.8149075402981927, 0.8892959053555656, 0.05807405811989954]
28600 -1.2618452586883981 0.5487238505733067 0.9866666666666667 [0.25907620511478, 0.7283608346312058, 0.5385646229707497, 0.44733167061659684] [0.727590461551887, 0.2583058320354605, 0.448102043695917, 0.5393349960500695]
28700 -1.3232445574017873 0.6483022165671536 0.96 [0.014977584057788167, 0.9513933029912914, 0.5056438675255314, 0.4479852454253887] [0.9450224159422116, 0.008606697008708213, 0.45435613247446877, 0.512014754574611]
28800 -1.7237334118025114 0.9213749072860291 0.92 [0.5645279554841857, 0.29820547446757156, 0.46228189510002826, 0.5149846749482144] [0.3554720445158146, 0.6217945255324288, 0.45771810489997145, 0.4050153250517856]
28900 -1.0509764007222748 0.5746649716082293 0.96 [0.854737700166148, 0.10278388005427654, 0.9535758785562659, 0.008902541223309475] [0.10526229983384791, 0.8572161199457273, 0.006424121443733391, 0.951097458776691]
29000 -1.0758909378338013 0.59462521487367 0.9066666666666666 [0.5687637041217685, 0.47652806682572296, 0.7535292795294645, 0.01451228285637739] [0.3379029625448983, 0.4301385998409438, 0.15313738713720193, 0.8921543838102894]
29100 -1.5800015904693687 0.7936151447723786 0.86 [0.7017359370329976, 0.4219486403964276, 0.06013198270225175, 0.5361834398683225] [0.15826406296700213, 0.4380513596035714, 0.7998680172977468, 0.323816560131678]
29200 -1.5239346860584784 0.7876852417221226 0.9333333333333333 [0.05699865526173298, 0.8431377566445939, 0.6198034581136154, 0.34672679664672373] [0.8763346780716006, 0.0901955766887384, 0.3135298752197179, 0.5866065366866092]
29300 -1.8977742834967815 1.0496343696310808 0.8733333333333333 [0.25658940420387766, 0.7230572619377357, 0.42706421229576835, 0.3399557882292849] [0.616743929129456, 0.15027607139559693, 0.4462691210375652, 0.5333775451040488]
29400 -1.2570933683100514 0.659864589153303 0.92 [0.016864586017310623, 0.5266969503277329, 0.7825904672009398, 0.5138479964540164] [0.9031354139826897, 0.393303049672267, 0.13740953279905993, 0.4061520035459836]
29500 -1.5411728509853064 0.8256106864752484 0.92 [0.12029539842727618, 0.710346398554449, 0.8821321001356052, 0.1272261028826691] [0.7997046015727245, 0.2096536014455508, 0.03786789986439412, 0.7927738971173313]
29600 -1.5186398881813867 0.7753969828712127 0.9066666666666666 [0.24858716662672753, 0.6350795175826953, 0.8933134352424689, 0.036353213881442054] [0.6580795000399401, 0.2715871490839717, 0.013353231424197774, 0.8703134527852245]
29700 -1.4196560268448748 0.6700459389769359 0.9466666666666667 [0.9232336343778763, 0.026926229268378298, 0.31613513577789726, 0.6270383339091821] [0.02343303228879086, 0.9197404373982884, 0.6305315308887692, 0.3196283327574847]
29800 -1.2579923205187713 0.5968342910444013 0.8666666666666667 [0.6199797301052471, 0.23459573747579499, 0.32200950228367325, 0.5567483634686177] [0.2466869365614194, 0.6320709291908717, 0.5446571643829929, 0.30991830319804936]
29900 -1.2655963761691753 0.6389994793326385 0.92 [0.31395905639303207, 0.7288435613513606, 0.7850159193673188, 0.012181462888288003] [0.6060409436069678, 0.19115643864863888, 0.13498408063268075, 0.9078185371117121]
30000 -0.8261026862578433 0.3712718520039117 0.9 [0.627224020192247, 0.8914802392310698, 0.27247588762233965, 0.008819852954344225] [0.27277597980775264, 0.008519760768930568, 0.6275241123776608, 0.8911801470456557]
