step Ek EV sign nup ndn
100 -1.737524215122273 0.9624483624317918 0.9 [0.6611008558533652, 0.21970096679033646, 0.3177598278857067, 0.6014383494705915] [0.23935725089557194, 0.6782926641225945, 0.5816754141350348, 0.3006746708467985]
200 -1.6485349358711827 0.9308093760067648 0.9333333333333333 [0.42874049261263547, 0.5226634138154214, 0.6070548898937993, 0.3082078703448094] [0.5045928407206899, 0.41066991951791776, 0.32627844343943724, 0.6251254629886215]
300 -1.977908817970156 0.9733857780071219 0.9466666666666667 [0.05584715471586271, 0.9107603765639355, 0.7875515828332612, 0.13917421922027395] [0.8908195119507487, 0.035906290102183644, 0.15911508383382722, 0.8074924474465737]
400 -1.537345137219429 0.7592477242044987 0.92 [0.112363881416632, 0.8103995314759158, 0.900688269515679, 0.016548317591771982] [0.8076361185832394, 0.10960046852416541, 0.019311730484356367, 0.9034516824082391]
500 -1.8821801657812933 0.9863569676218227 0.9466666666666667 [0.6132596259752213, 0.32106270494509015, 0.6195062913687368, 0.3395047110442851] [0.33340704068959975, 0.6256039617235291, 0.32716037530137637, 0.6071619556188292]
600 -1.5866162980811553 0.8249803101958296 0.9 [0.5627543651797762, 0.30231247099555003, 0.40075900712929013, 0.5341741566953836] [0.3372456348711268, 0.5976875288972873, 0.4992409929286681, 0.36582584330291773]
700 -1.601962527197781 0.8390661377959805 0.8866666666666667 [0.16072045148776315, 0.6898766965306953, 0.728350350727716, 0.19438583458715905] [0.7259462151788989, 0.19678997013595537, 0.15831631593889636, 0.6922808320795828]
800 -1.4910737588781262 0.6637421803655719 0.8933333333333333 [0.09919207429300442, 0.62372446281559, 0.7862676977635048, 0.2774824317945674] [0.7941412590403264, 0.26960887051774696, 0.10706563556979054, 0.6158509015388024]
900 -1.538833565614808 0.7764735318695729 0.9466666666666667 [0.619274682673521, 0.30852793842767595, 0.5889852234241211, 0.3765454888080153] [0.32739198399250125, 0.6381387282395424, 0.357681443243347, 0.5701211778579421]
1000 -1.3121896273148594 0.624882400520441 0.8666666666666667 [0.560952965671267, 0.35812030678236767, 0.30713241827543186, 0.5071276426042662] [0.30571370099535533, 0.50854635988432, 0.5595342483912331, 0.3595390240624251]
1100 -1.3627864509421976 0.7059474811221116 0.8666666666666667 [0.6708356817357165, 0.27836059756609044, 0.25256522394721664, 0.53157183008431] [0.195830984930951, 0.5883060691005754, 0.6141014427194483, 0.33509483658235795]
1200 -1.6230428763774938 0.8376851037845902 0.9266666666666666 [0.2670694377071572, 0.6689830654619878, 0.5151044425862039, 0.4021763875779848] [0.6595972289595089, 0.2576836012046787, 0.41156222408046267, 0.5244902790886825]
1300 -1.3778061788211073 0.723858964499815 0.8333333333333334 [0.3663601144639441, 0.7506786753352362, 0.4496350214467399, 0.09999285542074614] [0.4669732188696076, 0.08265465799753893, 0.38369831188636755, 0.7333404779131522]
1400 -1.378936407168789 0.6059582329080402 0.8666666666666667 [0.016154499041728197, 0.6955017897959708, 0.7326349307835439, 0.28904211371209027] [0.850512167612931, 0.17116487635750366, 0.13403173589601194, 0.5776245534668871]
1500 -0.9591187482930363 0.4992481303026152 0.8533333333333334 [0.4919118592195732, 0.8429760184199945, 0.35827947538083077, 0.013499313646268557] [0.36142147411378917, 0.010357314962269437, 0.49505385795298573, 0.8398340196376229]
1600 -1.397637983805875 0.7510789630842832 0.8733333333333333 [0.1736818141543659, 0.4984312509583286, 0.6970802995754761, 0.3774733019784957] [0.6996515191790481, 0.3749020823752035, 0.17625303375757376, 0.4958600313548414]
1700 -1.1477527698484684 0.5573406015654548 0.8466666666666667 [0.5251548825403745, 0.7986782552845861, 0.3178643330198718, 0.05163586248850119] [0.32151178412642406, 0.047988411382036675, 0.5288023336467379, 0.7950308041781343]
1800 -1.4681089855716305 0.7470089106548637 0.8533333333333334 [0.3500236544125356, 0.7291062842308109, 0.47579948864994537, 0.15173723937337566] [0.5033096789207969, 0.12422704910251954, 0.37753384468338874, 0.7015960939599613]
1900 -1.395965515773254 0.657552099667223 0.9466666666666667 [0.27278142860320626, 0.7028803771150982, 0.9090893644390305, 0.008582163175998215] [0.6738852380634811, 0.2437862895510396, 0.03757730222809942, 0.9380845034907124]
2000 -1.0739326014874933 0.6292513229558581 0.8933333333333333 [0.5506801162422015, 0.3225143376478129, 0.7830996410689728, 0.13037257170768052] [0.3426532170911305, 0.5708189956855216, 0.11023369226436354, 0.7629607616256515]
2100 -1.2416605056638992 0.6164000253846286 0.9333333333333333 [0.05821464773440597, 0.8591529841237375, 0.2724966258317974, 0.6768024089767254] [0.8751186855989052, 0.0741803492095347, 0.6608367075016165, 0.25653092435661057]
2200 -1.6169090760910785 0.9102451865271094 0.9333333333333333 [0.03120872168633132, 0.8528590088837373, 0.8488743406988606, 0.13372459539773848] [0.9021246116470016, 0.08047432444959665, 0.08445899263447307, 0.7996087379355957]
2300 -1.213297696817444 0.6289517588010979 0.9733333333333334 [0.3370458925924087, 0.6226677216020512, 0.80123683842758, 0.18571621404462604] [0.6362874407479293, 0.35066561172427047, 0.17209649490556692, 0.7876171192888997]
2400 -1.563520201396024 0.7737973899599623 0.9466666666666667 [0.04609562006767207, 0.9185545572766096, 0.5845865271601457, 0.34409662882890624] [0.9005710466003988, 0.028112109388795326, 0.3620801395100574, 0.6025700378340834]
2500 -1.2737161978017488 0.6494386249481154 0.9466666666666667 [0.012006439730666075, 0.937051162310341, 0.7062101945515736, 0.2380655367407525] [0.9346602269360007, 0.00961550435632488, 0.24045647211509358, 0.7086011299259147]
2600 -1.6649898806616636 0.9073012580935063 0.92 [0.6016955365174129, 0.6259317731196192, 0.3595886375476111, 0.25278405281535626] [0.31830446348261315, 0.29406822688034645, 0.5604113624524167, 0.6672159471846247]
2700 -1.2226785348562736 0.6351600839890147 0.9333333333333333 [0.014803105503654525, 0.9077713833588752, 0.6482958373459939, 0.29579634045814335] [0.918530227829671, 0.025561949974434863, 0.2850374959873719, 0.6375369928751892]
2800 -1.4772436410326144 0.7320157218300984 0.8933333333333333 [0.39044091912995504, 0.6481889330823049, 0.45828809230350137, 0.28974872215090547] [0.5028924142049878, 0.24514440024948322, 0.4350452410294207, 0.603584611182775]
2900 -1.6057748687257776 0.7938098286337697 0.9066666666666666 [0.10709932008151062, 0.7867500658559837, 0.8758000999524298, 0.043683847443409196] [0.7995673465851582, 0.11991660081068259, 0.030866566714235245, 0.8629828192232574]
3000 -1.5654941841594563 0.7830780376654268 0.9466666666666667 [0.43842452348973326, 0.5460817651840898, 0.47295097091355665, 0.43587607374595366] [0.5082421431769294, 0.4005849014825816, 0.473715695753109, 0.5107905929207138]
3100 -1.0175426373201455 0.48275709532983946 0.8266666666666667 [0.12907611821386578, 0.4320344750410898, 0.698188403395634, 0.39403433668274296] [0.6975905484527172, 0.3946321916255774, 0.1284782632711182, 0.43263232998392037]
3200 -1.3036892609525925 0.5692131820316191 0.9066666666666666 [0.3159983998025506, 0.3359817540372907, 0.6855470373456476, 0.4758061421478441] [0.5906682668640976, 0.5706849126293685, 0.22111962932104048, 0.43086052451882667]
3300 -1.594878035401225 0.8833939465367395 0.9 [0.26816994700368924, 0.7963255645110763, 0.6057835334161493, 0.12972095506908465] [0.6318300529960313, 0.10367443548899954, 0.29421646658404604, 0.7702790449309235]
3400 -1.4552057551479596 0.7323388822374889 0.9266666666666666 [0.7996350519285806, 0.4294542017574249, 0.26710874186873984, 0.35713533777858797] [0.1270316147401465, 0.4972124649068476, 0.6595579247945884, 0.5695313288917506]
3500 -1.3199713221328078 0.6558095088364433 0.9133333333333333 [0.12365865217797677, 0.7925005189941653, 0.8908107383932052, 0.019696757101319844] [0.7896746811553654, 0.12083281433915699, 0.022522594940130113, 0.893636576232013]
3600 -1.3320214939098716 0.641294236341139 0.9 [0.1751653693370638, 0.890857836630059, 0.708271558727161, 0.025705235305715394] [0.7248346306625808, 0.009142163370406266, 0.19172844127371658, 0.8742947646932965]
3700 -1.6693049116607217 0.8285444598596347 0.94 [0.08754745616769626, 0.7501367990882034, 0.4448589191671781, 0.597456825576922] [0.852452543832907, 0.18986320091242434, 0.495141080832485, 0.3425431744221841]
3800 -1.0645754338917566 0.5830033748965068 0.96 [0.23559866341120284, 0.7237193856977454, 0.21913169649808267, 0.7415502543929694] [0.7244013365886591, 0.23628061430239322, 0.7408683035019349, 0.21844974560701297]
3900 -1.6097823906732052 0.9213699397627333 0.9266666666666666 [0.18471050715539478, 0.8196092798100194, 0.8328207717735826, 0.01619277459433662] [0.7419561595112714, 0.10705738685664741, 0.09384589489308388, 0.9104738920723292]
4000 -1.0936151464647235 0.5563875540872601 0.96 [0.8944660002159505, 0.060029552055739566, 0.3466093167554077, 0.6188951309729018] [0.0655339997840501, 0.8999704479442604, 0.613390683244592, 0.3411048690270973]
4100 -1.8391742395835662 0.9912190417292648 0.9333333333333333 [0.3262867887060162, 0.6068599354826115, 0.3596672471200841, 0.5738526953579551] [0.6070465446272869, 0.326473397850746, 0.5736660862138513, 0.3594806379747827]
4200 -1.2341037812104743 0.5805772619267207 0.96 [0.30861162621570914, 0.6519731841126221, 0.38743844315304743, 0.5719767465186221] [0.6513883737823556, 0.3080268158888321, 0.5725615568648168, 0.3880232534639953]
4300 -1.3603420714537657 0.7694097039086264 0.9466666666666667 [0.048884729508629064, 0.9021694449511871, 0.6716467556147853, 0.2706324032587315] [0.8977819371573021, 0.044497221717571464, 0.27501991105054213, 0.6760342634079186]
4400 -1.1799004189510955 0.6401463443273477 0.92 [0.055070385483737896, 0.9043501378466064, 0.3756259569863953, 0.50495351968326] [0.864929614516263, 0.015649862153392514, 0.5443740430136016, 0.41504648031674307]
4500 -1.4821158613299255 0.7514268143566216 0.96 [0.2489680353694879, 0.7175394645081619, 0.5264172229811266, 0.42707527714122384] [0.7110319646307605, 0.24246053549157054, 0.43358277701885367, 0.5329247228588154]
4600 -1.4409459336695836 0.7395858216864899 0.9333333333333333 [0.06690243644222954, 0.9056036761074675, 0.7990987371328984, 0.09506181698407182] [0.8664308968917709, 0.027729657225174613, 0.1342345962004958, 0.8382715163492246]
4700 -1.7283978354608 0.8930980360880869 0.9466666666666667 [0.17876866930656235, 0.80680303557976, 0.7035669309423064, 0.20419469750470434] [0.767897997360105, 0.13986363108690533, 0.2430997357243588, 0.7424719691619633]
4800 -1.378663020952475 0.7465039790796133 0.94 [0.11943625785217496, 0.8216926822868348, 0.9244963286547528, 0.014374731206237813] [0.8205637421479427, 0.11830731772583401, 0.015503671343327273, 0.9256252687828961]
4900 -1.2289410442257027 0.6122595828009244 0.94 [0.2517943941222647, 0.5712246324764159, 0.198883449858558, 0.858097523542761] [0.6882056058691661, 0.3687753675239689, 0.7411165501210907, 0.08190247648577442]
5000 -1.5988049456855478 0.8525638051135909 0.9866666666666667 [0.3531076813136747, 0.6473756430782805, 0.5286113324420191, 0.4442386764993583] [0.6335589853529506, 0.3392910235884264, 0.4580553342246872, 0.5424279901672692]
5100 -1.552517211660846 0.7573352269179111 0.9733333333333334 [0.6321115300184302, 0.45761349580567906, 0.020384680693973662, 0.8365569601485835] [0.3412218033150045, 0.5157198375271171, 0.9529486526414221, 0.13677637318312227]
5200 -1.2209357840897737 0.6448619802071767 0.9066666666666666 [0.21816705647578075, 0.8363666859056045, 0.6882350753676105, 0.07056451558433724] [0.6884996101908859, 0.07029998076106207, 0.21843159129905615, 0.8361021510823294]
5300 -2.2364195369420163 1.116262876551311 0.9466666666666667 [0.24293707414633697, 0.6959433877047323, 0.815350729307652, 0.13910214217461234] [0.7037295925219774, 0.2507232789602746, 0.13131593735906047, 0.807564524492021]
5400 -1.345773962568163 0.6834189667215191 0.9466666666666667 [0.7191517074060054, 0.22788540018145534, 0.5990926773164765, 0.3472035484293963] [0.2275149592609831, 0.7187812664849124, 0.3475739893501802, 0.5994631182372571]
5500 -1.4007845755986974 0.743825434951392 0.96 [0.9433490253935145, 0.02128698290485467, 0.013991144752142404, 0.9413728469494889] [0.016650974606485718, 0.9387130170951462, 0.9460088552478576, 0.018627153050511408]
5600 -1.5158862649884697 0.7353878841078819 0.9466666666666667 [0.7151649722300734, 0.21988798172757848, 0.028616355048791918, 0.9296640243268892] [0.23150169443659352, 0.7267786849390871, 0.9180503116178701, 0.017002642339783075]
5700 -0.9988501501101409 0.5533488308594536 0.9466666666666667 [0.3588855634307619, 0.5880963207111473, 0.31065724048658716, 0.6356942087048375] [0.5877811032359529, 0.35857034595549225, 0.6360094261801027, 0.31097245796178535]
5800 -1.3697896247274632 0.7282510066277484 0.9133333333333333 [0.42449953062598345, 0.7114819246166255, 0.680531570783358, 0.010153640640700078] [0.488833802707368, 0.20185140871661703, 0.23280176254995955, 0.9031796926927217]
5900 -1.538379031403988 0.760195530710775 0.8866666666666667 [0.24265700572874066, 0.553359251648907, 0.6286884739228314, 0.34862860203285356] [0.644009660937883, 0.3333074150177607, 0.25797819274388106, 0.5380380646338084]
6000 -1.1960177094255346 0.5681800189577363 0.96 [0.36361481459670464, 0.9469891964914583, 0.5960260449518245, 0.013369943960012573] [0.596385185403297, 0.013010803508543032, 0.3639739550481673, 0.9466300560399924]
6100 -0.948426965135878 0.5029518110693448 0.9933333333333333 [0.011973821859646277, 0.981556417025353, 0.1899122581130392, 0.8032241696686279] [0.9813595114736896, 0.011776916307976367, 0.8034210752202462, 0.1901091636647545]
6200 -1.4826790888987116 0.8976661789408682 0.9533333333333334 [0.48856766876365954, 0.46917413950577774, 0.8829020083153846, 0.06602285008184446] [0.4647656645634346, 0.484159193833615, 0.07043132502039219, 0.8873104832492253]
6300 -1.607568839262653 0.8306827169745581 0.9466666666666667 [0.14749465928908514, 0.7655270991702429, 0.6619242088895525, 0.3183873659844532] [0.7991720073775636, 0.18113956749642648, 0.2847424577771404, 0.6282793006822026]
6400 -1.5018487560758564 0.7377849630449234 0.86 [0.6111351026699741, 0.7571913131114502, 0.262329696256974, 0.08934388796160263] [0.24886489732775738, 0.10280868688858566, 0.5976703037453017, 0.7706561120383558]
6500 -1.3217897447995628 0.6219116325838285 0.98 [0.1356468734436203, 0.8443567352662478, 0.30618456265955196, 0.6738118286305808] [0.8443531265563862, 0.13564326473374574, 0.6738154373404439, 0.30618817136942406]
6600 -1.4445463786896389 0.7271028101021029 0.9733333333333334 [0.2058786858691176, 0.7896698863155563, 0.3540416851732623, 0.5970764093087304] [0.7674546474642111, 0.18366344701771284, 0.6192916481600784, 0.37625692402466465]
6700 -1.4115509294463948 0.7687515652787125 0.9333333333333333 [0.09228431006023918, 0.9254525909376182, 0.3586448358796202, 0.4902849297891898] [0.8410490232730649, 0.007880742395840074, 0.5746884974536066, 0.44304840354415576]
6800 -1.511481361283765 0.7312446153287566 0.9333333333333333 [0.11748674365286095, 0.8317142991261558, 0.7852113192895847, 0.13225430459806586] [0.8158465896804571, 0.10161903420717813, 0.1481220140436944, 0.8010790287353368]
6900 -1.9431466210670922 0.9202363689664007 0.9666666666666667 [0.6097124058010259, 0.4255890365471701, 0.32792716106072717, 0.5701047299244104] [0.35695426086564713, 0.5410776301194566, 0.638739505605935, 0.39656193674229423]
7000 -0.9369081258494183 0.5508637970475297 0.9933333333333333 [0.07269340881772601, 0.9190946342970134, 0.05503094516276055, 0.9398476783891669] [0.9206399245157662, 0.07423869903617096, 0.9383023881706472, 0.053485654944082306]
7100 -1.7315208408122196 0.9106235902421304 0.9066666666666666 [0.09608048913857586, 0.7248206162222135, 0.7557434892614492, 0.23668873871109483] [0.8105861775278917, 0.1818460504445376, 0.15092317740519393, 0.6699779279557099]
7200 -1.1529670056617956 0.6398966308055252 0.8466666666666667 [0.16158171989303857, 0.6855261587812962, 0.4879856232919718, 0.3582398313670266] [0.6850849468597509, 0.16114050790109735, 0.358681043298025, 0.48842683527446024]
7300 -1.0053256148007508 0.48771154525389915 0.84 [0.24194061307278783, 0.2953781200246742, 0.5983823794439709, 0.5442988874585669] [0.5980593869272067, 0.5446218799753323, 0.24161762055602906, 0.29570111254143244]
7400 -1.8355031421178054 0.9882987540490925 0.9533333333333334 [0.12230125183138116, 0.9383094445073817, 0.738198008455105, 0.10785796187279781] [0.8310320815019521, 0.015023888825951254, 0.21513532487822873, 0.8454753714605343]
7500 -1.37869739481305 0.7423477631584284 0.9333333333333333 [0.2165343231259133, 0.7229601198404635, 0.6336948417588708, 0.29347738194141976] [0.7167990102074254, 0.21037321349285315, 0.299638491574543, 0.6398559513918459]
7600 -1.920508096975175 1.0009805047497042 0.94 [0.5612174819074371, 0.6218945220456022, 0.16882797448668316, 0.5280600215602775] [0.3787825180925519, 0.31810547795438643, 0.7711720255132473, 0.4119399784398137]
7700 -1.3114681857107826 0.6794812425447981 0.8866666666666667 [0.48749129033995436, 0.35357434775349617, 0.6564921802218907, 0.27577551501799263] [0.3991753763259465, 0.5330923189139101, 0.2301744864448004, 0.6108911516486767]
7800 -1.4097989841469942 0.6557376676458037 0.8133333333333334 [0.17185784042246463, 0.40543535077901866, 0.6646935419385481, 0.3846799335266361] [0.6414754929098648, 0.40789798255453497, 0.14863979139458913, 0.4286533998076775]
7900 -1.6257323353198971 0.6707358784091758 0.96 [0.013682673539245694, 0.9467280578260153, 0.8210344583060676, 0.13855481032867167] [0.9463173264833059, 0.013271942150936893, 0.13896554220291296, 0.8214451891628455]
8000 -1.6652297855304803 0.9146196107075157 0.9333333333333333 [0.2902445837681611, 0.6347989136969902, 0.6887722964292488, 0.25285087277226587] [0.6430887495651596, 0.2985344196363457, 0.2445610369040244, 0.6804824605611371]
8100 -1.2162490627921487 0.6020760049361773 0.9866666666666667 [0.515572866264427, 0.47028725000099325, 0.024363364556254298, 0.9631098525116585] [0.4710938004020706, 0.5163794166658306, 0.9623033021104269, 0.023556814155005507]
8200 -1.3929034374222578 0.6886070657691893 0.8933333333333333 [0.532162708447561, 0.7523365154894299, 0.15257770189346262, 0.3495897408362131] [0.36117062488664603, 0.1409968178432995, 0.7407556314390229, 0.5437435924976982]
8300 -1.6650988223525451 0.8386212913664686 0.9733333333333334 [0.11821576204264286, 0.8545849714029157, 0.801573658769627, 0.1722922744514809] [0.8551175710987405, 0.11874836211333298, 0.17175967456303345, 0.8010410588915604]
8400 -1.4434672046917234 0.802707886037893 0.8466666666666667 [0.017355209849216718, 0.5993327956205818, 0.7816730730325697, 0.29497225483096506] [0.8293114568174389, 0.24733387104603358, 0.0649935936340848, 0.5516944118357762]
8500 -1.2547608000601576 0.6018647520731939 0.86 [0.2470643054207817, 0.8392993165598589, 0.5905504684929709, 0.04308590952638761] [0.6129356945791901, 0.020700683440623077, 0.2694495315064294, 0.8169140904737575]
8600 -1.065583713581834 0.5584210011090697 0.8333333333333334 [0.4906848176794738, 0.7700002142484754, 0.29029431071423106, 0.1156873240244866] [0.3426485156538599, 0.06333311908485785, 0.5430390226191015, 0.7176460093088476]
8700 -1.3057578352079695 0.7083932636429715 0.8866666666666667 [0.13227252417866053, 0.8533376065044365, 0.7570297383543222, 0.03069346429591386] [0.7543941424880123, 0.033329060162221064, 0.1296369283123468, 0.8559732023707526]
8800 -1.1792135848051344 0.6211379679304779 0.9733333333333334 [0.7800513205783159, 0.19291212781401285, 0.9466022963370563, 0.027100921937281582] [0.19328201275501777, 0.7804212055193198, 0.026731036996276825, 0.9462324113960513]
8900 -1.1575019857669004 0.609211175709422 0.9733333333333334 [0.963208678733269, 0.008628333406623112, 0.70682704560972, 0.26800260891705413] [0.010124654599903079, 0.9647049999267043, 0.26650628772377494, 0.7053307244162844]
9000 -1.2264356826222798 0.6735908628778056 0.9666666666666667 [0.17467632705908662, 0.7926476502152787, 0.28261409002870297, 0.6833952660302647] [0.7919903396081659, 0.17401901645066858, 0.6840525766379211, 0.2832714006365778]
9100 -1.4173425303827882 0.6510257316626973 0.8733333333333333 [0.3235507323409407, 0.767213526865926, 0.5511486199062955, 0.10475378755350458] [0.5497826012404948, 0.10611980638225783, 0.3221847131437892, 0.7685795459001243]
9200 -1.359783739393158 0.6801377376926835 0.9133333333333333 [0.6759498917312345, 0.2472518992783399, 0.42950061422118246, 0.47396426143590986] [0.23738344154198723, 0.6660814342728479, 0.48383271795538707, 0.43936907289644456]
9300 -1.4517739524463102 0.7996075827737196 0.9 [0.5014478813113364, 0.6362764663151691, 0.15928325447331296, 0.5029923979001808] [0.39855211868867946, 0.26372353368481605, 0.7407167455266785, 0.3970076020998252]
9400 -1.6369116341599668 0.793964463716254 0.9066666666666666 [0.6692396487701626, 0.7487406048441, 0.3675096686415117, 0.02784341107755835] [0.23742701789651624, 0.157926061822309, 0.5391569980251217, 0.8788232555893862]
9500 -1.0719510473637246 0.5683804981013301 0.92 [0.8782679035924493, 0.3935946354893912, 0.2851211676529717, 0.28301629326518823] [0.04173209640755336, 0.5264053645106124, 0.6348788323470271, 0.6369837067348072]
9600 -1.651344230025984 0.8199032223992272 0.8933333333333333 [0.17394553757707387, 0.4548774901335224, 0.7289008256249755, 0.42894281333109585] [0.7193877957499712, 0.43845584320574016, 0.164432507720571, 0.46439051999038466]
9700 -1.5717494779146188 0.8262377578316584 0.9333333333333333 [0.01267878359568819, 0.9207785930701855, 0.7846508066109245, 0.14855848338986688] [0.9206545497376694, 0.012554740263122616, 0.14868252672238558, 0.7847748499434898]
9800 -1.2005114255868763 0.5345041730973192 0.92 [0.13379057641510267, 0.91109818607904, 0.6007182355562629, 0.1943930019495946] [0.7862094235848403, 0.008901813919771911, 0.31928176444376827, 0.725606998051619]
9900 -1.316266236052205 0.699819882675165 0.9066666666666666 [0.475968879571913, 0.5504685289175469, 0.7189442845034331, 0.06795164034044081] [0.4306977870940115, 0.35619813774940284, 0.18772238216398046, 0.8387150263259385]
10000 -1.2924844465399912 0.6534162972829674 0.8866666666666667 [0.4384977331116756, 0.6783505403774125, 0.4945267999561255, 0.16195825988811996] [0.44816893355533116, 0.20831612627422835, 0.39213986671134116, 0.7247084067924321]
10100 -1.333497859630473 0.6924242127649406 0.9 [0.15049239651921384, 0.8755049381018452, 0.5964331435922153, 0.17756952178672597] [0.749507603481735, 0.0244950618988465, 0.30356685640694664, 0.7224304782124716]
10200 -1.370420514132066 0.6481640173073562 0.9733333333333334 [0.06080795275806749, 0.9460203777954886, 0.7801316009566294, 0.15970673515648123] [0.9125253805723734, 0.027312955538859207, 0.19320173237099394, 0.8136265981844407]
10300 -1.6764527962294689 0.8197424631227982 0.9666666666666667 [0.09441307104607044, 0.937442818024991, 0.8733993448927442, 0.02807809936952811] [0.8722535956206593, 0.029223848641665485, 0.09326732177391811, 0.9385885672970907]
10400 -1.4434602417818512 0.676961433980993 0.9 [0.015411106743997151, 0.8886721299809085, 0.664415577905334, 0.23150118536975972] [0.8845888932602679, 0.01132787001943868, 0.23558442209161437, 0.6684988146286797]
10500 -1.7153895671356967 0.8285854753898413 0.9133333333333333 [0.0657631165805772, 0.8299267297939629, 0.8143808221453739, 0.11659599814675187] [0.8475702167527419, 0.08340660353937952, 0.09895251118797173, 0.7967373351865733]
10600 -2.2870330405091965 1.1181548565904311 0.94 [0.8275739923788964, 0.1742913485746684, 0.5536049590462804, 0.3245297000001555] [0.11242600762114267, 0.7657086514254027, 0.38639504095368854, 0.6154702999997663]
10700 -1.2498314573345701 0.6381416591207079 0.96 [0.39348208727680073, 0.5688526832943713, 0.9425042047590622, 0.01516102466976533] [0.5665179127230187, 0.3911473167057441, 0.017495795241033004, 0.9448389753302039]
10800 -1.2633317555684838 0.6062945514801509 0.8933333333333333 [0.12343999176390291, 0.8841729874831321, 0.6104599540576392, 0.1685937333619933] [0.7698933415694297, 0.009160345850219498, 0.2828733792759867, 0.7247395999710304]
10900 -1.4598253216154882 0.6422045227099371 0.94 [0.7101356519086314, 0.2623275640756125, 0.5904092230423449, 0.31712756097341194] [0.22986434809080122, 0.677672435924784, 0.3495907769582929, 0.6228724390261223]
11000 -1.5707867177542367 0.7190158727780652 0.9133333333333333 [0.7764072692457549, 0.062280250221186176, 0.13712483049016344, 0.8508543167095624] [0.1369260640875782, 0.8510530831121471, 0.7762085028431701, 0.062479016623771325]
11100 -1.2816885552673336 0.7210249572083812 0.9466666666666667 [0.8267129531068527, 0.12333852318096189, 0.4306338367865452, 0.512648020258974] [0.11995371355985124, 0.8233281434856701, 0.5160328298801037, 0.43401864640770926]
11200 -1.3569041873215246 0.7351359306122296 0.9333333333333333 [0.024424553158458224, 0.835919742508265, 0.9194814186060567, 0.08684095239388694] [0.9089087801748764, 0.09741359082507058, 0.013851914727275571, 0.8464923809394446]
11300 -1.6447704776594112 0.8004237659888431 0.9066666666666666 [0.14282144130705424, 0.6179972971685024, 0.47971976238474884, 0.5727948324730274] [0.7638452253594985, 0.28866936949805583, 0.4269469042818791, 0.33387183419390065]
11400 -1.327389376650365 0.6007010626263305 0.9466666666666667 [0.11232298265328723, 0.9343960612965496, 0.835795412501436, 0.010818876882059824] [0.8343436840143454, 0.012270605370321682, 0.11087125416413, 0.9358477897845364]
11500 -1.279762424631756 0.6803618434465287 0.86 [0.29237153178665476, 0.8470997004813814, 0.5673102190367918, 0.013218548695172376] [0.5676284682133449, 0.012900299518614995, 0.29268978096320913, 0.8467814513048304]
11600 -1.2782920410374101 0.611815236629115 0.86 [0.584811660232236, 0.2713904588042163, 0.2751347406474045, 0.5886631403161435] [0.27518833976778073, 0.5886095411957908, 0.584865259352572, 0.2713368596838561]
11700 -0.8864291382724659 0.47240272134084194 0.9733333333333334 [0.967821212366465, 0.005705344213182087, 0.9112475745876695, 0.06189253549934918] [0.005512120966879346, 0.9676279891201417, 0.06208575874549696, 0.9114407978341499]
11800 -1.4027997203462317 0.7915364762217517 0.92 [0.68957590660693, 0.2844147736339271, 0.28932234557044817, 0.5766869741886937] [0.23042409339260472, 0.6355852263638238, 0.6306776544297522, 0.34331302581381823]
11900 -1.389413699758486 0.683976257505272 0.9866666666666667 [0.05229701481369213, 0.9111998040139543, 0.8879578010599816, 0.12187871344570546] [0.9343696518529762, 0.07546686265270891, 0.09870886560669175, 0.8647879532209566]
12000 -1.783372343168733 0.8953821092330347 0.92 [0.2453223181764359, 0.8384510004596547, 0.7068966074174747, 0.04933007394643429] [0.6746776818213163, 0.08154899953994102, 0.2131033925851605, 0.8706699260535813]
12100 -1.6501969913843588 0.7724004423875005 0.88 [0.308152391393144, 0.34882413481958446, 0.4599294115379781, 0.6430940622492928] [0.5718476085761801, 0.5311758651441607, 0.4200705884787252, 0.2369059378009342]
12200 -1.6896420755509383 0.8331830478393619 0.9466666666666667 [0.016499023387113343, 0.9048842520733361, 0.7638577150135281, 0.20809234285935613] [0.9301676432795565, 0.04178241459333093, 0.18280895165313857, 0.7385743238073077]
12300 -1.242576195808786 0.5603670275951458 0.9 [0.06338445079192395, 0.8356518835211293, 0.7879800728152034, 0.11298359287174402] [0.8366155492080787, 0.06434811647886834, 0.1120199271848041, 0.7870164071282487]
12400 -1.2438266236960134 0.6188098375982835 0.8733333333333333 [0.33981327026977115, 0.8526321266596043, 0.45943968966384974, 0.09478158007344188] [0.5335200630635515, 0.020701206673728885, 0.41389364366947523, 0.7785517532599119]
12500 -1.2929437879432513 0.7189745848597283 0.9866666666666667 [0.6125213369509491, 0.37382267657454776, 0.9592455799801676, 0.02774373982766851] [0.374145329715718, 0.6128439900921432, 0.027421086686399723, 0.9589229268390728]
12600 -1.6153041450360384 0.8112410396489216 0.92 [0.04137349967576787, 0.8926690778800617, 0.7376134401577419, 0.16834398228642802] [0.8786265003242312, 0.02733092211993745, 0.18238655984225682, 0.7516560177135745]
12700 -1.8008184732611479 0.8960201581034027 0.9133333333333333 [0.19653628936256143, 0.788421613208694, 0.41682200833093785, 0.4248867557644731] [0.7167970439713791, 0.12491172012442055, 0.49651132500189693, 0.48844657756897114]
12800 -1.5111003030828825 0.6780963596295031 0.8533333333333334 [0.4236133666789454, 0.7439906721134897, 0.3410120106729782, 0.19805061720125341] [0.4297199666543757, 0.10934266121994775, 0.5123213226603677, 0.6552827161319761]
12900 -1.3338597957053235 0.683250534943829 0.8733333333333333 [0.31395221299580633, 0.6185085698808188, 0.6094900718717307, 0.2047158119183116] [0.5593811203374871, 0.2548247634553864, 0.2638432614616489, 0.6686175214121451]
13000 -1.3222385641794412 0.6421136122186275 0.9066666666666666 [0.5448591856067094, 0.3644676933086371, 0.3159409480118495, 0.588065506406138] [0.361807481059952, 0.5421989733579841, 0.5907257186547434, 0.31860116026065377]
13100 -1.0404768698208753 0.5425287575420947 0.8933333333333333 [0.2951078984145243, 0.7984042439483007, 0.6822091978923781, 0.010945326411464259] [0.5982254349188093, 0.09492908938503308, 0.21112413544095512, 0.8823880069218695]
13200 -1.6922031448783985 0.7630412458377106 0.92 [0.36310627048434385, 0.8585859073201645, 0.6094029954694823, 0.008904826726009313] [0.55689372951604, 0.06141409267949418, 0.3105970045301296, 0.9110951732743353]
13300 -1.640268540037642 0.7760635820325248 0.8666666666666667 [0.4058599455654083, 0.5240476664070811, 0.49892004165415094, 0.30450567970669246] [0.4608067211012585, 0.3426190002595841, 0.3677466250125157, 0.5621609869599761]
13400 -2.06236589361948 0.9910452880997639 0.9466666666666667 [0.29947271310117524, 0.6494625925153323, 0.7791077000406603, 0.16529032767616533] [0.6471939535654836, 0.2972040741513349, 0.16755896662601114, 0.7813763389905036]
13500 -1.4772352618775961 0.7551559460556461 0.8266666666666667 [0.31831949736694914, 0.6579727939758595, 0.5159343201816294, 0.16110672180889585] [0.5083471692996051, 0.1686938726911534, 0.3107323464851744, 0.6655599448574001]
13600 -1.5986182202004269 0.7980036714471603 0.92 [0.8570362181059147, 0.016903075330454827, 0.07012749937540724, 0.8959332071882227] [0.0629637818940848, 0.9030969246695455, 0.8498725006245936, 0.024066792811777097]
13700 -1.6233688318050643 0.7963206868647777 0.8933333333333333 [0.5615990497442496, 0.3253717924482188, 0.3007367033116835, 0.5989591211625152] [0.33173428359535767, 0.5679615408881415, 0.5925966300123638, 0.2943742121708029]
13800 -1.2971529416929635 0.6618802134931463 0.8933333333333333 [0.43344393705943435, 0.1645485546790099, 0.5394510099488115, 0.6492231649794107] [0.45988939627391695, 0.7287847786543336, 0.3538823233845206, 0.24411016835389532]
13900 -1.3757574909367216 0.6776084506354083 0.9466666666666667 [0.597567177016797, 0.22400588897326115, 0.43229709046227244, 0.6394631768810033] [0.3490994896493624, 0.7226607776938556, 0.514369576210055, 0.3072034897800603]
14000 -1.0686470990946466 0.5169639737030031 0.9133333333333333 [0.3873749523735779, 0.5298866536974322, 0.8832581626704155, 0.026146897925240435] [0.5259583809565082, 0.3834466796366877, 0.030075170647269653, 0.887186435426201]
14100 -1.403248377682267 0.7189528516805425 0.8066666666666666 [0.44497340664677665, 0.25176920915855006, 0.31263685748286385, 0.6039538600451422] [0.36169326001989216, 0.554897457507959, 0.4940298091838799, 0.20271280662160232]
14200 -1.7144297473768528 0.8002115256419964 0.9333333333333333 [0.11466033596261542, 0.8340723431409838, 0.7188149088540702, 0.19911907870899737] [0.8186729973742111, 0.09926099019198201, 0.21451842448227731, 0.7342142546181969]
14300 -1.6260483836385893 0.8758495284560608 0.9333333333333333 [0.45176470660427054, 0.5981991103436862, 0.7805870220765595, 0.036115827642150586] [0.4815686267298565, 0.33513422299199647, 0.15274631125862365, 0.8972175056861897]
14400 -1.525291649792151 0.6564264444416471 0.8266666666666667 [0.5398408633758593, 0.30948017454572146, 0.2859231649866715, 0.5180891304250804] [0.2868258032909671, 0.5171864921207819, 0.5407435016799931, 0.30857753624159096]
14500 -1.3374616326411837 0.6394288729522831 0.92 [0.7312126496275408, 0.2312393120272029, 0.32278001175343024, 0.554768026591826] [0.1887873503724596, 0.6887606879727968, 0.5972199882465694, 0.36523197340817365]
14600 -1.3785510824383698 0.6808854345377389 0.9466666666666667 [0.04500489075798909, 0.901851010810287, 0.8654099212624459, 0.08106751050261178] [0.9016617759086819, 0.04481565585643539, 0.08125674540421897, 0.8655991561639977]
14700 -1.3430414575304448 0.5893944074607997 0.9066666666666666 [0.07332484549512243, 0.8895103565821044, 0.7007504028073082, 0.14974772844879747] [0.8333418211715423, 0.017156310084557164, 0.20591626385935988, 0.7569189382178733]
14800 -1.5478691409422112 0.769222384283138 0.8933333333333333 [0.14661422764456344, 0.7282453407781342, 0.8190048370842624, 0.09280226115970654] [0.7467191056887604, 0.16508799255520984, 0.07432849624911698, 0.8005310721735797]
14900 -1.6864468318567976 0.8573186929843655 0.9266666666666666 [0.06839136802165618, 0.863209102439762, 0.9095527141265248, 0.012180148745389209] [0.8582752986450307, 0.06345756422691329, 0.017113952540115437, 0.9144865179212736]
15000 -1.0980286232008343 0.5214324078362399 0.88 [0.5220160820015406, 0.8728163327202011, 0.35812177479808727, 0.007045810480170844] [0.357983917998425, 0.007183667279798025, 0.5218782252019498, 0.8729541895198267]
15100 -1.3838694966222709 0.6254856482787352 0.8533333333333334 [0.379788892892917, 0.7302241478309157, 0.4322845678618385, 0.1643690580809956] [0.47354444044244265, 0.12310918550251958, 0.42104876546936915, 0.6889642752523355]
15200 -1.9797402309776404 0.9592492244137973 0.86 [0.7411586579885474, 0.30824733544368155, 0.3118820271551834, 0.3587119794125881] [0.11884134201145313, 0.5517526645563183, 0.5481179728448173, 0.5012880205874111]
15300 -1.4678265250036413 0.7202984221317185 0.96 [0.6248556701362854, 0.2945678226836516, 0.887086825171066, 0.11348968200899695] [0.33514432986267567, 0.6654321773173218, 0.07291317483056618, 0.8465103179894364]
15400 -1.2488479015141316 0.6006151127857406 0.8733333333333333 [0.7820500878133244, 0.44931070515823035, 0.09066782332603676, 0.4246380503690754] [0.09128324552000988, 0.4240226281750788, 0.7826655100073132, 0.44869528296426475]
15500 -1.1500283121652741 0.5437905915363791 0.9266666666666666 [0.13170472525211982, 0.7156036245906817, 0.801294383118375, 0.20473060037215732] [0.794961941414542, 0.21106304207599133, 0.12537228354829066, 0.7219360662945097]
15600 -1.2012291121288334 0.6179371103752814 0.9066666666666666 [0.718252329049713, 0.17516846669328087, 0.5589377810997066, 0.36097475649063304] [0.18841433761692192, 0.7314981999732848, 0.3477288855669001, 0.5456919101762263]
15700 -1.2612234650456766 0.641153728279849 0.9466666666666667 [0.6544671308627454, 0.44028312230990235, 0.6491919333641795, 0.14939114679650622] [0.292199535797728, 0.5063835443496137, 0.2974747333084233, 0.7972755198775694]
15800 -1.4088525314564824 0.7212101858367238 0.92 [0.014058364440932915, 0.901411978171198, 0.9000426254108068, 0.024487031977062066] [0.9059416355590886, 0.01858802182406647, 0.019957374589437832, 0.895512968027407]
15900 -1.291862279828571 0.5844459233075232 0.9066666666666666 [0.12625306643429926, 0.8981582887550288, 0.7804516805906482, 0.008470297553357474] [0.7804136002323669, 0.008508377911637987, 0.12621498607601764, 0.898196369113311]
16000 -1.5311103046974857 0.6710209363351172 0.9066666666666666 [0.18641421863843174, 0.7883040990177933, 0.4598265891176456, 0.3787884265594636] [0.7202524484482935, 0.11836256723728442, 0.446840077484545, 0.5278782401632097]
16100 -1.187496749728383 0.6055512577154288 0.9866666666666667 [0.41420212399494, 0.5176351697067961, 0.16303201540137377, 0.8784640242302238] [0.5724645426717202, 0.4690314969599087, 0.8236346512652216, 0.1082026424364821]
16200 -1.413742180079482 0.749961322243586 0.92 [0.2104628414290325, 0.9012152702022688, 0.6994039017885197, 0.028917986580179945] [0.7095371585699602, 0.018784729797855275, 0.22059609821222353, 0.8910820134199616]
16300 -1.9823301723666717 0.9519493171546427 0.9533333333333334 [0.635409470881655, 0.4108951279751597, 0.5642281656418546, 0.2961339021679987] [0.3179238624516189, 0.5424382053581515, 0.3891051676915121, 0.6571994311653847]
16400 -1.3924833226367903 0.7026256803620723 0.9133333333333333 [0.7426990750830048, 0.4847421995460172, 0.2691530180446111, 0.33007237399303546] [0.17063426049615232, 0.42859114211468485, 0.6441803152197346, 0.583260948836096]
16500 -1.0730596569265265 0.4818823066479185 0.96 [0.5684009277499824, 0.39138699208762623, 0.9474879670377707, 0.012724113124619707] [0.39159907225001855, 0.5686130079123741, 0.012512032962226988, 0.9472758868753806]
16600 -1.2258598224411483 0.611860885285738 0.8933333333333333 [0.6251185821073303, 0.809817164178687, 0.18957460060336723, 0.1621563197772823] [0.26821475363733, 0.0835161691280673, 0.7037587303220013, 0.7311770135792677]
16700 -1.655855431322128 0.841916806449377 0.86 [0.2819648898055131, 0.4037515334877879, 0.5148551915918522, 0.5194283851148468] [0.5780351101938692, 0.4562484665087906, 0.3451448084082944, 0.3405716148890456]
16800 -0.8908242705272882 0.4378978622690868 0.98 [0.02044517335598118, 0.9597174468650934, 0.04918323403296259, 0.9306541457459627] [0.959554826644132, 0.020282553134808895, 0.9308167659666353, 0.04934585425442496]
16900 -1.3955580880850322 0.6594604612853275 0.9466666666666667 [0.43653532004157514, 0.5086919140816163, 0.2330296098460346, 0.7150764893641082] [0.5101313466251044, 0.43797475258503804, 0.7136370568206314, 0.23159017730255926]
17000 -1.2637632308363769 0.6535174923041464 0.8733333333333333 [0.43136117803979546, 0.8618225489333632, 0.42900505395571115, 0.024477885737796936] [0.4419721552935429, 0.011510784399956866, 0.44432827937761726, 0.8488554475955491]
17100 -0.8833276322786819 0.5178200983243065 0.7866666666666666 [0.6961634749346981, 0.7106420574148706, 0.09851958045769672, 0.06800822052606743] [0.09050319173199374, 0.07602460925176033, 0.6881470862089695, 0.7186584461406096]
17200 -1.7443344471749864 0.8864395558341482 0.8733333333333333 [0.38221864332604016, 0.4049746795638896, 0.4898942121920362, 0.46957913158470094] [0.49111469000727803, 0.46835865376946506, 0.3834391211412906, 0.40375420174863275]
17300 -1.3705919961767028 0.6868611753578201 0.9 [0.8813772683911653, 0.20879706884296445, 0.19633975062263612, 0.5134859121432341] [0.01862273160691415, 0.6912029311579431, 0.7036602493792997, 0.38651408785584357]
17400 -1.9471655486743915 0.7820777562786676 0.8533333333333334 [0.655465378905762, 0.6564121099523951, 0.2044040094518113, 0.19038516835669814] [0.1978679544278009, 0.1969212233808236, 0.6489293238816789, 0.6629481649763632]
17500 -1.3480235507763183 0.680963648116007 0.86 [0.8095715517348601, 0.5878943731874511, 0.0513686244659072, 0.27116545061178204] [0.05042844826514096, 0.27210562681257244, 0.8086313755340905, 0.5888345493881961]
17600 -1.2537505524905144 0.6218252357379365 0.96 [0.5514050537774063, 0.4086767277537441, 0.16458847038943744, 0.7953297480794109] [0.4085949462225933, 0.551323272246256, 0.7954115296105623, 0.16467025192058832]
17700 -1.335933807752315 0.7387660284112088 0.8466666666666667 [0.45676094454864663, 0.7691206405229224, 0.3812137376544857, 0.08623801060727909] [0.38990572211869945, 0.07754602614319664, 0.46545292901151036, 0.7604286560599266]
17800 -1.4726989200240588 0.7837268898070647 0.8533333333333334 [0.23274615378725594, 0.7672912399198276, 0.6382558084321427, 0.06837346452744014] [0.6205871795460817, 0.08604209341348885, 0.21507752490118573, 0.7849598688059105]
17900 -1.4506370955320296 0.7098388596812778 0.9133333333333333 [0.0224353837500205, 0.8114555573686988, 0.8596272800090755, 0.13314844553887184] [0.8908979495833127, 0.10187777596463422, 0.053706053324257465, 0.7801848877944618]
18000 -2.0429316588137736 0.9711124862774917 0.92 [0.8532029874942427, 0.07098900676055768, 0.16593090717817796, 0.7498770985670219] [0.06679701250575781, 0.8490109932394433, 0.7540690928218233, 0.17012290143297634]
18100 -1.4557804436117332 0.7203402635918924 0.9733333333333334 [0.1242656582586837, 0.8481940950045768, 0.3309274281243438, 0.6432794852790632] [0.8490676750747015, 0.12513923832870238, 0.642405905208834, 0.33005384805442833]
18200 -0.9867766687957561 0.4676702566338552 0.88 [0.7873625121948871, 0.45340315340410314, 0.008122188034703373, 0.5111121463663072] [0.09263748780518678, 0.42659684659589564, 0.8718778119652222, 0.36888785363369475]
18300 -1.3001710742544668 0.5970764367412342 0.9466666666666667 [0.4011829978122361, 0.730160263408741, 0.20000365562789202, 0.5619864164844643] [0.5454836688544301, 0.21650640325792514, 0.7466630110387789, 0.3846802501821996]
18400 -1.657731808286748 0.8494567084407211 0.8933333333333333 [0.2502697767170624, 0.8772646807111057, 0.6429773298583564, 0.016154879380141374] [0.6430635566162758, 0.01606865262226127, 0.2503560034749309, 0.8771784539531986]
18500 -1.4284583601601795 0.7795426736238356 0.8533333333333334 [0.12086679186924155, 0.5773983939332336, 0.825196211420651, 0.18320526944354004] [0.7324665413297268, 0.2759349393823339, 0.028137121985393088, 0.6701280639692123]
18600 -1.2493807341766687 0.6023441599884519 0.94 [0.5308610280775787, 0.4235039712002009, 0.9132346320199342, 0.01240036870228682] [0.409138971927374, 0.5164960287948827, 0.026765367976123167, 0.9275996313016208]
18700 -1.9487032176481607 0.9776567512726768 0.8333333333333334 [0.07678908357132065, 0.5840247562750898, 0.7539928026659355, 0.25186002415432135] [0.7565442497620055, 0.24930857705825332, 0.07934053066740482, 0.5814733091790026]
18800 -1.2395406037748988 0.6191474612548207 0.8666666666666667 [0.025337378760723648, 0.854954701447837, 0.8399699026739733, 0.013071350450800136] [0.8413292879059504, 0.011711965218828694, 0.026696763992728776, 0.8535953162158253]
18900 -1.5902211294586492 0.8138718167025214 0.88 [0.22623104912729106, 0.4381590430870417, 0.6786898297384898, 0.41692007804717784] [0.6537689508727076, 0.44184095691297404, 0.2013101702614981, 0.46307992195282066]
19000 -1.2959430110519417 0.668398450665341 0.94 [0.0163383858871047, 0.9216529329509956, 0.9257078372541758, 0.01630084390772389] [0.9236616141128958, 0.01834706704900401, 0.014292162745824382, 0.9236991560922762]
19100 -2.301455694787187 1.1553725989218355 0.9266666666666666 [0.2967715563582964, 0.7407239810885703, 0.5636698642286725, 0.2521679316577946] [0.6298951103081732, 0.18594268557783095, 0.3629968024482905, 0.6744987349990391]
19200 -1.5213096838132807 0.6793299059875364 0.8933333333333333 [0.09747858768546529, 0.7674914662912296, 0.730113010000872, 0.19158360268909952] [0.7958547456480831, 0.12584186704211406, 0.16322032333232447, 0.7017497306441444]
19300 -1.5713765963875497 0.8428072035772726 0.9466666666666667 [0.019229745427971744, 0.7559831092159448, 0.9164056216415838, 0.2017148570478332] [0.9274369212387686, 0.1906835574506572, 0.030261045025089015, 0.7449518096188186]
19400 -1.2034578719282736 0.5941273330944534 0.9333333333333333 [0.15145948773176757, 0.9209540829841183, 0.7759507656638298, 0.018302330286951385] [0.7818738456035392, 0.012379250349092931, 0.1573825676675184, 0.9150310030465156]
19500 -1.5224988648351774 0.8145937231599057 0.9733333333333334 [0.016869885624788923, 0.9489983601467147, 0.9536318075711724, 0.02716661332399027] [0.9564634477085385, 0.02433497318662517, 0.01970152576215951, 0.9461667200093433]
19600 -1.472153960036949 0.8095009008189238 0.9066666666666666 [0.02609730043638847, 0.8545522740871053, 0.862188758272876, 0.07049500053696342] [0.8805693662302485, 0.05211439257926007, 0.0444779083938173, 0.8361716661300068]
19700 -1.5464653359972529 0.8249278670609602 0.96 [0.3885225282072861, 0.5700441958889961, 0.9448010937541511, 0.01663218214956647] [0.5714774717924566, 0.38995580411104486, 0.01519890624980431, 0.9433678178466941]
19800 -0.8682525626871825 0.4373891729057686 0.9933333333333333 [0.9613735372810872, 0.031894520944260756, 0.9508682592941776, 0.04253034914714138] [0.03195979605254268, 0.9614388123887931, 0.04246507403708364, 0.9508029841882473]
19900 -1.4032260176152809 0.6736564672310568 0.8866666666666667 [0.5917304609959847, 0.7687557606667693, 0.29580835084082036, 0.11703876082975827] [0.29493620567076206, 0.11791090599991245, 0.5908583158257223, 0.7696279058369369]
20000 -2.042707570130534 0.9886249431636976 0.8266666666666667 [0.41310752639321074, 0.3449916816979646, 0.5610753658048103, 0.3341587594373469] [0.4135591402735483, 0.4816749849678529, 0.2655913008616956, 0.49250790723023696]
20100 -1.4484180846648218 0.8284336259217381 0.9133333333333333 [0.049335514223911914, 0.8193497664281986, 0.8477685509539635, 0.11021283506059315] [0.8639978191094032, 0.09398356690507763, 0.06556478237938865, 0.8031204982727974]
20200 -1.4469674593072235 0.19027524881695995 0.8866666666666667 [0.7184486377966594, 0.47430861059045165, 0.21072377867095285, 0.36985230627527] [0.16821802887362117, 0.4123580560768465, 0.6759428879956327, 0.5168143603872333]
20300 -1.5652008528174086 0.76462581840601 0.9266666666666666 [0.042288612336534415, 0.78671245465395, 0.8915281062000404, 0.13280416014280885] [0.8843780543301678, 0.13995421201264074, 0.035138560466288486, 0.7938625065242374]
20400 -0.9411108150352018 0.4383652906499137 0.86 [0.796531336231989, 0.852377018080356, 0.06326987169368803, 0.0078217739939675] [0.06346866376799183, 0.0076229819196615076, 0.7967301283063223, 0.8521782260060249]
20500 -1.516024470727833 0.7831595738324852 0.9066666666666666 [0.12520704505978014, 0.6631773239294912, 0.7800818622902245, 0.24486710205383744] [0.781459621607305, 0.24348934273709527, 0.1265848043761403, 0.6617995646127933]
20600 -1.5468824769230345 0.9225604545399788 0.9066666666666666 [0.22671286832927634, 0.39794449038573404, 0.8003915992905813, 0.3882843753277416] [0.6799537983373906, 0.5087221762809334, 0.10627506737604278, 0.5183822913389665]
20700 -1.440677324506969 0.7160589960426217 0.9866666666666667 [0.6496818330053488, 0.339324622554165, 0.9667184733545984, 0.01760840441922106] [0.33698483366130927, 0.6473420441125104, 0.01994819331206949, 0.9690582622474445]
20800 -1.769703875572692 0.847559075922709 0.9733333333333334 [0.40397747134908196, 0.5677399710495739, 0.6113929088603537, 0.3635563154076572] [0.5693558619839053, 0.4055933622842232, 0.36194042447284597, 0.6097770179256924]
20900 -1.88628119349414 0.9464461153751671 0.9733333333333334 [0.17080113103575587, 0.8099987245739868, 0.8777861697808038, 0.0880806412761202] [0.8025322022975775, 0.1633346087593459, 0.09554716355252998, 0.8852526920572131]
21000 -1.4987069297471711 0.714247175290902 0.9866666666666667 [0.24186182147683435, 0.7448492919654858, 0.13033102059571744, 0.8562911992952958] [0.744804845189305, 0.24181737470116246, 0.8563356460714385, 0.13037546737142722]
21100 -1.1620473012601171 0.6704208317037859 0.9733333333333334 [0.35072701704000997, 0.6216623088511387, 0.5991765521169403, 0.3751007886585775] [0.6226063162939984, 0.35167102448151866, 0.3741567812162433, 0.5982325446749054]
21200 -1.6437160427853013 0.8231019788790688 0.9133333333333333 [0.152657640170853, 0.49473507927456734, 0.81596721788049, 0.36330672934075586] [0.7606756931624801, 0.41859825405876044, 0.09736611545284286, 0.5500266039925832]
21300 -1.2966686983086382 0.6840316925094998 0.86 [0.013629188961830753, 0.7468198490839577, 0.8339788935660625, 0.1255720683881486] [0.8463708110381755, 0.11318015091619901, 0.026021106433936916, 0.734427931611688]
21400 -1.4701295505289236 0.7651221094750511 0.9333333333333333 [0.1198332144857409, 0.8201776700700133, 0.9128388179684557, 0.013816964142456489] [0.813500118847567, 0.11315566326334112, 0.020494515364870767, 0.9195163691908869]
21500 -1.4495747314540686 0.7319648481576216 0.8933333333333333 [0.013699193201685951, 0.8172561413596727, 0.8576152403180107, 0.09809609178729731] [0.8796341401461121, 0.07607719197419878, 0.03571809300096979, 0.7952372415453861]
21600 -1.6989081772632877 0.8401529306691119 0.9066666666666666 [0.31153405904036896, 0.7201458337692053, 0.39517930855548516, 0.3864741319682738] [0.5951326076262956, 0.18652083289753585, 0.5114873581111024, 0.5201925346983993]
21700 -1.7119101960956906 0.8306939421093978 0.9333333333333333 [0.5074073969837185, 0.44556791913197313, 0.35105236534886614, 0.5626389852021084] [0.42592593634961484, 0.4877654142013593, 0.5822809679844712, 0.3706943481312213]
21800 -1.237032191813728 0.6793354613434022 0.94 [0.3989216531714324, 0.6632835147133948, 0.8093286522527068, 0.008466179862466254] [0.5410783468285677, 0.276716485286605, 0.1306713477472934, 0.931533820137534]
21900 -2.0077845586078755 0.9400326388984013 0.92 [0.12280898761905637, 0.8856101127864836, 0.8169385469369878, 0.014642352657472858] [0.797191012380944, 0.03438988721351681, 0.10306145306301251, 0.9053576473425267]
22000 -1.1220369783564839 0.6037750810646688 0.9533333333333334 [0.012556992539839157, 0.9404247829706697, 0.5479272990069907, 0.40575759214916685] [0.9407763407934886, 0.012908550362664407, 0.405406034326338, 0.547575741184177]
22100 -1.1614747601395286 0.6906689965232511 0.9333333333333333 [0.015884346467323764, 0.9202537074417889, 0.4617999343896949, 0.4687286783678591] [0.9174489868660098, 0.013079625891545226, 0.4715333989436375, 0.4646046549654746]
22200 -1.892126354840268 0.9276978893788652 0.9733333333333334 [0.1807262484970308, 0.7172043000995116, 0.5980048561154148, 0.45073126195470953] [0.7926070842689978, 0.25612903325540565, 0.37532847706409955, 0.5226020720781644]
22300 -2.056697907140759 1.0110511921517884 0.88 [0.2969510990079595, 0.607738546305249, 0.188502016766399, 0.6668083379203927] [0.5830489009905403, 0.27226145369583654, 0.6914979832341245, 0.21319166207949836]
22400 -1.1651044110901563 0.5610639776641781 0.9 [0.5050424264736969, 0.5391232205236871, 0.1959275191758873, 0.5599068338267292] [0.394957573526306, 0.36087677947630953, 0.7040724808241129, 0.34009316617327223]
22500 -1.3563755533116533 0.7190482680380464 0.9466666666666667 [0.36724716421989284, 0.5805084781569901, 0.9302766419153066, 0.015301049041144129] [0.5794195024467562, 0.3661581885098003, 0.016390024751285707, 0.9313656176254916]
22600 -1.3810166014690406 0.7156904314901286 0.8866666666666667 [0.8085815674689528, 0.12606460481126985, 0.2525815237368652, 0.5861056373162451] [0.07808509919773444, 0.7606020618553305, 0.6340851429297812, 0.300561029350487]
22700 -1.5515247417809113 0.8894793159623119 0.9 [0.5305028695496676, 0.3280243337737182, 0.6984395407696581, 0.24303325590695668] [0.3694971304503172, 0.5719756662262786, 0.20156045923036228, 0.6569667440930419]
22800 -1.5576719854151582 0.7191581415974762 0.9333333333333333 [0.3042269256508612, 0.6128849365642828, 0.9212356516209943, 0.028319152830528407] [0.6291064076824989, 0.3204483967690255, 0.012097681712345015, 0.9050141805027969]
22900 -1.4493568702723212 0.7007812369546382 0.8733333333333333 [0.49633685532464566, 0.10664700589606915, 0.30276657797182177, 0.8409162274741304] [0.37699647800867403, 0.7666863274373882, 0.5705667553615053, 0.0324171058590989]
23000 -1.3379683026599745 0.5908249633932616 0.96 [0.02199577959020224, 0.9372246601202723, 0.5116638879461718, 0.44911567234335403] [0.9380042204097936, 0.02277533987973139, 0.4483361120539079, 0.5108843276565672]
23100 -1.111634893939996 0.5611339903131354 1.0 [0.13027765580622594, 0.8703263579059677, 0.07054587314177982, 0.9288501131460271] [0.8697223441920283, 0.12967364209468185, 0.9294541268592834, 0.07114988685400693]
23200 -1.5732779965705463 0.8739286138915047 0.9466666666666667 [0.7647718081446113, 0.24966816701388708, 0.5344474780423296, 0.34444588013250554] [0.18189485852490997, 0.6969984996572461, 0.41221918861265616, 0.6022207865385211]
23300 -1.1156897138413115 0.6048021130081341 0.96 [0.2471547150508745, 0.6410007809012445, 0.5516213485370474, 0.4802231555108337] [0.712845284957623, 0.3189992190915394, 0.4083786514602893, 0.47977684449054786]
23400 -1.6242037392813822 0.9146751421887351 0.96 [0.26394307547105567, 0.6528501838727659, 0.894319268817442, 0.10888747183873693] [0.6960569245289134, 0.3071498161272351, 0.06568073118258987, 0.8511125281612614]
23500 -1.831149065400323 0.9138729709090002 0.9133333333333333 [0.31498406555648617, 0.7776580297611644, 0.4941622011119282, 0.2398623702370881] [0.5983492677768891, 0.13567530357215188, 0.41917113222136937, 0.6734709630962566]
23600 -1.5205893257199652 0.7599774965440906 0.86 [0.43636801455672536, 0.580289987354359, 0.42656719829868567, 0.27677479979022995] [0.4236319854433444, 0.27971001264562984, 0.4334328017012373, 0.5832252002097884]
23700 -1.793076167297063 0.9689753477781923 0.9466666666666667 [0.3815553929081453, 0.6963187654545254, 0.6843162280539073, 0.13114294691675568] [0.5651112737585142, 0.25034790121211176, 0.26235043861279744, 0.8155237197499096]
23800 -1.7932467911197667 0.9259821483867249 0.9333333333333333 [0.2580211114798132, 0.5940786075859196, 0.4484035996445605, 0.5661633479563734] [0.6753122218535221, 0.3392547257474146, 0.48492973368877246, 0.36716998537695733]
23900 -1.9413053430570506 0.8962799028217951 0.88 [0.20925620888999674, 0.4989623688386854, 0.5678738906384933, 0.483907531632825] [0.6707437911100784, 0.38103763116132666, 0.31212610936141144, 0.3960924683671829]
24000 -1.1254998171060064 0.606173807102422 0.8533333333333334 [0.13234847379891598, 0.5631021891702649, 0.8434515897199973, 0.16776441397748887] [0.7209848595344394, 0.2902311441607933, 0.009881743613508943, 0.6855689193579244]
24100 -1.2890461280415024 0.6505447252510357 0.9466666666666667 [0.06389296202729215, 0.9237260738308393, 0.2651811503413598, 0.6405331471338417] [0.8827737046393807, 0.02294059283582244, 0.6814855163253095, 0.3061335195328216]
24200 -1.4813526725119563 0.788293142259664 0.92 [0.2530994901161335, 0.5988965380499693, 0.4892523851309614, 0.49875158670293596] [0.6669005098842014, 0.3211034619497305, 0.43074761486907986, 0.42124841329698814]
24300 -1.6077795238434154 0.7667993675630888 0.9466666666666667 [0.7319101271856947, 0.19399264062758634, 0.0331843327818399, 0.9342462327382131] [0.2147565394809672, 0.7526740260390781, 0.9134823338848314, 0.01242043392845736]
24400 -1.5101533914036642 0.7323255444444935 0.88 [0.26817683576266005, 0.6113788162769106, 0.4804954386464061, 0.3999489093140231] [0.6118231642388183, 0.2686211837229598, 0.3995045613576222, 0.48005109068059953]
24500 -1.511495148530388 0.7773265060416161 0.9133333333333333 [0.6744596737252161, 0.8245370444257131, 0.19278384927705736, 0.13488609923868022] [0.23887365960814302, 0.08879628890637639, 0.7205494840562585, 0.778447234095889]
24600 -1.5451640940026898 0.7552276807786136 0.92 [0.10643579435029778, 0.8552481209201238, 0.7014099423606016, 0.17690614236897606] [0.8135642056497011, 0.06475187907987336, 0.21859005763939834, 0.7430938576310275]
24700 -1.7408286007623697 0.8653999253930788 0.8866666666666667 [0.23224161248734404, 0.7718280084613022, 0.2486989418009927, 0.5205647705836947] [0.6544250541789512, 0.1148386582055685, 0.6379677248665441, 0.36610189608226906]
24800 -1.5055610441389367 0.7434567792451349 0.8533333333333334 [0.14304120609006932, 0.7799654076431107, 0.704971704497802, 0.0786883484356849] [0.7102921272832367, 0.07336792568171725, 0.14836162882919843, 0.774644984872515]
24900 -1.7282863538147326 0.8362931182749649 0.8933333333333333 [0.10801867308132944, 0.686744054404785, 0.7790519635043425, 0.21285197567621025] [0.7853146602526027, 0.2065892789304088, 0.11428136982881663, 0.6804813576548393]
25000 -1.5893198945591487 0.7329463816778263 0.94 [0.27394863403928493, 0.670178205273145, 0.9164888915095425, 0.0193842691780274] [0.666051365960324, 0.2698217947270723, 0.023511108490455502, 0.9206157308221489]
25100 -1.3896160545320801 0.7352633101011453 0.94 [0.01394186084718441, 0.9275936470402751, 0.5449560752835598, 0.3935084168289802] [0.9260581391529839, 0.012406352865470073, 0.3950439248130904, 0.5464915831684553]
25200 -1.9129813910961653 0.986117528437819 0.9866666666666667 [0.2583568601108244, 0.7284370164353818, 0.3887826074367907, 0.5977568493503356] [0.7283098065558417, 0.2582296502312843, 0.5978840592298776, 0.3889098173163301]
25300 -1.7288941646890141 0.8330020124019519 0.9733333333333334 [0.7655889410598762, 0.206394288039376, 0.2708483504506839, 0.7038350871167297] [0.2077443922734372, 0.7669390452939598, 0.7024849828826728, 0.26949824621659696]
25400 -1.5977398323671885 0.852359387017228 0.9733333333333334 [0.2336011980914268, 0.796130177943431, 0.6314023199764554, 0.28553297065535366] [0.7397321352418595, 0.1772031553899494, 0.34193101335687826, 0.68780036267798]
25500 -1.6570118585765887 0.8195944138936129 0.9466666666666667 [0.4327629148053337, 0.4471436056518975, 0.5013777939801621, 0.5120490188959403] [0.513903751861312, 0.4995230610147599, 0.4452888726865485, 0.4346176477707132]
25600 -1.0036600413463181 0.5504349303218549 0.8466666666666667 [0.508626417243904, 0.833712886984536, 0.2607673768728613, 0.09022665223203238] [0.33804024942292077, 0.012953779682027456, 0.585899289793671, 0.7564400144347134]
25700 -1.15014446562495 0.6270383999100212 0.9533333333333334 [0.8830767692470421, 0.08751064105815427, 0.8706883424794084, 0.06539091388206174] [0.07025656408598849, 0.8658226922756148, 0.08264499085411998, 0.8879424194509431]
25800 -1.4022101804702107 0.8151311532829564 0.84 [0.8244910502960843, 0.15636838664338373, 0.013770408473512618, 0.6853701545870202] [0.015508949703944414, 0.6836316133567122, 0.82622959152637, 0.15462984541297442]
25900 -1.3903171917215857 0.7686629246060803 0.92 [0.26461611762525733, 0.8969904502860815, 0.4822917308773407, 0.19610170121132092] [0.6553838823744083, 0.02300954971423739, 0.4377082691227098, 0.7238982987886451]
26000 -1.1452226420426366 0.5370922173029002 0.9 [0.04021675430470576, 0.8564338114305211, 0.7276170703039113, 0.17573236396086192] [0.8597832456953216, 0.04356618856947493, 0.1723829296960614, 0.7242676360391428]
26100 -1.278571744691336 0.7627137011001137 0.94 [0.4804488381896479, 0.6485630568566934, 0.37218539346510526, 0.37880271148855366] [0.4595511618105317, 0.2914369431431275, 0.5678146065348927, 0.5611972885114476]
26200 -1.5439034503758973 0.8256260578986416 0.88 [0.4094912837444292, 0.5597591289315301, 0.5664115087559174, 0.22433807856812313] [0.47050871625570173, 0.3202408710683872, 0.3135884912441462, 0.6556619214317652]
26300 -1.4580309961180107 0.8099688318767422 0.9133333333333333 [0.8242203953030792, 0.09622374284457229, 0.1290983290932347, 0.777124199425781] [0.08911293796221711, 0.8171095904562412, 0.7842350043397398, 0.13620913390846823]
26400 -1.769376498716788 0.8080550289364706 0.8933333333333333 [0.43200732427740357, 0.773433810667138, 0.3367525994732936, 0.24447293224883263] [0.4613260090557533, 0.11989952266619622, 0.5565807338600208, 0.6488604010846966]
26500 -1.12354021113306 0.6308443322199754 0.8933333333333333 [0.3489985380117716, 0.8600487065845573, 0.5383134230504569, 0.03930599901988085] [0.544334795321562, 0.033284626748775616, 0.3550199102828759, 0.8540273343134525]
26600 -1.5034998596809157 0.7878338827900148 0.9666666666666667 [0.42745777404491475, 0.5023987445037748, 0.7878676687294356, 0.2156091460552076] [0.5392088924758021, 0.4642679263181817, 0.17879899736003485, 0.751057517179314]
26700 -1.1345733548112875 0.5191056879837964 0.9866666666666667 [0.9773827031241622, 0.009128557824625957, 0.6091659516915126, 0.3776561206930329] [0.009283963542623085, 0.9775381088420129, 0.3775007149777033, 0.6090105459709931]
26800 -1.4621840492213278 0.7276524483825599 0.9466666666666667 [0.7482681106938417, 0.19631091905940581, 0.011956052126185591, 0.9367982514539004] [0.1983985559726724, 0.7503557476074192, 0.9347106145425037, 0.009868415210736944]
26900 -1.4272363967401553 0.6854032850511504 0.9466666666666667 [0.024398726363282323, 0.8883002887589072, 0.8835159138141436, 0.09711840439700047] [0.9222679403033835, 0.058366377907759386, 0.06315075285252329, 0.8495482622696658]
27000 -1.4566515627331187 0.713461897686274 0.96 [0.22330164571344904, 0.7857898424708794, 0.8732675531678453, 0.037640958647826885] [0.7366983542865337, 0.1742101575291243, 0.08673244683216808, 0.9223590413521737]
27100 -1.6465477370723032 0.8143618394546096 0.9066666666666666 [0.051700050586881985, 0.7995076034216161, 0.8849919843049796, 0.07713369501985597] [0.8549666160797859, 0.10715906324505059, 0.021674682361685377, 0.8295329716468122]
27200 -1.5404547146226826 0.7098525059239734 0.8933333333333333 [0.040619185286526756, 0.8442283748110624, 0.8564322094598902, 0.045386897109186905] [0.8527141480468071, 0.04910495852227507, 0.03690112387344124, 0.8479464362241437]
27300 -1.3206270053959062 0.607285202902144 0.9733333333333334 [0.047427105810331986, 0.9388048655076292, 0.3746201206509124, 0.5858145746977933] [0.9259062275230016, 0.03452846782570329, 0.5987132126824207, 0.3875187586355406]
27400 -1.6249231586472666 0.7658163197931537 0.9733333333333334 [0.6041363388196617, 0.32511305858471373, 0.17996648473361504, 0.8374507845286762] [0.3691969945611944, 0.6482202747007427, 0.7933668485826543, 0.13588254882207476]
27500 -1.6539070568588539 0.7455977355547798 0.9866666666666667 [0.5587562695617838, 0.4311356950222274, 0.934625800285161, 0.04881556846416074] [0.4279103971048828, 0.555530971644437, 0.05204086638151324, 0.9378510982025003]
27600 -1.4085864322913315 0.7026968307244347 0.9333333333333333 [0.1078293476174408, 0.8409624932899153, 0.9064122270814677, 0.011462598677842276] [0.8255039857158916, 0.09237084004341926, 0.026921106251864373, 0.9218707346554907]
27700 -1.296223085643658 0.6274817821670114 0.88 [0.5324908352918278, 0.8451410237829878, 0.34748022375065657, 0.034887917174528466] [0.34750916470812937, 0.034858976217014365, 0.5325197762493851, 0.8451120828254705]
27800 -1.2721078658275564 0.623650579989129 0.92 [0.47542373262445503, 0.9027374222928821, 0.4446641356773751, 0.017174709405288365] [0.4445762673755443, 0.01726257770711838, 0.47533586432262515, 0.9028252905947115]
27900 -1.111709236190999 0.5070458622423231 0.84 [0.4984697536783356, 0.4183975593746526, 0.3168831180371563, 0.44624956890985534] [0.34153024632166484, 0.4216024406253449, 0.5231168819628453, 0.39375043109014496]
28000 -1.4563236164108848 0.7619291007926388 0.9333333333333333 [0.4962589100613919, 0.5581266111882527, 0.49237144914942577, 0.3199096962675963] [0.43707442327194124, 0.37520672214507994, 0.4409618841839076, 0.6134236370657373]
28100 -1.5487824029308568 0.864128635868179 0.9733333333333334 [0.26082598708506227, 0.7105132687902563, 0.9246438003698232, 0.050683610421523625] [0.7125073462482939, 0.262820064543074, 0.04868953296348726, 0.9226497229118121]
28200 -1.926250632790688 0.9001769760238332 0.9466666666666667 [0.4846190501032501, 0.45788887569328923, 0.5208550903026338, 0.4299703172341607] [0.46204761656342014, 0.48877779097337976, 0.42581157636402767, 0.5166963494325058]
28300 -2.0779018634250623 1.1264723590151435 0.9333333333333333 [0.36467241545307755, 0.6208985249453072, 0.7326340023033897, 0.14846172396489246] [0.5686609178799957, 0.31243480838827775, 0.20069933102993212, 0.7848716093684613]
28400 -1.3152672682151942 0.639976498904638 0.9466666666666667 [0.06266978599527509, 0.8830483139504384, 0.7622555986563975, 0.1853596347312226] [0.883996880671333, 0.06361835271625474, 0.18441106801026932, 0.7613070319354761]
28500 -1.3871950539851183 0.6526790294491172 0.8533333333333334 [0.6699553874615867, 0.3719013627744416, 0.37978870092693723, 0.28502121550370113] [0.18337794587174694, 0.4814319705588935, 0.47354463240639516, 0.5683121178296311]
28600 -1.235140624251317 0.6138591282129107 0.9266666666666666 [0.43570693862345916, 0.4976451516366158, 0.9001496979415515, 0.019831545131706988] [0.49095972804320537, 0.42902151503005276, 0.026516968725114002, 0.9068351215349599]
28700 -1.9095376949415734 0.8926275984609239 0.8866666666666667 [0.5016785136844212, 0.48093321720571963, 0.15972209079241734, 0.6309995116507752] [0.38498815289411137, 0.4057334495500426, 0.7269445758749893, 0.2556671550141906]
28800 -1.3727625956863454 0.7239562038601542 0.88 [0.7053109403699019, 0.4850274203362993, 0.17842495894949592, 0.39123668034430326] [0.17468905963009773, 0.39497257966370003, 0.7015750410505089, 0.4887633196556939]
28900 -1.3188572943358354 0.6564376852501647 0.92 [0.44166647093032047, 0.4774620983584462, 0.5573577525735783, 0.36351367813765545] [0.47833352906967797, 0.44253790164155893, 0.36264224742641193, 0.5564863218623517]
29000 -1.2880383295873283 0.6711418433218369 0.96 [0.5322504720647322, 0.4673903752651453, 0.8655039682334082, 0.05485518443671476] [0.4277495279343686, 0.49260962473581904, 0.09449603176667909, 0.905144815563134]
29100 -1.6351253720763845 0.8128618060958509 0.96 [0.7889863951347351, 0.17803641972620785, 0.6551405809394966, 0.29783660419956137] [0.17101360486526565, 0.7819635802737875, 0.30485941906050523, 0.6621633958004423]
29200 -1.4952008146211428 0.7799945579163033 0.9733333333333334 [0.17231860161793985, 0.8033039589583475, 0.9546683428515494, 0.016375763238829003] [0.8010147317153841, 0.17002937437503596, 0.018664990481742142, 0.9569575700945048]
29300 -1.6468609370877922 0.7929792476263172 0.96 [0.05726952323498389, 0.850011748881069, 0.9221980628698725, 0.09052066501407427] [0.9027304767650283, 0.10998825111896228, 0.03780193713012444, 0.8694793349858843]
29400 -0.8699697476180309 0.4348774142184872 0.9466666666666667 [0.010918402528466466, 0.936321739017013, 0.11588778330934188, 0.8302054084785124] [0.9357482641384697, 0.010344927649393675, 0.8307788833572961, 0.1164612581881735]
29500 -1.2476993691506557 0.6421850619124496 0.9466666666666667 [0.007492627593033544, 0.9394664299242336, 0.20300852866813193, 0.7433657471479338] [0.9391740390707776, 0.007200236744979324, 0.7436581380001237, 0.20330091951745397]
29600 -1.1877188477306004 0.6486116945475434 0.9733333333333334 [0.013263652158133597, 0.9600709419109315, 0.6330055428995073, 0.3403265296980944] [0.960069681175201, 0.013262391422400056, 0.3403277904338303, 0.6330068036352349]
29700 -1.1264206103326855 0.609761934557804 1.0 [0.27641071434499376, 0.7056887204873896, 0.4012075120827276, 0.6166930530848895] [0.7235892856550395, 0.2943112795126147, 0.5987924879173807, 0.38330694691496514]
29800 -1.4445608910387726 0.7314394711031096 0.9066666666666666 [0.22061445714273972, 0.7998971863008743, 0.7836029910109442, 0.009218698878775664] [0.6860522095240267, 0.1067694803657946, 0.12306367565566259, 0.8974479677878492]
29900 -1.6834316866111225 0.9007804416472396 0.96 [0.2171253550881788, 0.7766438890668294, 0.4691983528895348, 0.45703240295545716] [0.7428746449117208, 0.1833561109334152, 0.4908016471103391, 0.5029675970445255]
30000 -1.4374976732405822 0.7846783118572705 0.9733333333333334 [0.7289256897939281, 0.24679294026737908, 0.11793933087455666, 0.8530087057308031] [0.24440764353953123, 0.7265403930657712, 0.8553940024588548, 0.12032462760250892]
