step Ek EV sign nup ndn
100 -1.6709551274449979 0.7979414893180938 0.88 [0.48560893202491845, 0.25877284693268615, 0.2332413749998037, 0.7823768460425922] [0.39491614171702155, 0.620734763823722, 0.6463691928326873, 0.09797990162656925]
200 -1.1643659528887702 0.564778300830341 1.0 [0.01736468600937448, 0.9902030832277222, 0.20614828012753458, 0.7862839506353682] [0.9826353233693953, 0.009796901764058123, 0.7938516892244293, 0.21371608564211642]
300 -1.67600163090405 0.8318920212844865 0.9066666666666666 [0.042106378109316674, 0.7010057020036881, 0.8806015107221549, 0.18961974249817368] [0.8645575478009029, 0.20566065115952678, 0.02606547862061114, 0.7170496557522931]
400 -1.3443014194504375 0.6991679884846734 0.8533333333333334 [0.7787743577590692, 0.2553224938380755, 0.07484183528444997, 0.5977279797850719] [0.07455652304583703, 0.5980145110587102, 0.7784936749283964, 0.2556019576337229]
500 -1.5076716160669918 0.6463055266490967 0.9466666666666667 [0.016587536426863097, 0.9353384350978245, 0.7050358000974687, 0.23637156171117663] [0.9300791306116778, 0.01132818982181586, 0.24163100418319156, 0.710295008716648]
600 -1.6215124075999485 0.8785886332731547 0.92 [0.31407673331413993, 0.6560269910800476, 0.7199462103474022, 0.14995006525840965] [0.605923616422319, 0.2639727874190928, 0.20005379226131087, 0.7700498038972777]
700 -1.4645484891397769 0.7124415117578451 0.82 [0.3324271594408539, 0.6177915003842751, 0.4890892808166345, 0.20069205935823697] [0.48757271389770374, 0.20220860287592132, 0.33091083845420993, 0.6193078447721649]
800 -1.2263371295330407 0.6668126898159117 0.86 [0.2452102108674706, 0.8458938669130905, 0.6111129333335631, 0.017782988885876438] [0.6147897250051257, 0.01410617226776617, 0.24888710763237057, 0.8422169950947374]
900 -2.0712352136097048 1.0801259573257287 0.9066666666666666 [0.41009763613872413, 0.485157034894371, 0.4263633851095513, 0.49171527719068675] [0.49656866363283875, 0.42151030178423404, 0.4803030823471625, 0.41495128556909844]
1000 -1.499748596814422 0.7721695647614772 0.9333333333333333 [0.29946708577938463, 0.6284257984466342, 0.9197081244160874, 0.019065658024560176] [0.6338662425220835, 0.3049075467715514, 0.013625158445921286, 0.9142677189271112]
1100 -1.4038857144665369 0.7335710931960219 0.9466666666666667 [0.15323004300431695, 0.7965830312986979, 0.9303036834492836, 0.013216575581034902] [0.7934366302220823, 0.15008393049235694, 0.01636295226717913, 0.9334498203517152]
1200 -1.1375124594513093 0.5226618455361645 0.8666666666666667 [0.7332692125244691, 0.5403777994375887, 0.1377521447152672, 0.32193417665600865] [0.13339752240477998, 0.32628879557984747, 0.7289145238981236, 0.5447324914505833]
1300 -1.7346887626467264 0.9687410828867336 0.9933333333333333 [0.20188831059951207, 0.8214043055485044, 0.21218013479532533, 0.7511939157233255] [0.7914448824785786, 0.17192916294314006, 0.7811544751319295, 0.24213814611301862]
1400 -1.5398359104646842 0.7826334049848931 0.9533333333333334 [0.0766168690557614, 0.9283655292995635, 0.8853256567568748, 0.01635861155446697] [0.8767167826161462, 0.024967527089398762, 0.06800764543122312, 0.9369747115298984]
1500 -0.9765155992621218 0.4846736585383525 0.82 [0.18448503064412292, 0.3211124524687794, 0.6353953319611365, 0.49900718492596213] [0.6355152143228137, 0.4988905613851992, 0.1846005262228969, 0.3209936980690903]
1600 -1.3585745995437823 0.7729956803032886 0.8866666666666667 [0.41306549982539015, 0.43991825476145835, 0.17278325856034404, 0.747566320186141] [0.47360249447559266, 0.44674846823315906, 0.7138821083102083, 0.13910026231437364]
1700 -1.748260880803796 0.9158777752287297 0.9066666666666666 [0.20076325162833186, 0.6930064789394011, 0.659084888650779, 0.260478714114821] [0.705903487011616, 0.21366007047642743, 0.24758174082809692, 0.6461880350171927]
1800 -1.0396354118022852 0.5693789603855053 0.96 [0.4486208079191049, 0.5091234830201702, 0.9473699670061551, 0.014885742054569289] [0.5113791831119748, 0.4508765257807403, 0.012630051060077956, 0.9451142400472059]
1900 -1.3005704831657625 0.6394793331997222 0.92 [0.01968930442252261, 0.8793927684430287, 0.9083675148453901, 0.03255041228905886] [0.9003106950285658, 0.04060723069909561, 0.011632485793865352, 0.8874495884784733]
2000 -1.7937804628132827 0.959783174367966 0.9333333333333333 [0.9088782257676175, 0.05255762754075249, 0.16039086134799466, 0.7448399520103018] [0.024455097412754097, 0.8807757019052453, 0.7729424892180742, 0.18849337813059353]
2100 -1.69631579961166 0.822481449385943 0.9333333333333333 [0.37312953107052654, 0.5719120895960674, 0.5958337763285846, 0.3257912696714887] [0.5602040447277361, 0.36142109920421084, 0.337498831156487, 0.607542691578233]
2200 -1.7047455783799867 0.8508082292346137 0.96 [0.43425104149355737, 0.5794842136450933, 0.7509919990801004, 0.15527274578124986] [0.5257495263741673, 0.3805153600727966, 0.20900854250797293, 0.8047265710450634]
2300 -1.1189157321858036 0.5970775072888195 0.92 [0.10669389741635639, 0.8797918454340931, 0.4401523848541029, 0.4133618722954484] [0.8133060889040163, 0.040208169779960556, 0.47984768039929454, 0.5066380609167284]
2400 -1.716809929368828 0.8693263113884208 0.96 [0.03055100962378981, 0.92734811381423, 0.682455498771008, 0.27964537779097254] [0.9294488424259437, 0.03265204807801105, 0.2775445634326666, 0.6803545460633784]
2500 -0.7778877781070234 0.36393593974305355 0.96 [0.7564192926166347, 0.20284991269835964, 0.9540654347308274, 0.00666535995417792] [0.20358046695728735, 0.7571504218867351, 0.005934551216765456, 0.9533345599392123]
2600 -1.3122061521349822 0.5710603484314721 0.96 [0.4848555666767618, 0.4755165564287724, 0.2767524685061755, 0.6828754083882898] [0.4751449854335575, 0.48448289141667505, 0.6832474577134419, 0.27712466543632547]
2700 -1.6422786394539797 0.9282124982054762 0.8533333333333334 [0.19888529869992116, 0.7810082156618109, 0.6764417670397527, 0.05033138526518084] [0.6544477470062802, 0.07232565622686321, 0.1768913171681009, 0.8030019462654227]
2800 -1.5749518835780072 0.874803857050763 0.9466666666666667 [0.021923877303361202, 0.8616859873532894, 0.9075860576038188, 0.10213741107286484] [0.9247427899836119, 0.0849806795719664, 0.039080603029822, 0.8445292607479338]
2900 -1.1439872463524772 0.570682059011347 0.7666666666666667 [0.36525957944534965, 0.7374368472945915, 0.4014037712091569, 0.029233135384235248] [0.40140708122539287, 0.02922982715017234, 0.36526295741678166, 0.7374334675409863]
3000 -1.2329667367663675 0.6834503258607726 0.94 [0.771523541810347, 0.01503749126446293, 0.5465756187074378, 0.5468633482177516] [0.16847703149816046, 0.9249620383427498, 0.3934241859396875, 0.393136744219402]
3100 -1.3403043262768792 0.725029928023299 0.9333333333333333 [0.8065208946853116, 0.1398431117267608, 0.46783154692226625, 0.45247111333232826] [0.12681244317668044, 0.7934902219908241, 0.46550178210758325, 0.48086221939157875]
3200 -1.4033475011361314 0.6501954968532891 0.9066666666666666 [0.5346555461966219, 0.37405449567817883, 0.1719067843147432, 0.7327165071437901] [0.372011115778294, 0.5326121814294681, 0.7347598885653318, 0.173950147560239]
3300 -1.3421059590963096 0.6777605294495999 0.9066666666666666 [0.46572449366546154, 0.5857730462085645, 0.3344842895090268, 0.42735150395028026] [0.44090873489430116, 0.32092625428492916, 0.5721842886856031, 0.47931405546850026]
3400 -1.7399510890238639 0.8717835933519166 0.96 [0.11544830031153419, 0.8657016205265252, 0.8898317986387381, 0.049018280523203124] [0.8445516901962083, 0.0942984503313498, 0.0701681568044335, 0.9109817026680092]
3500 -1.5997022204620481 0.8416241848817041 0.92 [0.8598786688439245, 0.013712822660915268, 0.06669382221440506, 0.8997146862807553] [0.06012132943457089, 0.906287155384427, 0.8533061778745238, 0.020285337306478458]
3600 -1.2556607908693518 0.5998717618346973 0.9466666666666667 [0.5534405765441763, 0.39497228446141575, 0.7782246003895615, 0.1666958719381798] [0.39322616711972036, 0.5516943037545261, 0.16844206798143155, 0.7799707944776552]
3700 -1.4070683964716693 0.7600690630817803 0.9733333333333334 [0.0761897924909298, 0.8976907608881366, 0.21811677581853298, 0.7546693374690668] [0.8971435501886953, 0.07564254652608583, 0.7552166390353577, 0.2186639309165274]
3800 -1.3116422044769405 0.6679900489751897 0.9333333333333333 [0.023742852051354332, 0.9086110010032704, 0.8090845034762549, 0.12522831013578758] [0.9095904764453435, 0.024722336899848533, 0.12424882986315587, 0.8081050234583184]
3900 -1.3898461598692506 0.6467128892871463 0.92 [0.00958517044976332, 0.9111893635980786, 0.5650292395294652, 0.35419622642269355] [0.910414844119138, 0.008810626339746245, 0.35497076053407384, 0.5658037690070423]
4000 -1.478907129403345 0.8012427107553428 0.96 [0.6230839606098091, 0.34552321694944155, 0.4269433644558924, 0.5244494579848576] [0.33691606220570897, 0.6144767557259485, 0.5330566384789557, 0.43555054358938716]
4100 -1.2458866514250295 0.7511377821000523 0.9466666666666667 [0.8768633552292383, 0.19052594104060241, 0.31568397668099263, 0.5102600603825006] [0.06980328988538452, 0.7561414618668261, 0.6309792402737622, 0.43640934130736053]
4200 -1.6537387861673254 0.7885141769217474 0.96 [0.5691903558327712, 0.43163977272895654, 0.23763735138187295, 0.6815325200563997] [0.390809643796057, 0.5283602276263766, 0.7223626490278988, 0.2784674795496676]
4300 -0.9934068599891241 0.5253884778348292 0.9066666666666666 [0.029371459427715057, 0.597383097325713, 0.5245780298219028, 0.6620007467580021] [0.8772949807083116, 0.30928344845363165, 0.382088644457697, 0.24466625971369324]
4400 -1.6432425550473686 0.749859977310268 0.9866666666666667 [0.3727592738553472, 0.5964272678215564, 0.3589908309796674, 0.6451559606767625] [0.613907366481543, 0.39023942998844696, 0.6276758485904627, 0.3415106882728806]
4500 -1.3898356763644517 0.799322150697738 0.8666666666666667 [0.0341883665392707, 0.6499708177150527, 0.8315974993795883, 0.21757664969942203] [0.8324783729929206, 0.21669607945263641, 0.035069272342579665, 0.6490896085451968]
4600 -1.0214403490982247 0.5147556692156073 0.92 [0.7241243822611021, 0.7201174262978579, 0.17808596750271402, 0.21767222393832686] [0.1958756817326989, 0.19988257163748488, 0.7419137722906958, 0.7023279743391204]
4700 -1.2700818613231293 0.6049158985231953 0.9333333333333333 [0.017927709639409466, 0.9210859272883721, 0.9137279652699106, 0.013925064468974731] [0.9154056348632935, 0.01224763388639477, 0.019605345254411037, 0.9194080526625679]
4800 -1.4879458134604118 0.7281533153932533 0.9066666666666666 [0.061492553016017436, 0.7215965282259726, 0.7049216042124876, 0.32532264787885473] [0.8451730089897835, 0.18507062488266934, 0.20174499276521418, 0.5813447066956664]
4900 -1.5929063461856654 0.7853348777048286 0.92 [0.5023322173417674, 0.49992721678048013, 0.5436879744848663, 0.29405259139288614] [0.41766765122752453, 0.42007292391636963, 0.3763120256466797, 0.6259473992094261]
5000 -1.4907081768101722 0.7888501084875988 0.9533333333333334 [0.26523887829238696, 0.6894869126684677, 0.9308772264556211, 0.021063649250190105] [0.6880939821580948, 0.2638468986707542, 0.022455584096797238, 0.932270201741021]
5100 -1.4612728028553794 0.6830828662979789 0.7933333333333333 [0.33785452169588887, 0.5702465529547589, 0.4635893647686971, 0.21497622724732182] [0.45547856341118736, 0.22308735328883847, 0.3297441791360937, 0.5783565708305474]
5200 -1.463035583822738 0.6937766142635039 0.96 [0.01729777122094815, 0.9469808738574013, 0.938038918930841, 0.017682435990808622] [0.942708467887454, 0.013025342072293089, 0.021960587593860468, 0.9423056024463944]
5300 -2.1680286068695804 1.0119437797877662 0.9466666666666667 [0.22958384404575288, 0.728255947359886, 0.7543218042641415, 0.18117173766355207] [0.7170776748612584, 0.21841582322778946, 0.19234480753339117, 0.7654950277108938]
5400 -1.6119929512819011 0.8587907385743206 0.9066666666666666 [0.22497930295332594, 0.8387122230880764, 0.6539790362916642, 0.09566277100026764] [0.681689948332339, 0.06795175757901628, 0.252687773860076, 0.8110038535619013]
5500 -1.481995244511651 0.6911415226183362 0.92 [0.298348849103482, 0.7014273816464297, 0.5847611037823583, 0.25546266546773005] [0.6216517834345214, 0.21857257563989582, 0.33524698742953374, 0.6645286534960487]
5600 -1.3817994786835968 0.6865701987997722 0.88 [0.33415602851493775, 0.4172601579848178, 0.5457948364663321, 0.4627889770339126] [0.5458440547739042, 0.4627398439310817, 0.33420508050845915, 0.41721102078655453]
5700 -1.4245794484631777 0.7499825781842322 0.9733333333333334 [0.016414498246715203, 0.9573541657019492, 0.9541752028224109, 0.018722799895591752] [0.9569188344779098, 0.015979168137309936, 0.01915813087256372, 0.9546105331788832]
5800 -1.2319277842740601 0.6224904553675114 0.92 [0.06640548201473262, 0.7042596182500053, 0.9107935759115005, 0.15854132382376188] [0.8535945751115638, 0.2157405316054259, 0.00920644629771954, 0.7614584469852906]
5900 -1.387817143093174 0.6739145956085553 0.8533333333333334 [0.4116467640230132, 0.774681230942616, 0.21146919176222032, 0.30886947993881675] [0.4416852831857952, 0.07865337966000298, 0.6418636575020253, 0.5444643463188437]
6000 -1.1611753586413323 0.5901104218823899 0.96 [0.011867686930120268, 0.9495475000701393, 0.5339146997999517, 0.4246701131997886] [0.9481380295635614, 0.010453076197687107, 0.42607880177612795, 0.5353300924626242]
6100 -1.2443387711899048 0.6709188556877737 0.96 [0.2419233555081241, 0.7143553992261139, 0.6538286702779575, 0.3098925749878043] [0.7180766877673124, 0.24564453054818627, 0.3061702868103443, 0.6501084948741578]
6200 -1.598896993897993 0.7573302072535476 0.94 [0.15604759051100436, 0.8915327751250995, 0.5365887492597403, 0.29583088510415595] [0.7839525146318871, 0.04846723469321921, 0.4034110255566152, 0.644169225118279]
6300 -1.3383384051239464 0.6144212260162316 0.9666666666666667 [0.25799191668711996, 0.7274413079871203, 0.4293782014369019, 0.5185219072221916] [0.7086747124418242, 0.23922534370938503, 0.5372884631306576, 0.4481448140514663]
6400 -1.7146750644655144 0.8658415753423666 0.9133333333333333 [0.5200581924597005, 0.5239142715759177, 0.22575661414405063, 0.5569375884869978] [0.3932744346220575, 0.38941929357169114, 0.6875773003899055, 0.3563956380830127]
6500 -1.5731365593421407 0.8290041824702729 0.9 [0.5532217290099369, 0.42506102985750993, 0.4340026764459831, 0.38771456468656995] [0.34677253636468724, 0.47493898411575536, 0.4660006902798659, 0.5122877892396919]
6600 -1.3311064572301348 0.660450018464075 0.8466666666666667 [0.21953918796932811, 0.8078380910202986, 0.6547941236607795, 0.011161930682927748] [0.6271274052834602, 0.03882854558746876, 0.19187264741277735, 0.8355047350496266]
6700 -1.3231740303807342 0.7170709568893808 0.9666666666666667 [0.7501701422178226, 0.2566647993299369, 0.03048904470334198, 0.8960093470822316] [0.21649669691054196, 0.7100018836552248, 0.936177196106474, 0.07065755666109236]
6800 -1.4153054744789813 0.7020352438452633 0.96 [0.2970922164925402, 0.6629876449678421, 0.015591937787997603, 0.9443282007516204] [0.6629080052209031, 0.29701207363449184, 0.9444082891056657, 0.01567163203893931]
6900 -1.589524231369123 0.7751741378108258 1.0 [0.0830506299937824, 0.9165868198360511, 0.40760636040546755, 0.5927561897646981] [0.9169493973033556, 0.08341313473836753, 0.5923935989569984, 0.4072438690012784]
7000 -1.4528187383459157 0.6847828979274753 0.92 [0.22029599914909317, 0.47909142639068647, 0.5435657701330237, 0.5970468043271957] [0.699703241009674, 0.4409093072924897, 0.376434292335963, 0.32295315936187385]
7100 -1.3067903032993542 0.6845890665957141 0.8533333333333334 [0.5478678773987923, 0.24041023178468293, 0.298918750430191, 0.6194698070530008] [0.305465461392934, 0.6129225321867596, 0.5544146015718453, 0.2338640715151269]
7200 -1.619034703485557 0.7971025044430001 0.8133333333333334 [0.23614476736696466, 0.6525860205386128, 0.5133122656960016, 0.2246236130650871] [0.5771885972763753, 0.1607468945423665, 0.30002177885180903, 0.5887093959961164]
7300 -1.1664438638522034 0.5836062249066521 0.8933333333333333 [0.2474993152177173, 0.8824514924071334, 0.637262675499042, 0.019453183542773898] [0.6458340172329458, 0.010881841978707054, 0.25607065772729093, 0.8738801497277229]
7400 -0.9947608328284887 0.4871178417659261 0.9066666666666666 [0.526087884659733, 0.89614640771883, 0.3802638481247935, 0.010835192829976964] [0.38057879637161673, 0.010520254408054576, 0.5264028071856798, 0.8958314753679822]
7500 -1.5473702306358152 0.8677654317749629 0.9733333333333334 [0.6212589165389448, 0.35192952927110044, 0.6407074029047326, 0.33277081795188856] [0.35207448468944863, 0.6214037851801415, 0.33262589384189345, 0.6405625029551829]
7600 -1.1997132395032406 0.5652552760343565 0.96 [0.4150873688906831, 0.5435359054886024, 0.01175340847083473, 0.9496233171498796] [0.5449126408216025, 0.4164640852212173, 0.9482466024060668, 0.010376671551113482]
7700 -1.5523400865283534 0.7744679767464849 0.9266666666666666 [0.743775114573368, 0.20488444333171135, 0.014048365247831462, 0.890625410180423] [0.18289166656595235, 0.7217821724448192, 0.9126182452863687, 0.036041249036194045]
7800 -1.4293418852736919 0.7314463951801923 0.9666666666666667 [0.885296830686377, 0.07696564225154445, 0.29721827622600977, 0.6738525841694023] [0.08136987006807894, 0.8897009980444474, 0.6694480060992486, 0.2928144591215585]
7900 -0.9014873900083078 0.4366683674626508 0.8866666666666667 [0.6350702866309564, 0.8785754097183575, 0.2524768065059615, 0.007210830478057723] [0.25159544786416577, 0.008091540624377896, 0.634190793923552, 0.8794555509212387]
8000 -1.7824217202912296 0.9382865378637198 0.9 [0.09481181292501825, 0.5487559431998285, 0.8024149477680734, 0.35401729610707977] [0.8051880282030597, 0.35124408199179513, 0.09758522634501687, 0.5459826634601281]
8100 -1.7567125324198332 0.8634688762652134 0.9066666666666666 [0.537192607433166, 0.23048287649424792, 0.3702578387207073, 0.6754000106852124] [0.36947502117900777, 0.6761827340580947, 0.536408951646521, 0.2312666264497107]
8200 -1.3479626146316537 0.6476120599328639 0.9866666666666667 [0.30348491857550974, 0.6798049903940692, 0.9756955774747623, 0.014347846888991427] [0.6831820165226016, 0.30686150602472423, 0.01097110809609907, 0.9723187026899088]
8300 -1.3455846586135782 0.6890803750977669 0.9666666666666667 [0.024459501155539465, 0.955786765408533, 0.5966078535297235, 0.35647921323953763] [0.94220745160829, 0.010879616784705115, 0.37005881937665586, 0.6101874455636819]
8400 -1.150450684243294 0.5756874641017142 0.8866666666666667 [0.16430064640706918, 0.8729044420740659, 0.7234342231934555, 0.012694021658743084] [0.7223660795393632, 0.013762297634626594, 0.16323221996492762, 0.8739727361944165]
8500 -1.3660110121079412 0.6918548220120784 0.9066666666666666 [0.033244325644786264, 0.8406331828762617, 0.8563115758884718, 0.08314424892381395] [0.8734223921042972, 0.0660334427441282, 0.05035510614240448, 0.8235223923425041]
8600 -1.431212176087684 0.6796818831472807 0.92 [0.02295643895255613, 0.7821276401462091, 0.7145888912487424, 0.3203270296524929] [0.8970433568575202, 0.13787250870708426, 0.20541321978487498, 0.5996709146505205]
8700 -1.5807946042699041 0.763863614556227 0.8533333333333334 [0.4142317650327797, 0.7671419686457946, 0.37452119782543347, 0.15077173516265943] [0.4391012256802142, 0.08619139909925382, 0.47881248202718096, 0.7025615598600167]
8800 -1.0407684491080313 0.5171416781640911 1.0 [0.014702268379135084, 0.985678923790378, 0.3487844209322904, 0.6508343868981971] [0.9852977366083828, 0.01432107411675299, 0.6512155533241043, 0.3491656359507592]
8900 -1.3533909194067841 0.7098251403300552 0.9133333333333333 [0.7745060638531371, 0.29030311017257354, 0.038230693572647335, 0.7236267990683088] [0.13882826653157843, 0.6230298447324254, 0.875101697494286, 0.1897068579083779]
9000 -1.4657348242734043 0.7386988183907057 0.9133333333333333 [0.6749991173868249, 0.35374866302242014, 0.14730634771534185, 0.6506125385420799] [0.23833420991769558, 0.5595846767327611, 0.7660265327880407, 0.2627212472281693]
9100 -1.2580795625383627 0.6306672622220071 0.96 [0.43662520513878167, 0.5221409675475442, 0.2747464631302885, 0.6864873641833852] [0.5233748110208734, 0.437859010926244, 0.6852535108131551, 0.2735126672397268]
9200 -1.2763484760512285 0.6565703894522251 0.8533333333333334 [0.5425883503077051, 0.519696640906888, 0.3154498561040555, 0.32893181934801785] [0.3107453649528227, 0.3336370994631492, 0.537882714894046, 0.5244014873566488]
9300 -1.8985589671174958 0.892305514049861 0.9066666666666666 [0.26781020302759645, 0.6321688677375512, 0.6941581687759616, 0.21919609379222402] [0.6388564653902119, 0.2744978032410728, 0.2125083966872848, 0.6874706680147642]
9400 -1.5038350879242608 0.7690721249849559 0.88 [0.23026746254024189, 0.7597280303941971, 0.6702021785809266, 0.09980232848463384] [0.6497325384974229, 0.12027197160956203, 0.2097978210151347, 0.7801976688778801]
9500 -1.5662930571082299 0.7240644198510456 0.92 [0.034955488904311105, 0.8769631050604723, 0.9042909938873983, 0.02379041214781803] [0.8850478780560348, 0.043033912401473, 0.015709117917669813, 0.8962090916248231]
9600 -1.6024672030477456 0.8113244480895284 0.9066666666666666 [0.06709336021809129, 0.8604758072502292, 0.8354987068045051, 0.0502654590605072] [0.8395731979769049, 0.04619084510588338, 0.07116807499681696, 0.8564012152537286]
9700 -1.620998673770045 0.8453136471470063 0.9466666666666667 [0.49926053016011623, 0.5460011497258609, 0.43097427116224984, 0.41709738228510623] [0.4474063199735185, 0.40066553101203867, 0.515692204188906, 0.5295692781588699]
9800 -1.3486407938275442 0.6806036653381885 0.9733333333333334 [0.34525749610228457, 0.6677204698916182, 0.25776930437374357, 0.6759193962990203] [0.6280758322446149, 0.30561288420731947, 0.7155636355419719, 0.29741431467275997]
9900 -1.1180240633966563 0.5323839160442143 0.9733333333333334 [0.4644756253263875, 0.5152281918409805, 0.9575906988394836, 0.009372150659815396] [0.5088577427576576, 0.45810509797676463, 0.015742555636954373, 0.9639612702952892]
10000 -1.3790236553322233 0.7300858086247485 0.9466666666666667 [0.06646076366870123, 0.8834630517164942, 0.7934871917636085, 0.149922326184529] [0.8802063491779196, 0.06320314234682627, 0.15317950294446592, 0.7967443388641213]
10100 -1.516033992065885 0.7530223092276105 0.9466666666666667 [0.29840747547410384, 0.6432350230182102, 0.7310685355155533, 0.22062229932546534] [0.6482586191141845, 0.30342885286499127, 0.21559809027816196, 0.726047771075996]
10200 -1.5744662181489224 0.8130634642465613 0.9 [0.6517089141669422, 0.2876033358823682, 0.4615244915300106, 0.39916325842067873] [0.24829107838054568, 0.6123966807022623, 0.4384754958666706, 0.5008367450505207]
10300 -1.2388458859364038 0.7090496105957036 0.8733333333333333 [0.6819778307928239, 0.4077773184541043, 0.18507943908163046, 0.47183207833810825] [0.19135550519666103, 0.46555601289797577, 0.6882539753854187, 0.4015011731866107]
10400 -1.7650827686277273 0.909490693147393 0.9333333333333333 [0.6102661701698353, 0.3969666332654637, 0.27864532823851007, 0.5807885349928577] [0.32306716344861275, 0.5363667009535478, 0.6546879995539909, 0.3525448027105153]
10500 -1.2544976125899894 0.6093359860655384 0.9733333333333334 [0.39513640614323664, 0.5792536838889839, 0.02867089735846098, 0.9436056792759846] [0.578196915506172, 0.3940796625708557, 0.9446624371277359, 0.02972765146190282]
10600 -1.186608352980246 0.5538413421963849 0.9466666666666667 [0.014192234247960013, 0.9358177645813632, 0.7727906684415172, 0.17053266606249282] [0.9324744488857629, 0.01084890342810105, 0.17387597918371295, 0.776134001835755]
10700 -1.5131907962271747 0.7636617372637902 0.8533333333333334 [0.5912169862491145, 0.7465973763124408, 0.262060872016366, 0.10679143208874549] [0.26211639639342355, 0.106735733099194, 0.5912723657174586, 0.7465421714565909]
10800 -1.0729195585612423 0.6044575969677548 0.92 [0.6368281705955398, 0.5798844551331167, 0.5702031488518834, 0.053084225419460104] [0.28317179822521654, 0.34011554005551725, 0.34979685431825386, 0.8669158074010126]
10900 -1.7620686440271307 0.8196885119599272 0.9866666666666667 [0.6917512956946731, 0.3572915801183874, 0.893342389014474, 0.030948068505798662] [0.29491540187418575, 0.6293751284793015, 0.09332419159117167, 0.9557186113886744]
11000 -1.4691399315690499 0.6850701621388279 0.96 [0.03507099818215929, 0.9399457377346844, 0.9293107029227555, 0.015672561160400694] [0.9249290033766487, 0.02005428159543646, 0.030689286346913598, 0.944327428681001]
11100 -1.568061260401293 0.77474555409426 0.9466666666666667 [0.04153555762955388, 0.9252745167580074, 0.808059428127509, 0.1184638308182632] [0.9051316964247983, 0.021392036961811377, 0.13860727592148683, 0.8282023240252372]
11200 -1.2434878350876208 0.548964439935427 0.9333333333333333 [0.6243154827395012, 0.5008706026273587, 0.01567325358803344, 0.7258073277117726] [0.3090178783482292, 0.43246270764068595, 0.9176600734997828, 0.20752600717796924]
11300 -1.1657084655128194 0.6330456464649991 0.9866666666666667 [0.31283997957053516, 0.6749329337985781, 0.42327348122202113, 0.5622869387421991] [0.6738269371863445, 0.31173368054393225, 0.5633928526647016, 0.42437986293835567]
11400 -1.3945129300248953 0.7095450835630839 0.92 [0.7353704019672391, 0.16891893263605928, 0.42612145470577734, 0.5095892106909244] [0.1846298754913049, 0.7510807872440867, 0.49387847387607886, 0.4104108633885298]
11500 -1.7227743953057204 0.9159653461194047 0.8533333333333334 [0.6632144572764527, 0.4344117994707012, 0.1907468337481432, 0.41829357617136936] [0.19011893917641834, 0.41892156472936487, 0.662586393641435, 0.43503976911944847]
11600 -1.4553897882175442 0.781560933531635 0.96 [0.06773698672371564, 0.7728353359296766, 0.6262949256263435, 0.45313275172026457] [0.8922630239881107, 0.18716465386941494, 0.33370512139685926, 0.506867200745615]
11700 -1.7838489160247082 0.8404334288208566 0.9333333333333333 [0.36551339819281653, 0.5623365870761607, 0.8776582451113382, 0.061158436286350655] [0.5678199418383644, 0.37099670868575707, 0.05567510413334914, 0.8721749120091962]
11800 -1.5381377291130058 0.8423155729959733 0.9733333333333334 [0.4950579897660572, 0.5012304101271894, 0.34246127797539466, 0.6079169887980247] [0.47827178770343665, 0.4721032780323787, 0.630852166359946, 0.36543943457090555]
11900 -1.57287101610998 0.7041735714460071 0.96 [0.5984043855621141, 0.3653820296434526, 0.5645323161062453, 0.3916812686881878] [0.36159561346638985, 0.5946179703280668, 0.3954676848205595, 0.5683187313849839]
12000 -1.1592243145659236 0.6071161773790037 0.98 [0.7781319337899989, 0.15751574862200549, 0.9703162463689107, 0.05403607121908556] [0.20186780095904527, 0.8224487597010122, 0.009684826503117232, 0.9259986128368254]
12100 -1.3169116833104526 0.6361504694518609 0.9666666666666667 [0.8362969745759514, 0.13095319158573493, 0.9236556523133368, 0.042427514858310304] [0.1303696799203826, 0.8357135080350675, 0.04301094011345621, 0.9242392052644275]
12200 -1.589751169775665 0.6108503264030877 0.96 [0.49475942563371167, 0.5175590571779896, 0.8173685208260979, 0.09031299636220054] [0.4652405124308815, 0.44244093892545217, 0.14263154345449616, 0.8696870051891703]
12300 -1.9708111096403418 0.9870251723698515 0.88 [0.31834982455011585, 0.6506800395143312, 0.4498878542658256, 0.3410822816697261] [0.5616498456442288, 0.2293203744649701, 0.43011205441666855, 0.5389177254741329]
12400 -1.7923368073770427 0.929715215121746 0.96 [0.09035128984376352, 0.8708897866709691, 0.572946087113879, 0.3858128363713886] [0.8696489170261631, 0.08911009448996762, 0.3870537458125699, 0.5741872426712993]
12500 -1.4788543181756508 0.8089932125171756 0.9 [0.18872647202326304, 0.7374701899141951, 0.6479093514630225, 0.22589398659952015] [0.7112735233003384, 0.16252984761214423, 0.25209064147928617, 0.6741059876082309]
12600 -1.7468891439344965 0.5727487161957707 0.86 [0.3628835666720878, 0.5569050691865656, 0.49372792218023914, 0.30648344196110766] [0.4971166257435555, 0.30309500903014, 0.36627237138738145, 0.5535159938389229]
12700 -1.6965076524324194 1.0030974606382455 0.92 [0.3239346481494389, 0.8101465831410554, 0.4647156662675957, 0.24120310244191023] [0.5960652078083238, 0.10985351610459541, 0.45529414657511164, 0.6787871295119691]
12800 -1.6383389798433858 0.8788204889162021 0.9733333333333334 [0.26989444103013305, 0.6786875395480394, 0.919842577483614, 0.0782421086048808] [0.703438860683849, 0.2946457905010806, 0.05349047779647375, 0.8950915376852635]
12900 -1.1575920085593168 0.5459720610164591 0.9466666666666667 [0.31011808823659776, 0.8851007316633983, 0.37398504808603783, 0.3241294653472997] [0.6365486468155697, 0.06156667433614525, 0.5726815591099313, 0.6225364530716874]
13000 -1.4502054397229958 0.7520622271989141 0.9066666666666666 [0.5165968353298477, 0.5037398777761767, 0.3747443295609408, 0.4182522906663684] [0.39006982980902394, 0.4029267857766286, 0.5319223881822188, 0.48841432956546216]
13100 -1.8367300440113512 0.8842258827643545 0.92 [0.05164356243870962, 0.8253000974465032, 0.8361706817745383, 0.12688565834024884] [0.868356493063723, 0.09469978980343115, 0.08382937374723982, 0.7931143433856063]
13200 -1.7006330865365045 0.8822060082960648 0.9333333333333333 [0.20909059790227244, 0.7751403930407648, 0.6445631591797374, 0.23787251654389177] [0.7242427329738451, 0.1581929425764363, 0.28877017399189325, 0.6954608171244924]
13300 -1.5242244782289838 0.8094038097885853 0.86 [0.7790610368723404, 0.3087480091711415, 0.18580310969926095, 0.4463878442572582] [0.08093895666265198, 0.5512520265406917, 0.6741968938266604, 0.41361212296999583]
13400 -1.2469289658847247 0.5992043640321711 0.9333333333333333 [0.03412860389739259, 0.9188118147447636, 0.5824444115881279, 0.33128183643638237] [0.8992047558667294, 0.014521521719679036, 0.350888928352982, 0.602051460727276]
13500 -2.062344199385806 1.070481008793276 0.8733333333333333 [0.26232619571977267, 0.42254273552593696, 0.5692440021655435, 0.4925537332554142] [0.6110071045201872, 0.4507904954937545, 0.3040892771481393, 0.38077978950458635]
13600 -1.3475839729457437 0.7189603526605904 1.0 [0.4092710296813079, 0.5899662136612379, 0.17944612483234137, 0.821316631825112] [0.5907290981089733, 0.41003365948648723, 0.8205538745031833, 0.17868336790135614]
13700 -1.407901205473056 0.7175319390802217 0.9466666666666667 [0.02019192333956728, 0.9317061590150305, 0.9204621320910413, 0.020973118887693574] [0.9264747294387926, 0.01496053763856375, 0.026204521590750714, 0.9256935446652259]
13800 -1.3887951809396697 0.7447241808184878 0.88 [0.5273275903030763, 0.546249603842363, 0.4727857028097717, 0.21363710304478906] [0.35267240407272926, 0.3337504399637931, 0.40721430191306224, 0.6663628540504156]
13900 -1.393547407808965 0.7026430018240523 0.96 [0.1584521611702318, 0.897076719661205, 0.46712212310620865, 0.39734899606235485] [0.8015474459769885, 0.06292366078929461, 0.49287979535225834, 0.5626490978814587]
14000 -1.5030770079634876 0.7339574882912634 0.9466666666666667 [0.012071047719533937, 0.8480085753675595, 0.9336791712373036, 0.09957453900893623] [0.9345952087828804, 0.09865826299892429, 0.012978576802522148, 0.8471012847490065]
14100 -1.4226535341128848 0.6944687102009965 1.0 [0.06990258059641659, 0.9136724847926663, 0.35497681745718274, 0.6614481171537349] [0.930097447514867, 0.086327484002903, 0.6450231703307964, 0.3385518981514328]
14200 -1.3960599424046112 0.6744587643501921 0.92 [0.7076566283006477, 0.09849508019156884, 0.5755433349481279, 0.4583049565596545] [0.21234280749275786, 0.8215052363569493, 0.344456713914428, 0.46169524223586533]
14300 -0.8854117729231517 0.4731998717233023 0.96 [0.7678675676152262, 0.42971888737233116, 0.7087055966998597, 0.013707948312583287] [0.19213266252850073, 0.5302808805418281, 0.2512943893262192, 0.9462920676034522]
14400 -0.744599477663689 0.39943905765086385 0.8733333333333333 [0.8615310744087551, 0.8620080765919182, 0.011985651808338377, 0.011141863857654508] [0.01180233873119496, 0.011324939235642734, 0.8613476570895451, 0.8621917316102844]
14500 -1.862909481424615 0.9533481426182067 0.9133333333333333 [0.09198566299080381, 0.6822793151638087, 0.9029058518692537, 0.1494958366427993] [0.8213476824830325, 0.23105404667363832, 0.010427485882829327, 0.7638374516271665]
14600 -1.3786094389791712 0.6888329942473842 0.96 [0.01669158330948135, 0.8432878512653268, 0.9392374880487876, 0.12078307737640269] [0.9433084217911075, 0.11671214811775873, 0.020762499507147637, 0.8392169305839865]
14700 -1.1466297801602707 0.5958343560155781 0.8533333333333334 [0.28185483551178675, 0.09922662968250655, 0.725879928421509, 0.5997052730508642] [0.5714784741034583, 0.7541067956571598, 0.12745340525025184, 0.2536279916557967]
14800 -1.5614117216561605 0.8843600074681685 0.92 [0.24709335072845856, 0.5590445377374812, 0.5302557684143654, 0.5036063431196947] [0.6729068285560171, 0.3609555237514178, 0.3897439947269149, 0.4163936529656502]
14900 -1.3655251623306532 0.6756272804422286 0.9133333333333333 [0.09456166691875653, 0.7039603512427182, 0.8190496031681629, 0.2090950453370299] [0.8187723645660181, 0.20937285560880323, 0.09428297817294909, 0.7042384683188957]
15000 -1.3039548050866336 0.6408941244666818 0.94 [0.18860456192361175, 0.916481254579878, 0.7518214906495753, 0.023092692846934677] [0.7513955515088477, 0.02351866168751697, 0.18817840762801763, 0.9169073791756184]
15100 -2.0299982407663317 0.9630291438970238 0.96 [0.15042925472012678, 0.83537157819882, 0.916663041527419, 0.017536125553633698] [0.8095703716049876, 0.12462838396702138, 0.04333698182503544, 0.9424642626029557]
15200 -1.5104543081391906 0.7785038352904168 0.9333333333333333 [0.8121427157138484, 0.12200478839708213, 0.17757962220041112, 0.7549395403553244] [0.12119059289441783, 0.8113285919613484, 0.7557542219618314, 0.17839325984906879]
15300 -1.722864082889225 0.90537497828415 0.92 [0.408296956575941, 0.5828949546988276, 0.2936199870895601, 0.5551881016356717] [0.5117016312802016, 0.33710514770961064, 0.626378198237024, 0.3648150227731637]
15400 -1.4313362122011684 0.7415211941248167 0.9066666666666666 [0.315029491059966, 0.45135070724352355, 0.752668405063659, 0.29428472996618477] [0.591636600452238, 0.4553164116426524, 0.153998229148191, 0.6123820920902523]
15500 -1.378678435367038 0.7025377349240921 0.9066666666666666 [0.14954302108593118, 0.8969826484017991, 0.6621994425729505, 0.10460822127265339] [0.7571235434264842, 0.009683984210933527, 0.2444672272327027, 0.8020585784632134]
15600 -1.8158998147935153 0.9206493392479713 0.88 [0.2514892471262142, 0.7337081359802963, 0.5942558076726285, 0.18054680922086083] [0.6285107761005264, 0.1462919116989521, 0.2857441785882388, 0.6994531336122838]
15700 -1.3872983928960188 0.6523326765583777 0.9466666666666667 [0.0320260318708344, 0.9255647599349246, 0.9190118031722783, 0.016730738355296294] [0.9146406348762842, 0.02110190622082895, 0.02765486570714731, 0.9299359265290735]
15800 -1.391566522548743 0.6338384193834802 0.9333333333333333 [0.014973485094283865, 0.8954695501887231, 0.9155355749827042, 0.04068805640095609] [0.9183598424243095, 0.0378637820052679, 0.017797764683424127, 0.8926452775536651]
15900 -1.3590909583067274 0.7174192188787101 0.8666666666666667 [0.010494653845739759, 0.7938142492135711, 0.8060000280373552, 0.12302440223666722] [0.8561767374817415, 0.07285248038289827, 0.06066188962217784, 0.7436422258465164]
16000 -1.324145116993235 0.7650842897000942 0.94 [0.36550380096255436, 0.4812586576376551, 0.9243772524592287, 0.10886028894056236] [0.5744963132556017, 0.4587227493015527, 0.015642763178923103, 0.8311381742639231]
16100 -0.9075196783568487 0.4653527533955805 0.94 [0.27761344669357274, 0.5490700083393463, 0.12042856236912876, 0.9328879825979524] [0.6623865519536467, 0.39092999231842623, 0.8195714393621014, 0.007112016365825249]
16200 -1.1018821664736962 0.5564663557700427 0.9866666666666667 [0.30643804154639054, 0.6795258093366876, 0.19639602561328195, 0.7909734568369732] [0.6802286105135228, 0.3071408741593491, 0.7902703948526172, 0.195693453807844]
16300 -1.2628311323507306 0.537219909534134 0.98 [0.4403203118906798, 0.5384576174700995, 0.6969814813049672, 0.28424058933425334] [0.5396795656458037, 0.4415423536830853, 0.28301863654131953, 0.6957594441297917]
16400 -1.6537545525493134 0.79740739528048 0.9133333333333333 [0.23179198803072001, 0.8079959250568229, 0.5387888514218739, 0.2480899021572496] [0.6815413311727646, 0.10533753741083457, 0.374544473492098, 0.66524332459097]
16500 -1.1635680820340524 0.6090610409534644 0.8866666666666667 [0.2517592984224324, 0.7339382968944463, 0.6375492376523596, 0.15008650036409563] [0.634903471491591, 0.15235512303629925, 0.24912270465973899, 0.7369520341457039]
16600 -1.033630323709823 0.5385584904990103 0.86 [0.42464252994264823, 0.7507216118930862, 0.4354555807774031, 0.10918027738686263] [0.4353575048207954, 0.10927845354355535, 0.42454439449356085, 0.7508196471420884]
16700 -1.52074313362682 0.8381576504025202 0.96 [0.2702226691885221, 0.6315773680640955, 0.9402859418637854, 0.0779140208835971] [0.6897773713606052, 0.3284226502409966, 0.019713969754892337, 0.8820860086435064]
16800 -1.121734262842981 0.5692104584575997 0.9866666666666667 [0.6365390744692195, 0.3481887559639908, 0.9753970394679262, 0.013208463432196912] [0.35014096725333793, 0.6384639975861126, 0.011270707157247003, 0.9734576613366361]
16900 -1.374066706530379 0.6943950146634676 0.9333333333333333 [0.6106161878813225, 0.4441747476976022, 0.5037358960705062, 0.30813983501723585] [0.3227171495189365, 0.4891583160273729, 0.4295974306548784, 0.6251937704654802]
17000 -1.5980479759440256 0.8535729343221425 0.9066666666666666 [0.38702317244874335, 0.5354050470821935, 0.2232010631487213, 0.6677040506536748] [0.5196427270674675, 0.3712624306482021, 0.6834648719308155, 0.23896330368684848]
17100 -1.3603680415977257 0.6593992910719718 0.9466666666666667 [0.2936588651501933, 0.651786896134459, 0.5061479405677876, 0.4417396314808937] [0.6530077892912207, 0.2948797705158578, 0.4405189952813675, 0.5049267782448864]
17200 -1.2170142861644297 0.5748515586626959 0.8933333333333333 [0.24480230936408753, 0.879746623238661, 0.6456725951994561, 0.01644513886446166] [0.6485308679726156, 0.013589565459546952, 0.24766084471027833, 0.8768853885242264]
17300 -1.476141625848896 0.7618946134389556 0.8666666666666667 [0.3011922712880644, 0.4117672894682247, 0.34249214971597547, 0.6778816228610695] [0.5654744125827904, 0.4548993600323872, 0.5241744835745713, 0.18878507714358392]
17400 -1.6166284931285535 0.8347086391159705 0.8533333333333334 [0.2604412330605171, 0.37581212582517726, 0.6931062275236309, 0.37730708025734083] [0.5928950226221733, 0.47751816162813704, 0.16022727512485438, 0.47602620729150164]
17500 -1.5944728570502678 0.7770550809541078 0.9866666666666667 [0.4285061460626982, 0.5593905612567751, 0.4323283772878693, 0.5531082487259908] [0.5581605094371824, 0.4272761151070506, 0.5543382725087224, 0.4335584362803775]
17600 -1.6029175204944612 0.8415403418480888 0.9066666666666666 [0.41336373339352683, 0.6397045013182955, 0.5747783647361664, 0.18548673388534473] [0.49330567531728026, 0.2669586388091651, 0.33188892404638254, 0.721180095160506]
17700 -1.3072596581534424 0.7035758063655618 0.8533333333333334 [0.11652600499930325, 0.5466229601485455, 0.5482598512136106, 0.4952578503052066] [0.7368078607380355, 0.306709840973035, 0.3050716758580425, 0.3580772890975537]
17800 -1.5914585594553912 0.8669727832612976 0.9466666666666667 [0.12331390484499662, 0.8798441408304309, 0.8725901755695048, 0.017585112088401966] [0.8233526397522314, 0.06682252221650346, 0.07407651589015521, 0.9290816554744428]
17900 -1.6991323091833703 0.81068271842102 0.8666666666666667 [0.4914677682193653, 0.4924459958300378, 0.5655894992854236, 0.18383006999850626] [0.37519901395296046, 0.37422057697902994, 0.3010772008393091, 0.6828365415620348]
18000 -1.5081723774342635 0.7738395501918018 0.92 [0.664544544281014, 0.2543657080182428, 0.14043896534190353, 0.7806507823588401] [0.25545543117686537, 0.66563431806912, 0.779561031458087, 0.13934921929592825]
18100 -1.5510304972319806 0.8544395757954967 0.9333333333333333 [0.01756470702450196, 0.9148387019933254, 0.9041539326377077, 0.030109325011131616] [0.9157685460388393, 0.0184946153801025, 0.029179585627959696, 0.9032239196197654]
18200 -1.7190625933178039 0.8060743372703475 0.96 [0.24936022473795505, 0.7170305393210076, 0.8499455682669675, 0.10366366767407063] [0.7106423114319894, 0.2429668679875288, 0.11005481520480953, 0.8563360053756727]
18300 -1.2291163988806386 0.7355189743480767 0.96 [0.2638737416383513, 0.9521840735752395, 0.10976485229878553, 0.5941773324876232] [0.6961274399439531, 0.00781593264151928, 0.8502339954094715, 0.36582263200505677]
18400 -2.217393174415552 1.1058781228197714 0.9333333333333333 [0.2391041957553393, 0.8337466886516788, 0.5043378598488101, 0.2894779224108378] [0.694229538909526, 0.09958609613760931, 0.4289949577458399, 0.6438560738736916]
18500 -1.080696799942048 0.5788958206884472 0.8666666666666667 [0.2580378928018519, 0.1670701888018383, 0.6089415425198136, 0.6992837092098293] [0.6086250622794492, 0.6996005145239075, 0.25772472355620407, 0.1673830329737727]
18600 -1.0274930862694391 0.5146276306667636 1.0 [0.9921454698673254, 0.008389323373537639, 0.8928554298876715, 0.10660977687146678] [0.007854528985313546, 0.9916106822190616, 0.10714453279068534, 0.8933902560049389]
18700 -1.594621995418328 0.7861306117865323 0.9866666666666667 [0.20919418688514724, 0.7630063409213457, 0.7277965238484394, 0.27333628167840124] [0.7774724818462465, 0.22366032825249713, 0.25887013889316657, 0.7133303843414227]
18800 -1.4299876058859189 0.7291723915187248 0.9733333333333334 [0.1234889240958177, 0.8648465158066263, 0.4543575187333151, 0.5039737080309074] [0.8498443923311044, 0.1084868112951505, 0.5189755056140594, 0.4693599574263521]
18900 -1.3837130566926013 0.7374018157839702 0.8933333333333333 [0.26324035628360554, 0.6314187238894071, 0.6192292278885763, 0.27277835860507754] [0.6300929503683355, 0.2619146043986009, 0.2741042158535097, 0.6205548960462209]
19000 -1.6136786953753863 0.8881267870585942 0.9 [0.016828594325536867, 0.8005576901550756, 0.6372449196356795, 0.3453687958837066] [0.8831713151374633, 0.09944178198501291, 0.2627556948547372, 0.5546312080227864]
19100 -1.0454783096029447 0.5480747426609457 0.9133333333333333 [0.5311936808769533, 0.3826460866308716, 0.07503728903455655, 0.8377896101242854] [0.3821394856071927, 0.5306874332137274, 0.8382959668713194, 0.07554378097442727]
19200 -1.4490733697481595 0.6400041144894274 0.8533333333333334 [0.12258496294293679, 0.7019478760997874, 0.6826945490980517, 0.19943927852589033] [0.7307497151935577, 0.1513855747412397, 0.1706384891028204, 0.6538928876290498]
19300 -1.293788082621313 0.6501583900518048 0.9066666666666666 [0.5372401170905595, 0.4728480296602508, 0.3690654095887839, 0.4341797769937387] [0.369426685065998, 0.4338174182512221, 0.5376011251199242, 0.4724881048961893]
19400 -1.3137280082944767 0.6710580011564035 0.84 [0.7858316188436149, 0.5178909399224294, 0.009239472335596719, 0.3670379688983589] [0.054168579109694456, 0.32210864937261, 0.8307603999659008, 0.47296237155179416]
19500 -1.4947219816310684 0.832225534853625 0.9066666666666666 [0.8931936839257573, 0.03981846786108599, 0.0918477407780689, 0.7884734407684212] [0.013472853183032554, 0.8668426111499354, 0.814821282108823, 0.11819658689154222]
19600 -1.2840461335181876 0.6269789349337894 0.92 [0.521278229825822, 0.5171858817787398, 0.043177642417276195, 0.758358245978162] [0.3987219165163012, 0.4028141257088368, 0.876823007806961, 0.16164094996790063]
19700 -1.2683643956053154 0.5753454204982362 0.88 [0.7483982856382471, 0.28861507236014633, 0.13260637154318797, 0.5903802704584183] [0.13160164877698152, 0.5913848691049931, 0.7473936085221154, 0.28961987359591046]
19800 -1.5268456387906597 0.7508512457425943 0.9066666666666666 [0.8913867719558309, 0.01574152657084819, 0.06441621975253792, 0.8417888150541156] [0.015279904441449487, 0.8909251313301555, 0.8422503504617929, 0.06487794709993623]
19900 -1.6488285543691574 0.8855785408364505 0.9333333333333333 [0.1164768244004025, 0.9039972196028693, 0.8323643833341884, 0.013828239329206585] [0.8168565098456979, 0.029336111424448516, 0.10096895721571929, 0.9195050881808008]
20000 -1.4209433535156322 0.7516236200719777 0.92 [0.030809901432016413, 0.8905282299515839, 0.900231753291634, 0.01843011532476573] [0.8891900979357742, 0.029471770484368623, 0.01976824653689949, 0.9015698850429571]
20100 -1.7757203389515117 0.9191941515634585 0.9866666666666667 [0.35181998590558017, 0.6377468222005356, 0.9607867944887856, 0.022979730738431826] [0.6348462469093814, 0.348921223384758, 0.025878742695570556, 0.9636871203436231]
20200 -1.708731145657572 0.8845147971431855 0.8533333333333334 [0.21620677734696547, 0.4512485500791201, 0.7130527213672586, 0.32615861787332306] [0.6371348307413435, 0.4020690620338891, 0.14028275351361105, 0.5271800203778229]
20300 -1.329969856271017 0.7294285981669356 0.9333333333333333 [0.09118130079018673, 0.8304038543444546, 0.36374333986310087, 0.5813381716689249] [0.8421519544632164, 0.10292950099100462, 0.5695901624723404, 0.35199504874010556]
20400 -1.501042724562751 0.758459383651136 0.9733333333333334 [0.015361559891515355, 0.9575215642928134, 0.8997162480570029, 0.07406729442533304] [0.9579710910709724, 0.01581210967606185, 0.07361700005125843, 0.8992664658683739]
20500 -1.544705856199324 0.8247534045465825 0.9266666666666666 [0.5593806955558923, 0.456780697099052, 0.7534024885512469, 0.08376945212714206] [0.36728588703468795, 0.4698856523125807, 0.17326413632802265, 0.8428976576580416]
20600 -1.6614804988748004 0.7986812043999417 0.9 [0.18734992995310426, 0.712620027273147, 0.8777452766041239, 0.02228476616962535] [0.7126610840225802, 0.18738091498468576, 0.022256969498816767, 0.8777010314939173]
20700 -1.451302718471971 0.8396605857332503 0.88 [0.25343716555894696, 0.6122417595342243, 0.6056646259638397, 0.2886564489429893] [0.6265635011079185, 0.2677582625570889, 0.27433448939068955, 0.5913437469443038]
20800 -1.6151791408512794 0.902200164186317 0.9466666666666667 [0.3621869369105725, 0.5898678878978753, 0.5901555581786908, 0.35112295034619434] [0.5844797322020318, 0.35679877616153527, 0.35651110475229664, 0.5955437202174697]
20900 -1.7791125462921962 0.8543324313815651 0.96 [0.6498776139901217, 0.3198610137199333, 0.3049073087330976, 0.6453540635568477] [0.3101227796474853, 0.6401386437757038, 0.6550927283306508, 0.3146458482461599]
21000 -1.5833950161291408 0.6891045469714534 0.92 [0.6873159867235753, 0.4906708313031217, 0.40804412382417277, 0.25396905814913] [0.23268399995036196, 0.42932917884348154, 0.5119558821093168, 0.66603093909684]
21100 -1.690654986552317 0.8399771336527416 0.9066666666666666 [0.022831852167940914, 0.8845416426744017, 0.772146251889657, 0.13381358660133363] [0.8838347966003064, 0.02212504162959134, 0.13452042033948605, 0.7728530747639494]
21200 -1.3030947089711473 0.5972226806925429 0.8533333333333334 [0.20449188908608307, 0.6058483913166655, 0.7885554660010851, 0.10777092026283328] [0.6488414373743093, 0.24748512693717964, 0.06477774841996747, 0.7455623539352106]
21300 -1.638457339470913 0.8507849919341344 0.96 [0.4161286371584935, 0.539041047390239, 0.43233707678342975, 0.532493238667837] [0.5438713156805778, 0.4209590109313513, 0.5276629478879186, 0.4275067255001522]
21400 -1.426506363472036 0.7406160887466429 0.8333333333333334 [0.07543138009304576, 0.5289340448724267, 0.7053200438530947, 0.35698119784809956] [0.7579011486908289, 0.30439874682634527, 0.12801420590566776, 0.4763525652438243]
21500 -1.567141253976915 0.7380235895745499 0.8733333333333333 [0.25725555989814713, 0.6229117456599101, 0.7503531102774018, 0.1161462508312073] [0.6160777701634549, 0.25042162169291354, 0.12298020487771488, 0.7571870699325833]
21600 -1.1229690745864236 0.5219349438110809 0.92 [0.3947085081805946, 0.9110322293198962, 0.5211086274828207, 0.013150635016688205] [0.5252956994145683, 0.008966129830830038, 0.39888670153394956, 0.9068514692206522]
21700 -1.7859888806517892 0.989418111570941 0.96 [0.024616397800603734, 0.9334363230214399, 0.7253361069881517, 0.23661117218980474] [0.935383607889097, 0.026563711147582724, 0.2346639055927516, 0.7233887753705686]
21800 -1.6695890161164841 0.8080758271262205 0.96 [0.37449629360764386, 0.6447229665067169, 0.875839342554194, 0.024941397331445563] [0.5855037191770148, 0.31527704001393675, 0.08416064382334733, 0.9350585969857002]
21900 -1.1430975896781201 0.5971764948371455 0.8533333333333334 [0.6843158531929543, 0.6249101368388434, 0.06082151145354809, 0.33661916518132123] [0.16902202837333646, 0.22842355552884872, 0.7925070217299426, 0.5167140610345385]
22000 -1.4313962902057005 0.6991520327662922 0.8666666666666667 [0.800914271035575, 0.4485980568185812, 0.11252400815791141, 0.37129699732126553] [0.06575248599965011, 0.4180686402017397, 0.754142577146706, 0.49536962998523726]
22100 -2.1624459274630983 1.1110671069454308 0.8533333333333334 [0.2619299139192457, 0.4680053353682344, 0.56967755140318, 0.4070538659760065] [0.5914032994453357, 0.38532810312675797, 0.28365576985401825, 0.4462794942405548]
22200 -1.25577318296737 0.6253322990463942 0.8133333333333334 [0.04946689952550705, 0.5337028853928081, 0.803325974574582, 0.24017090717376968] [0.7638674453361851, 0.279630346678908, 0.010006772459282895, 0.5731621021922898]
22300 -1.8052106787651099 0.9102332942346286 0.9866666666666667 [0.04997342654699152, 0.959807616303753, 0.9450457636240914, 0.018506526858498965] [0.9366931201511485, 0.026859052585972282, 0.04162101845672329, 0.9681601421394896]
22400 -1.382211063472906 0.7182078624597029 1.0 [0.08451605419839564, 0.9137724522563533, 0.21566566800517956, 0.78604582554007] [0.9154838231024318, 0.08622979183380398, 0.7843277824174943, 0.21395860264627056]
22500 -1.4072078677796074 0.7189672622154903 0.92 [0.39976738743967966, 0.7271734714868382, 0.3641604438493133, 0.34889869722416833] [0.5202332990538838, 0.19282649127381088, 0.5558397964865361, 0.5711004131857687]
22600 -1.1748123658805867 0.554940106959829 0.84 [0.446612849937149, 0.7780437973417038, 0.3585174595826304, 0.09682589313851782] [0.3933871719911274, 0.061956203846591694, 0.4814824658866817, 0.7431741582755992]
22700 -1.4392511390981262 0.7440890365877777 0.92 [0.06685603867942955, 0.8991980381878507, 0.8552697452784277, 0.018676177854293128] [0.8531439634103907, 0.02080195981370172, 0.0647302705661006, 0.9013238062098068]
22800 -1.00209951126154 0.5161194187041135 0.9733333333333334 [0.5424100491863195, 0.4310456091983628, 0.9625950960002695, 0.010615912281714312] [0.4309232677601288, 0.5422877307032672, 0.010738655303649784, 0.9627170128996217]
22900 -1.3153816244764345 0.6957698593639206 0.9066666666666666 [0.49305050848611176, 0.4002047144239445, 0.10517711205820936, 0.8149009983650678] [0.41361611438504475, 0.5064620238711722, 0.8014895279889945, 0.09176566708812149]
23000 -0.8637665445882574 0.4682596249216157 0.9866666666666667 [0.012260395202133146, 0.9733061514708727, 0.08403366489531344, 0.9037331217650135] [0.9744062328662504, 0.013360497663043465, 0.9026330333470993, 0.0829335694569398]
23100 -1.5412002060877745 0.647142590847336 0.9866666666666667 [0.05301548774378507, 0.9319317531761906, 0.27250465948952163, 0.7158814329238368] [0.9336490617557694, 0.05473761524074162, 0.7141603981717485, 0.2707862581650746]
23200 -1.6581560212223123 0.8589024093717185 0.9333333333333333 [0.8474524922906616, 0.11791511348173758, 0.12481864932471526, 0.7764804115695514] [0.08588075385134628, 0.8154179581614499, 0.8085146171567735, 0.15685333749709712]
23300 -1.5500949211398587 0.7987901007571325 0.92 [0.5075306349628078, 0.4810832903694682, 0.4346915117580928, 0.41669456290963136] [0.41246935260086337, 0.4389167678416152, 0.4853083419668127, 0.5033055375907085]
23400 -1.5238085303150286 0.6684916223280327 0.9466666666666667 [0.7104755482969294, 0.2334883290054852, 0.22999087659703213, 0.7193785794338866] [0.23619109815545447, 0.7131783704270346, 0.7166758039720004, 0.22728806077884348]
23500 -1.3081418544757917 0.6660747683184387 0.92 [0.09216520849039873, 0.796532786960243, 0.8304632327670802, 0.12083877178227916] [0.8278347531275413, 0.12346721875657368, 0.08953675052306337, 0.7991612775928222]
23600 -1.4503060448152891 0.7006706253760204 0.9466666666666667 [0.15752129079400773, 0.718628625141788, 0.8477215725998718, 0.16946184479766568] [0.7891507842537859, 0.22803264328153072, 0.0989449405556798, 0.7772049652423371]
23700 -1.341042830880221 0.7119913181108056 0.88 [0.1658184687755987, 0.8654117646132733, 0.7169774854889297, 0.011792281122200399] [0.7141818462103118, 0.014588053619140744, 0.16302224334680715, 0.8682078568237401]
23800 -1.6703358741220027 0.704338721486539 0.9866666666666667 [0.5361634506279939, 0.45024730285158154, 0.9739108245989856, 0.013011755254772127] [0.4505032189880248, 0.5364193651535647, 0.012755833807371211, 0.9736549153843731]
23900 -1.5598873076938502 0.7280140655640714 0.9466666666666667 [0.0462873925429383, 0.8880239859529075, 0.4003412510662855, 0.558680703771202] [0.9003792615318112, 0.058642709972746315, 0.5463256895370034, 0.3879856722917728]
24000 -1.793000073576986 0.6187257657864659 0.9333333333333333 [0.4978495043693719, 0.4406137829966167, 0.29231910805279293, 0.6358842712478849] [0.4354836849756859, 0.4927199013323146, 0.6410142667490759, 0.29744881360959063]
24100 -1.4449134211632066 0.8417216480939913 0.9333333333333333 [0.2397078865910312, 0.8245937503171863, 0.2610727610181419, 0.5412922687403067] [0.6936248221461931, 0.10873963771032806, 0.6722599183117075, 0.3920422884984379]
24200 -1.151823010819676 0.5934682089050367 0.96 [0.3455360213425608, 0.6150169144687627, 0.922505181393098, 0.03694188279557831] [0.6144640156175168, 0.34498304709872735, 0.03749498867182284, 0.9230579486119336]
24300 -1.257879578886058 0.6861186218437356 0.9733333333333334 [0.47425122534608544, 0.5032178437242446, 0.5518593891456172, 0.41733820845071873] [0.4990822034751242, 0.47011539308064604, 0.42147400207372526, 0.5559950680371716]
24400 -1.4413864279384574 0.7265167673273518 0.92 [0.30303168976415307, 0.6172198572622094, 0.7202408811937304, 0.1995075717799063] [0.6169684332092874, 0.3027800051264236, 0.19975908607714332, 0.720492475587145]
24500 -1.6997537877941233 0.8139343110493092 0.96 [0.22641468253614705, 0.8401433581011997, 0.7915305181012412, 0.061911441261412146] [0.7335853710949702, 0.11985657189593663, 0.16846951176886443, 0.8980885452402282]
24600 -1.7727223005971366 0.8998721542679381 0.9866666666666667 [0.3041159853073997, 0.636828534985068, 0.49753352791786976, 0.5348552851229951] [0.682550693042976, 0.34983812610522275, 0.4891332192273516, 0.4518112949577831]
24700 -1.2221395703782134 0.5928566053913438 0.9333333333333333 [0.010664007683586352, 0.9041381288355924, 0.9223091155943759, 0.02955541455311242] [0.9226693256542999, 0.029195204431971624, 0.011024217794761815, 0.9037779187856337]
24800 -1.808209716541474 0.8763174908971885 0.9466666666666667 [0.20887924963386295, 0.5912475472581386, 0.8939738717406874, 0.19923266470064452] [0.7377880623530904, 0.3554182229364249, 0.052692791495881706, 0.7474342565479364]
24900 -1.6204501110565983 0.7398554461731114 0.9466666666666667 [0.1259705339655948, 0.8702530612476262, 0.5964483551345539, 0.30066138298555845] [0.8206961465681293, 0.07641360536851734, 0.35021821267756265, 0.6460053687191247]
25000 -0.9358334428704218 0.4755490048556492 0.9333333333333333 [0.7393175799810986, 0.19424151126641553, 0.9222542464226101, 0.01085332899654247] [0.19401573065212996, 0.739091844998698, 0.011081094869450794, 0.9224779961463884]
25100 -1.3804916062150416 0.7578617396564195 0.8666666666666667 [0.08753723874744512, 0.827333552618387, 0.6256944973450153, 0.1927680446224864] [0.7791403797146749, 0.03932798900182672, 0.24097222260092455, 0.673892742015907]
25200 -1.0678439808854574 0.5172280005593393 0.88 [0.2535148640204514, 0.8534109902710992, 0.10470312173939762, 0.5483710239690509] [0.6264851324668338, 0.02658901415711914, 0.7752968809981279, 0.331628972377919]
25300 -1.7868861440419093 0.8859120458557366 0.9333333333333333 [0.5019851892357903, 0.39747284081325723, 0.7779828058024821, 0.18922583081513744] [0.4313489105867291, 0.5358579584111616, 0.15535161860368768, 0.7441081790650884]
25400 -1.5014863089576451 0.7515769643358876 0.92 [0.38401285657660555, 0.6116365886320249, 0.34199985908703195, 0.5023506957043382] [0.5359872188120663, 0.30836370242434813, 0.5780000985437319, 0.41764898021985297]
25500 -1.2275378364397653 0.5661720494294865 0.92 [0.06985920235910278, 0.6595589981777111, 0.6519697359839158, 0.45861206347927086] [0.8501407724588184, 0.26044100150957983, 0.2680302836478561, 0.4613879423837454]
25600 -1.7290208960873747 0.8517056557687028 0.9333333333333333 [0.685960666397917, 0.39757134058597543, 0.5462022763407424, 0.236932383342032] [0.24737269155274372, 0.535761992986794, 0.3871310316380825, 0.6964009504890463]
25700 -1.5321479983299775 0.758992091597381 0.9733333333333334 [0.317791744543097, 0.6557272320083865, 0.8378837046681372, 0.13526398544704588] [0.6555415287752488, 0.3176061289549448, 0.13544968677028094, 0.8380693221661925]
25800 -1.4150341227217758 0.6559344076587508 0.96 [0.033855506863690835, 0.9448682492321444, 0.5781234866494614, 0.36315275725470386] [0.9261440966258374, 0.015132155491875587, 0.38187648045937167, 0.5968472674229152]
25900 -1.5210802528085938 0.7474359997748337 0.9333333333333333 [0.26873628466097377, 0.6677832182812358, 0.7228080771741949, 0.20733908655026254] [0.664597058247255, 0.26555013930401794, 0.21052527666725812, 0.7259941924481359]
26000 -0.9971482723117875 0.4800059192390806 0.8533333333333334 [0.3337530844148853, 0.15530506644385778, 0.7924303036691343, 0.4251782121387891] [0.5195738893214047, 0.6980318899003509, 0.06091611400905938, 0.4281447734358515]
26100 -1.8285767940558613 0.8795712988659776 0.9133333333333333 [0.5262380296046892, 0.7259973876875202, 0.35676478893536595, 0.21766646043909177] [0.38709528550085887, 0.18733589337498346, 0.5565685639836768, 0.6956669238071471]
26200 -1.5087739765790358 0.7270724054108145 0.86 [0.26480994335541885, 0.8499182100951791, 0.5813105210722258, 0.023961325477176814] [0.595190056082353, 0.01008178874315905, 0.2786894805946707, 0.8360386745798173]
26300 -1.513740192645658 0.7361821974358989 0.9666666666666667 [0.4202621693451901, 0.9548917144442728, 0.5146567277133491, 0.043522721830520854] [0.546404593074949, 0.011774937950282983, 0.4520098565940056, 0.9231439457140955]
26400 -1.1679659438974195 0.6069934473889854 0.8733333333333333 [0.4724412928170937, 0.7792599565202969, 0.3998449058550024, 0.09512051147427342] [0.4008920503358431, 0.0940733473243748, 0.473488415879822, 0.7782128531266265]
26500 -1.3055080646101123 0.7313519304004398 0.9066666666666666 [0.04214891654496196, 0.8906400328450859, 0.8352402043781293, 0.04530417956515623] [0.864517755922075, 0.016026641507566435, 0.07142644951790278, 0.8613624863857889]
26600 -1.080310485533606 0.6344563849419431 0.82 [0.5996660804332467, 0.8066578601178537, 0.22397360745782863, 0.009702451991071434] [0.2203306390009946, 0.013341883438112111, 0.596025210505294, 0.8103022670555993]
26700 -0.6899233669319251 0.3399176254669158 0.86 [0.6553295012778361, 0.8534685329583102, 0.20405296682132396, 0.007148998942529953] [0.20467049515533867, 0.006531448497705797, 0.6559470428450422, 0.8528510135019122]
26800 -1.3034875538288888 0.6934165760226818 0.9733333333333334 [0.05196469000206856, 0.9190348312626366, 0.6473645576899915, 0.3283025877119704] [0.9213686435859616, 0.05429850219358458, 0.32596877524554896, 0.6450307456415717]
26900 -1.7641295998306032 0.8910831705702948 0.92 [0.33750346582014906, 0.5808948586252952, 0.39446818084971763, 0.527133494704838] [0.5825013684098856, 0.3391002903488918, 0.5255317909725834, 0.39286655026863937]
27000 -1.2342471784651483 0.6182220110514316 0.96 [0.02186917007666953, 0.9377395730618032, 0.24995379707263032, 0.7104374597888957] [0.9381308191490374, 0.02226043743959262, 0.7100466664543609, 0.24956207695700958]
27100 -1.3676565029372518 0.7526791051821711 0.84 [0.23691953584914335, 0.6336997745484134, 0.6394565858741412, 0.16992410372830133] [0.6030834011283901, 0.20630387116977938, 0.2005378492160314, 0.6700748784857989]
27200 -1.5331720240848787 0.7795672465668162 0.8933333333333333 [0.13562432972192054, 0.8772760443985465, 0.7591038016178909, 0.014662490928308663] [0.7577090147855272, 0.016057282013011015, 0.13422958249137432, 0.8786707873767537]
27300 -1.5383594768693412 0.7582164497558456 0.9866666666666667 [0.018280541534645596, 0.9650483274810389, 0.8411866017742142, 0.14881786254343427] [0.9683861216104348, 0.021618341787923413, 0.1454800211971391, 0.8378488487378356]
27400 -1.618543389726146 0.8607691985639825 0.96 [0.03459413967330634, 0.9262468891755409, 0.9199839542531157, 0.03917501689803702] [0.9254058607518478, 0.03375310937603974, 0.04001604608479204, 0.9208249837873206]
27500 -0.7948815012099052 0.37938550766970197 0.8933333333333333 [0.6471461587606727, 0.8845228218572627, 0.24605276830518388, 0.008944917743547914] [0.2461871191669501, 0.008810330306142228, 0.6472806346118845, 0.88438858258169]
27600 -1.6052582199915697 0.800426728100535 0.92 [0.4150107050360456, 0.5558178042852795, 0.6314475115988624, 0.23772397907981155] [0.5049892867672059, 0.3641822119543531, 0.28855248375866066, 0.6822760175197814]
27700 -0.6769704931090889 0.33130908270789383 1.0 [0.008023992996738644, 0.9919825096234072, 0.006299008553705149, 0.9936944888261505] [0.9919760538060154, 0.00801744439745026, 0.9937009778820326, 0.006305523914502693]
27800 -1.9904097375537477 0.8858771727124164 0.92 [0.3526447437768312, 0.5723046479814751, 0.45356761837848997, 0.46148298986320413] [0.5673552579326198, 0.34769538546352263, 0.466432377534445, 0.4585169790694122]
27900 -1.487664655280594 0.6934813009266256 0.9133333333333333 [0.7869394381405755, 0.30694184550050724, 0.131712039511966, 0.6010733435136173] [0.1263938975724288, 0.6063914853872445, 0.781621295901937, 0.31225998780505576]
28000 -1.3904983360324707 0.7222884893122947 0.9133333333333333 [0.25261866128820165, 0.4183484840082819, 0.8403846503659296, 0.31531487100425365] [0.6607144999719591, 0.49498506215090016, 0.07294863783765863, 0.5980184667061494]
28100 -1.136380538139827 0.5856061207768297 0.88 [0.5411708693459903, 0.6192021187458199, 0.5894099906831642, 0.010217021225025163] [0.3388290764860437, 0.26079787744324373, 0.2905898837544575, 0.8697831623162563]
28200 -0.9916196266717205 0.5460146316964075 0.9533333333333334 [0.041496618913976734, 0.9112118021563841, 0.3178663651756693, 0.6360918804206362] [0.9118359811945411, 0.04212231319509495, 0.635464623478581, 0.3172437487984502]
28300 -1.7895009394565387 1.0169182702249036 0.94 [0.11318730024906953, 0.8489278602586878, 0.6972785647649976, 0.22060627472724467] [0.8268124976346444, 0.09107214799518257, 0.2427218101173482, 0.7193935442528253]
28400 -1.5298508360096266 0.7999033932506693 0.8866666666666667 [0.3188453219413044, 0.8712639562408344, 0.4825074108712796, 0.10071664427991442] [0.5678210017991563, 0.01540240449660086, 0.40415996428516576, 0.7859499627524104]
28500 -1.721228412119477 0.7833240836970271 0.9133333333333333 [0.3225632998644804, 0.736676909189275, 0.5364568002622293, 0.23096965735068187] [0.5907700136396327, 0.1766567107270069, 0.3768765127128789, 0.6823634295871486]
28600 -1.7267375758276489 0.8057631260337039 0.9333333333333333 [0.41346143788017403, 0.5718064763934393, 0.7784158847070309, 0.1029828676860225] [0.5198720518556534, 0.3615266763745245, 0.15491765890039683, 0.8303502795360918]
28700 -1.500111386127592 0.7554758202721502 0.92 [0.11241203540654683, 0.8983330889447645, 0.7796244113472529, 0.04963046430143527] [0.8075879725187757, 0.021666903743039412, 0.1403756596778406, 0.8703694640603442]
28800 -1.6491054629043866 0.8027526357609457 0.92 [0.220205888575295, 0.7028287861525961, 0.7571006346127772, 0.159864690659332] [0.6997941163545076, 0.21717120965278122, 0.162899411692929, 0.760135262299781]
28900 -1.7616609922203796 0.8807619219393708 0.9733333333333334 [0.29505858108587546, 0.6842610266541351, 0.8351121954621074, 0.13223486346454877] [0.6782747144796177, 0.28907237964272714, 0.13822109315048944, 0.8410984793938318]
29000 -1.837329188822827 1.0596227655372397 0.9533333333333334 [0.3423565672018784, 0.61299637183787, 0.7110118057890134, 0.2403019218379044] [0.6109771592588724, 0.3403365610570358, 0.24232152910537105, 0.7130314172453883]
29100 -1.4449058131345465 0.7381667165920238 0.9 [0.3921849189098759, 0.3280575044934686, 0.6591348917029017, 0.4206226848937532] [0.5078073799869219, 0.5719434948262887, 0.24087161440013466, 0.4793775107866546]
29200 -1.620581072739099 0.8290219446769861 0.88 [0.6172763584424763, 0.6719532168452359, 0.3748730246877435, 0.09589740002454435] [0.26272364319912406, 0.2080468250982726, 0.5051269732525279, 0.7841025584500749]
29300 -1.5209065788773408 0.6925777315591433 0.92 [0.4242425490751, 0.4955608273337244, 0.672344635259832, 0.24785198833134384] [0.49575838954217516, 0.42443676886005816, 0.24768355445221682, 0.67212128714555]
29400 -1.3106146274943964 0.6885864135931091 0.9333333333333333 [0.04124204056231712, 0.888954920221586, 0.41912759994850207, 0.5173421059342618] [0.892091321282762, 0.044378375194489575, 0.5142057330836468, 0.4159912371057684]
29500 -0.9685680880115279 0.5018378581352264 0.8933333333333333 [0.3406332907925649, 0.8797987717577229, 0.20716541566183097, 0.3590691884545481] [0.5527000561998815, 0.013534482201253532, 0.6861684764707185, 0.534263651794813]
29600 -1.2547695431230226 0.6435051630885291 0.9333333333333333 [0.1369046323121291, 0.8375275056777448, 0.5037911052964155, 0.38844342338037735] [0.79642918217775, 0.09580506077692874, 0.42954254796780317, 0.544889875744184]
29700 -1.5116843039097985 0.7737618699661563 0.9066666666666666 [0.059727828900961025, 0.6611624480951327, 0.8980667474990469, 0.19437630883819204] [0.8469388294145009, 0.24550367153154548, 0.00860034169609098, 0.7122904906911959]
29800 -1.3588481960176648 0.6896654217156055 0.8733333333333333 [0.41442023139233036, 0.7553910097507596, 0.5411079635538539, 0.03574746196972293] [0.45891352687832127, 0.11793851639454675, 0.33222500310782127, 0.8375896202859766]
29900 -1.0267038030867577 0.513560275094748 0.9133333333333333 [0.6623717300305622, 0.6743593394302173, 0.40548810859868845, 0.0844474886071982] [0.25096249396587983, 0.2389730535616326, 0.5078452054037208, 0.8288859137354339]
30000 -1.050035999165144 0.6315770324841785 0.9866666666666667 [0.6900239494837677, 0.3034389612011351, 0.9652956914389212, 0.014574731209508522] [0.29664272804781017, 0.6832276943148182, 0.02137071941001445, 0.97209219156069]
