step Ek EV sign nup ndn
100 -1.0861204106916051 0.5550148169325572 0.9333333333333333 [0.9232958214339683, 0.25063494412422194, 0.008760395623075616, 0.6839755054854012] [0.012719548814566944, 0.6794847505467846, 0.9241215209656214, 0.25034084633969417]
200 -1.229488497790026 0.6638341140796352 0.8733333333333333 [0.5522299079601773, 0.8665023193706979, 0.3209905006398193, 0.006943938695972191] [0.3201914611615165, 0.00691992708181715, 0.5532187368431594, 0.8663365415801735]
300 -1.386144243616456 0.6972653912895213 0.9266666666666666 [0.258722462517509, 0.8195760067038227, 0.5916492349872601, 0.18338562912474213] [0.6679244116027565, 0.10714320785060313, 0.33502281819658525, 0.7432428956833873]
400 -1.5481904670469004 0.8163228134444428 0.88 [0.356799002427422, 0.8439403509118107, 0.5378326039679778, 0.021428042692789293] [0.5223684093895556, 0.03576324978301834, 0.34212274814222815, 0.859745592685198]
500 -1.4806460128376189 0.7851773084371796 0.9733333333333334 [0.5621187112679965, 0.42074449819748816, 0.5090288756355784, 0.45477458156560413] [0.4112096098627769, 0.5525924565403905, 0.46430072052786386, 0.5185638797356353]
600 -1.329625489546962 0.6873311929444127 0.84 [0.22372596627400057, 0.7314871068983344, 0.6335134617144359, 0.09127346511322966] [0.6175526486155455, 0.10824136444871428, 0.20611115678559014, 0.7480948301501511]
700 -1.4469678718083878 0.7695844611616728 0.9466666666666667 [0.5808621469720653, 0.3763143673464589, 0.9290982160658388, 0.007058602948970226] [0.3658960430265635, 0.5702826965884165, 0.017571421799683976, 0.9395831719186691]
800 -1.3275562531056027 0.6398378442891859 0.9133333333333333 [0.23752968666335025, 0.8780263749438991, 0.6733837787007786, 0.03772682635863912] [0.6758471948080204, 0.03494628755615576, 0.23989017575621555, 0.8759830085462745]
900 -1.2938180048747416 0.6326251904127599 0.9 [0.2335870428825795, 0.8823901717781258, 0.6678163715893253, 0.016206413749968517] [0.6663938814811554, 0.017625871981061386, 0.23217357751735127, 0.8838066690204316]
1000 -1.669028356078634 0.8447199095134045 0.9466666666666667 [0.2673328401721164, 0.7235478525768773, 0.6827263522411099, 0.21972628834323013] [0.6787964400189401, 0.22366704940216328, 0.26420269072132196, 0.7266671531909068]
1100 -1.240870221928029 0.620764584316023 0.9333333333333333 [0.1415670324997911, 0.7933668782497161, 0.4459901054590085, 0.48574265045815024] [0.7917291000940321, 0.14000096171796653, 0.4873334724187132, 0.44760313243595573]
1200 -1.405281984095229 0.7183342441454473 0.9866666666666667 [0.07283307715857355, 0.9145624576458531, 0.3706495635558028, 0.6152882349731043] [0.9139119400231054, 0.07209013227419775, 0.6160113316110744, 0.37131992942495506]
1300 -1.593548421536775 0.7250400617294491 0.9466666666666667 [0.27515759744176405, 0.682838815138136, 0.47248074918644184, 0.46285617156699177] [0.6714976650556406, 0.26381401778702485, 0.4741942159381078, 0.4838274345525601]
1400 -1.6857144475376145 0.769544744700456 0.9733333333333334 [0.2350091521041814, 0.7355737273819616, 0.9345383840771087, 0.04154540310341517] [0.7383126096685118, 0.23779154098437166, 0.0387784693592043, 0.9317840466545784]
1500 -1.4296494712614307 0.8165090288723649 0.96 [0.1577491552271888, 0.8013156498512006, 0.795552929733665, 0.16538226518794516] [0.8043471298026801, 0.15546631919500528, 0.1658573242195146, 0.7943292267827997]
1600 -1.8325678108007917 0.6078026687551311 0.8266666666666667 [0.35518929234318186, 0.346733964691065, 0.38178797849816626, 0.5696220978009201] [0.47141986411066095, 0.47966952045396916, 0.44455353363961403, 0.25769041512908875]
1700 -1.5840107384061954 0.804200173123764 0.88 [0.42730656605468303, 0.6341647613307986, 0.4865961737483293, 0.21193249886618928] [0.45295289205995687, 0.24648190284421426, 0.3932931894449961, 0.6672720156508325]
1800 -2.0133073203793845 1.0041944090029533 0.9466666666666667 [0.07909730439140619, 0.9190050486603574, 0.5661919088068221, 0.3290390714747477] [0.867506498198699, 0.027752694814227378, 0.38100031752369945, 0.6170738227967072]
1900 -1.3179995649891194 0.629637315000739 0.8933333333333333 [0.09600113833671219, 0.8278361708749753, 0.8099198441110957, 0.05290951334388329] [0.7973080229198312, 0.06550232389365214, 0.08342962430034354, 0.8404266955528398]
2000 -1.2965843367755228 0.6365489708881202 0.9133333333333333 [0.44481316032368073, 0.5652529176846485, 0.4794927534332146, 0.33710783522512355] [0.46851829434159775, 0.3480860924012763, 0.433843117631795, 0.5762191622919971]
2100 -1.2606758585731455 0.6345879105727736 0.86 [0.46724851183050004, 0.7619146318804839, 0.2339565563669855, 0.2568802999220297] [0.392773619387207, 0.09843745526498879, 0.6259984758031641, 0.6027904495446399]
2200 -1.1820927065823965 0.6015714863664474 0.8866666666666667 [0.11069681034854488, 0.8616495487808604, 0.5555972063032697, 0.24538976790065797] [0.7759525210994339, 0.025010636594072388, 0.33129623287118865, 0.6410739427686385]
2300 -1.4361796505307776 0.717536779388102 0.94 [0.3104346393809484, 0.7370752507587168, 0.6647823350837626, 0.1677077747765725] [0.6303084869146789, 0.201865591266396, 0.275593040706587, 0.7722328811123392]
2400 -1.670937462518966 0.8134434984030211 0.9466666666666667 [0.016389895976881612, 0.9297652460432372, 0.6212755850129288, 0.32590260630028484] [0.9302027502657331, 0.017012222933816813, 0.32476566892478737, 0.6213526912089957]
2500 -1.2062366462208547 0.5961486311644435 0.8866666666666667 [0.1912082123234642, 0.87283842878606, 0.695963088814138, 0.01332360340967158] [0.6950562972713025, 0.013116214402499361, 0.1918217300064726, 0.8733390916530601]
2600 -1.6757322152956753 0.8518350863417968 0.9 [0.4427987356877975, 0.550422874422138, 0.44080271730477116, 0.3659756725852927] [0.4570215295802932, 0.34928781046041024, 0.45783038962047345, 0.5358602703388234]
2700 -1.5804158990548771 0.7990735612666743 0.88 [0.2929709695732339, 0.6842128783045266, 0.36718827190563186, 0.41562788021660796] [0.5870332587135959, 0.19574005823277815, 0.5127726618794828, 0.46445402117414225]
2800 -1.124187859763731 0.6495197260353348 0.84 [0.045194763641557265, 0.3984205545768498, 0.8297201374724261, 0.40666454430916743] [0.7942250940908813, 0.4409273866090305, 0.009868467729285414, 0.43497905157080197]
2900 -1.1918111669297744 0.6263491203108591 0.9266666666666666 [0.628987000818965, 0.39443122342528897, 0.6828201491315603, 0.1470949599575193] [0.29773016337575936, 0.532180472999839, 0.24390781015723267, 0.7795148868005028]
3000 -0.8517565602590795 0.45369942931642376 0.9 [0.6802089534793769, 0.30772546289528535, 0.4023913135198978, 0.4096742701054402] [0.21955280481079223, 0.5925109963941922, 0.49760080964606973, 0.49033538914894564]
3100 -1.31728992300295 0.6244075475861041 0.94 [0.6869226977869313, 0.6461909587969707, 0.16997214943693573, 0.37691419397916204] [0.25317566224291854, 0.29370431743814207, 0.7699768811110097, 0.5631431392079291]
3200 -1.422448150892041 0.7097305325223741 0.9533333333333334 [0.023131691530607974, 0.9389033215226901, 0.9295102158521988, 0.015121437761169426] [0.9299946429869311, 0.014425750090827612, 0.024037754317047466, 0.9382085192718607]
3300 -1.4151884183054682 0.7623532729889901 0.9333333333333333 [0.3799177362740721, 0.7812198568608519, 0.6944175030992893, 0.011111570432452795] [0.5531116252556798, 0.15205594916647444, 0.2390422415267687, 0.9224568507177442]
3400 -1.581511708330264 0.9009233616704632 0.9333333333333333 [0.5057390346339617, 0.4651785248099095, 0.19943164135521185, 0.6963174658675839] [0.4277352382098914, 0.46801969436266927, 0.7339150352369986, 0.23699669885710747]
3500 -1.4686617776512751 0.7528175098861377 0.9733333333333334 [0.917656344094839, 0.05575191988641645, 0.4499159476863663, 0.5233424549990452] [0.055909876331604616, 0.9173523039055866, 0.5236498686141309, 0.449754617815345]
3600 -1.0926429178477266 0.5682705928591105 0.8666666666666667 [0.5290344136721125, 0.11128536390733923, 0.8224326899824088, 0.27058086577147344] [0.3376175201332307, 0.7553874919654616, 0.04419837045881163, 0.59612995077583]
3700 -1.2555615767865766 0.6656638181230332 0.92 [0.34077762516506854, 0.7391547653241262, 0.49911871848406425, 0.2609488910267407] [0.5793204641623991, 0.18046669015321995, 0.4208886614813529, 0.6593241842030287]
3800 -1.3578598142594538 0.7090802671567321 0.8133333333333334 [0.09479732809555767, 0.5504818532013566, 0.8002007557527411, 0.18118672961701177] [0.7185028655704414, 0.26275381307015816, 0.013075640111313938, 0.6323343479147531]
3900 -1.187310465775781 0.7026703661225299 0.8866666666666667 [0.41610963601520606, 0.5281983080062145, 0.7095828896924312, 0.11944249961948188] [0.4707134225162346, 0.3583852081141096, 0.17712625540516427, 0.7671084472978243]
4000 -1.3473669474323686 0.7247308763878828 0.8133333333333334 [0.5036295987960743, 0.5835562769414996, 0.30991692691986045, 0.22956386400923273] [0.3097134168214348, 0.22975956840891826, 0.5034061749722509, 0.5837875064640622]
4100 -1.559931449941597 0.7091812273695777 0.9133333333333333 [0.1794988265208755, 0.8919522574314618, 0.7335076465781804, 0.021707936136148853] [0.7338494601675911, 0.021402967151671344, 0.17984293044028068, 0.8915713089071237]
4200 -1.611024222795508 0.76810931734446 0.8933333333333333 [0.3945076398506903, 0.6893608549649715, 0.6831962604044302, 0.019601911446574558] [0.49888664398040644, 0.2038184286951007, 0.21016146596972746, 0.8738001280214314]
4300 -1.4664013244716996 0.6775580281857659 0.8666666666666667 [0.05171913606752393, 0.7299939502355378, 0.8446638830733555, 0.1069563639569163] [0.8148462957697942, 0.13687604117634508, 0.022017609198544914, 0.7595933871886487]
4400 -1.3936586391075643 0.7707184415060636 0.8666666666666667 [0.0789722822834951, 0.8433174785945186, 0.725277812664905, 0.0857657597904143] [0.787647484091945, 0.02332225164134212, 0.14167442701819222, 0.7806891705818543]
4500 -1.6254381168187335 0.7788924190266783 1.0 [0.045862765100907324, 0.9569485643291764, 0.7750930723419392, 0.22209559822797725] [0.9541906222744564, 0.0430040566952822, 0.22491217136200253, 0.7778931496682598]
4600 -1.4531682936842145 0.7007193250478081 0.88 [0.28344458170061243, 0.8694132670861257, 0.5181486113102048, 0.08899353990305728] [0.5965425345750855, 0.010302380645782719, 0.36182677359488846, 0.7913283111842432]
4700 -1.235389784313303 0.5911374325729617 0.9333333333333333 [0.1207775506421402, 0.8152260866143654, 0.9044871881822746, 0.02617584122788605] [0.8122640789164944, 0.11809874426609689, 0.02913990424703984, 0.9071639392370364]
4800 -1.0790556281962114 0.569463281350822 0.92 [0.25867207064979797, 0.16796677145179895, 0.5493581272109451, 0.8640030306874574] [0.6613090239257188, 0.7520415435541541, 0.3706203440046243, 0.056029088515503485]
4900 -1.3848044094848593 0.7368629331039152 0.9133333333333333 [0.013156013215584435, 0.7444736723455034, 0.8962107985494625, 0.17282618255611612] [0.9001791892896902, 0.1688568631846498, 0.017124438755154764, 0.7405061754371718]
5000 -1.4012315207206378 0.6733257852555595 0.9266666666666666 [0.38373105394611157, 0.5113897075202164, 0.5787676536172297, 0.37944491824977666] [0.5429267314384542, 0.4152862256048865, 0.34789859024106423, 0.5472217860489285]
5100 -1.331396216531356 0.6060999172965605 0.8666666666666667 [0.616849248189615, 0.5606426789634581, 0.33277246466115346, 0.22306894151910736] [0.2497530241859315, 0.30590450867861885, 0.5339422246342321, 0.6437335758345503]
5200 -1.3131030889131516 0.6126764706681151 0.9733333333333334 [0.1845965139750866, 0.7915997930433637, 0.4220983767351025, 0.5483719829131138] [0.7886938448650805, 0.1817629746374022, 0.5510572599977601, 0.42515258716642423]
5300 -1.210542032110764 0.5879541068055735 0.84 [0.03578822861943321, 0.6281277284458782, 0.7197745522988358, 0.29630949063585316] [0.8041799688382967, 0.21195876341321065, 0.12021773405657996, 0.5436435336919123]
5400 -1.7137301830359668 0.9673069617499895 0.9333333333333333 [0.5309454767087805, 0.5158914299257855, 0.5246211544336669, 0.2952086055984339] [0.4015651806822482, 0.41834159538631915, 0.4086149736470099, 0.6381449169510885]
5500 -1.2466797019841525 0.5971455967678692 0.8666666666666667 [0.38080722240268766, 0.26141323051564497, 0.638118869604046, 0.45299401081095475] [0.4857235899387613, 0.6055254713051202, 0.22849854605791714, 0.4135857260315353]
5600 -0.5762828984530829 0.31891033871230223 0.8533333333333334 [0.8479349968577146, 0.8401439004030012, 0.005577327811012841, 0.013010441594937831] [0.0052830295354287385, 0.012731552773709805, 0.8479229995655241, 0.8407290847920041]
5700 -1.5727767220988833 0.8479310490405679 0.92 [0.28694605173282023, 0.7089866310556979, 0.8036471327567963, 0.040420184454685974] [0.6330167585316062, 0.21112094303722465, 0.11637042925348567, 0.8794918691776827]
5800 -1.2762259913919654 0.5748890433726612 0.9466666666666667 [0.3247304596703167, 0.618548277857915, 0.9382632772823577, 0.011791318522743623] [0.6217478340049188, 0.32802499094439164, 0.008427475584333374, 0.9351330327996896]
5900 -1.1998673015426848 0.5899541492886058 0.94 [0.4339328380729907, 0.5048653091731776, 0.13741563885384692, 0.8037862138999847] [0.5060555530742838, 0.4351670594889746, 0.8027275151200609, 0.13604987231668025]
6000 -1.120585186392358 0.534514734532902 0.92 [0.444301799026987, 0.9127442424305566, 0.3812739633602089, 0.10167999518224809] [0.47598650250597424, 0.0071902587336459866, 0.5383716652767009, 0.8184515734836787]
6100 -1.7051095097051165 0.8284976257329053 0.9333333333333333 [0.6767610303232955, 0.13060594046828278, 0.7783883288583715, 0.28091136701671715] [0.2565852901042917, 0.8027186069641069, 0.15494186673985702, 0.652420902858411]
6200 -1.5628626776055299 0.8755784775615445 0.82 [0.5283972421041654, 0.4920953138303063, 0.2665937348395719, 0.35291370922595644] [0.2916258340950972, 0.32761423556214, 0.5533928870339834, 0.4673670433087791]
6300 -1.396165673936527 0.7860266665553801 0.9066666666666666 [0.4332927151466465, 0.5553596266720616, 0.7740037597563592, 0.050677231758266036] [0.4733610556011128, 0.35131821149641196, 0.13258163956189875, 0.8560724266739103]
6400 -1.2328509736260347 0.6637604026052227 0.88 [0.38761121848382313, 0.8615784022329442, 0.4979152299187358, 0.012895149364497233] [0.4923800960230588, 0.018425303941403157, 0.382092524743359, 0.867102075292179]
6500 -1.8113098917469244 0.7810871578267609 0.96 [0.5003697481256046, 0.6993177930408994, 0.6771863959076568, 0.04312606292583908] [0.4621995830166467, 0.25740824157224923, 0.2821900939278691, 0.9182020814832341]
6600 -1.3425971490460484 0.6829864922908838 0.8733333333333333 [0.6417149002749575, 0.3822950626135142, 0.2254707627445102, 0.4971859410336856] [0.2315872417004043, 0.4911026753545872, 0.6478594206893175, 0.3761173289223562]
6700 -1.4485935197894817 0.8063506759494651 0.8333333333333334 [0.30389354842820043, 0.5639066729079024, 0.5309949552461746, 0.26787149008438943] [0.5296042162544844, 0.2693602381398039, 0.302440424573985, 0.5652617876983927]
6800 -1.0302525662636675 0.5109048493033785 0.9466666666666667 [0.006469455793169099, 0.9329739557544627, 0.24334748484816052, 0.7105424369375419] [0.9402737642056942, 0.013658800877308771, 0.7031358131706291, 0.23626495507970124]
6900 -1.2599236750925005 0.5781504691046497 0.9066666666666666 [0.32248953809227904, 0.7393135887677259, 0.7430026064040054, 0.008527600069322891] [0.5839256299011178, 0.16762344491920542, 0.16366354035913835, 0.8981207181538715]
7000 -1.5045407709009955 0.568046459616437 0.9066666666666666 [0.10907332329398606, 0.8255018059486425, 0.5228696212861997, 0.35588858280450464] [0.7977296104548879, 0.08119767233237667, 0.3838920134315087, 0.5505140371145602]
7100 -1.6493786816412368 0.8882329479025067 0.92 [0.12882532437562874, 0.6292111537416867, 0.6705939656877992, 0.41136955619488536] [0.7911726519110446, 0.2908024703526059, 0.2494046702783987, 0.5086202074579514]
7200 -1.8650876099898774 0.9605850478019619 1.0 [0.27098129329807136, 0.7354679360295374, 0.957622728683689, 0.035928041988703106] [0.7290367375752724, 0.264515219288533, 0.042376211318698113, 0.9640718318174961]
7300 -1.3336419907796253 0.7491610020720895 0.8666666666666667 [0.5425286889155813, 0.07338347881143745, 0.7302971003076073, 0.3871240652987073] [0.32308239679154216, 0.7937004116983933, 0.13747731996007564, 0.47907320488332233]
7400 -1.0151890346641403 0.5073703760123909 0.92 [0.518287611122521, 0.6805051141465758, 0.6321830776874635, 0.009024197043439892] [0.4009320948893826, 0.24029863304527946, 0.2877440105820754, 0.9110252614832622]
7500 -1.1625788543085525 0.5464176990108255 0.8933333333333333 [0.192192705392703, 0.4573736524234854, 0.6995083434442261, 0.4375919654062532] [0.7011406400768316, 0.4356996698540987, 0.1935828669578453, 0.4562434897778909]
7600 -0.9075293263961058 0.4415888656065534 0.8333333333333334 [0.6869979414692429, 0.757808939834765, 0.146513959922632, 0.07534582544002605] [0.14631472027397516, 0.07553675074143575, 0.6868272081007483, 0.7579879875505071]
7700 -1.4607940650503113 0.771614871368743 0.9133333333333333 [0.02891868769524572, 0.8716905620997301, 0.900085556904307, 0.025971859967383708] [0.8844235966742561, 0.04164440205052537, 0.013240543334212991, 0.8873581246076709]
7800 -1.6243578235923557 0.7959192984478404 0.9466666666666667 [0.45595294509416257, 0.4868835862588589, 0.35625293875452874, 0.5942438632257832] [0.4895924550889417, 0.4599235270583959, 0.5897863310717248, 0.35403102011427084]
7900 -1.3835777583332827 0.6665194549177532 0.9333333333333333 [0.9134415776298458, 0.0406063356717174, 0.017418564191991462, 0.8952001891731117] [0.019852797787102618, 0.8927118004525452, 0.9157972024126367, 0.0383048660143817]
8000 -0.9924303448459469 0.4775497562447394 0.9333333333333333 [0.6350404345317293, 0.85848544962245, 0.16276322685320296, 0.210377555659283] [0.2983833328170877, 0.07474368172767563, 0.7706380014533789, 0.7229016506685245]
8100 -1.0895714709086886 0.560345477069144 0.8933333333333333 [0.5616342066481188, 0.23827136937879612, 0.8386867277089946, 0.1480743629307574] [0.3323558472319501, 0.654435184892883, 0.05512302331991144, 0.7447526112219218]
8200 -1.2526998678166636 0.7400291554934298 0.9733333333333334 [0.40901730088066446, 0.5612693732049204, 0.6150284485611553, 0.3613515440199263] [0.565046527347032, 0.41137994983084214, 0.3582565002672067, 0.6119836892215859]
8300 -1.5651219208230605 0.8805426616253701 0.9066666666666666 [0.15313778393536287, 0.6629913822451136, 0.6677593294495865, 0.32944483770327126] [0.753853867088453, 0.24326669171556792, 0.23888384415020478, 0.5773289303791074]
8400 -1.589808756104956 0.7858108459466586 0.9866666666666667 [0.3103312979398498, 0.67567336812097, 0.3897984881230354, 0.597530179149478] [0.6763028679033753, 0.31102204926002575, 0.5970133432111799, 0.38899507295875185]
8500 -1.429592274405312 0.7272671067452608 0.84 [0.6152503017614162, 0.12036366001797952, 0.2264143245261894, 0.7179717136944144] [0.22473235271601416, 0.7196504797589226, 0.6135438578638669, 0.12207330966119675]
8600 -1.4248811440378504 0.679828818000776 0.9466666666666667 [0.11078872532417612, 0.8396778601014812, 0.9239994740865626, 0.018867273821113268] [0.8358728238459403, 0.10699495529840004, 0.022666970586578187, 0.927798583602415]
8700 -1.3770022708594438 0.6608281724815549 0.94 [0.9256015090968873, 0.04275256744026077, 0.43198555237051733, 0.4796603710923348] [0.014397842683865564, 0.897247883280325, 0.5080347986509417, 0.46031947538486795]
8800 -1.182457953730426 0.6519092552775407 0.86 [0.4488137095305773, 0.776359179827675, 0.4141765419351894, 0.0806505687065576] [0.4111852288203117, 0.08311775917851327, 0.44582881671655344, 0.779868195284621]
8900 -1.9752205800112115 0.9489273440394248 0.9733333333333334 [0.4300497576762595, 0.5958620506865334, 0.742004787339533, 0.1787500709643404] [0.5432703031352069, 0.3766581164140628, 0.23188743987694138, 0.7948508072404558]
9000 -1.4178196070520777 0.7288480728128119 0.9333333333333333 [0.023629715112859544, 0.9143067601426699, 0.9152353018636683, 0.013494889547468466] [0.9100923502632763, 0.019045302756310032, 0.0177082741820058, 0.9198207394650744]
9100 -1.5237113812816636 0.8576643023087295 0.9466666666666667 [0.6582249167970103, 0.6514713852473527, 0.2225929249277193, 0.3610441063612511] [0.2883640858073861, 0.29517651831778274, 0.7241032700120329, 0.5856894591961312]
9200 -0.9344601369035616 0.47786804043852993 0.8266666666666667 [0.5199166601797081, 0.5652799983904073, 0.30075678038553183, 0.2673798943776858] [0.3067686868394713, 0.2613652463221229, 0.525889022603676, 0.5593103775680628]
9300 -1.3830715247804077 0.73352762788997 0.9066666666666666 [0.436563405277878, 0.43347864234121064, 0.4668811350687436, 0.4764101506455011] [0.4696527201723276, 0.4731707193669228, 0.440236113589158, 0.43027378020492546]
9400 -1.3532869403512382 0.7604773150513753 0.9066666666666666 [0.4561439466262891, 0.35359984523425975, 0.7399334286170762, 0.2636561128557076] [0.4495880325236705, 0.5539386644489033, 0.16672672046905024, 0.6430799158917092]
9500 -1.0693368974641526 0.5614448736825818 0.9333333333333333 [0.7651897204878465, 0.16869269071657547, 0.6790783300002657, 0.2537059254619791] [0.16814053006061178, 0.76464726847753, 0.2542455205513353, 0.6796333475771892]
9600 -1.3888462141442786 0.7175453887817238 0.96 [0.014704124414816541, 0.8750633148137066, 0.9412139063707654, 0.0890186544007127] [0.945417149022497, 0.08416753675680128, 0.019022264155545334, 0.8713930500651554]
9700 -1.53841376041441 0.8291041457597903 0.9066666666666666 [0.6587662099121487, 0.4954201766013284, 0.5731935188634981, 0.0859534279563582] [0.24594649198855828, 0.41055842042430646, 0.33524665204400633, 0.8215817688764631]
9800 -1.106876405144998 0.5854719996009469 0.9133333333333333 [0.49900543332890757, 0.4081592126966344, 0.8963141876477427, 0.02318783299338195] [0.41435016988762063, 0.5051464260304026, 0.01701621005602759, 0.8901538606926156]
9900 -1.5932334155467565 0.815653951107623 0.88 [0.532248198080303, 0.32108285508147555, 0.377823181738493, 0.528845765099729] [0.34968128299426016, 0.5567134748687136, 0.4971967177382579, 0.3564085243987687]
10000 -1.3543324908528596 0.6842167194963524 0.8933333333333333 [0.47802671422544374, 0.5858218042337697, 0.2597828566139318, 0.46303529159352186] [0.4149636236724405, 0.30787586657398436, 0.633499263165181, 0.43032791325506037]
10100 -1.919323706824006 1.01042484441883 0.96 [0.06499318751743571, 0.9490578626230814, 0.6982144654825359, 0.2077344843769474] [0.8953741157013405, 0.010858550416963328, 0.26147231748135924, 0.7522950164003374]
10200 -1.7981715499592401 0.9439616967213703 0.9333333333333333 [0.1499666056791924, 0.5989685573763106, 0.9158511195057112, 0.2018803841054529] [0.7825615206437543, 0.33494994357387237, 0.017472335634762946, 0.7316828668142764]
10300 -1.5310773642825581 0.7697815780163744 0.8933333333333333 [0.25030546549463933, 0.7281140504091683, 0.7222442632170857, 0.08600288754577322] [0.6432230229972019, 0.16499953256333685, 0.17111660625177924, 0.8073275048543477]
10400 -1.274452896706046 0.7008221836544822 0.96 [0.5947798489361901, 0.3519007963673465, 0.44006806756705996, 0.533251287129403] [0.3652095932179253, 0.6081412182014526, 0.5199353782868358, 0.4267138102937861]
10500 -1.24402480449153 0.5873053024628618 0.9466666666666667 [0.6302193637695537, 0.5809152512051868, 0.27821787791449526, 0.40398084044409754] [0.31643141654272683, 0.3657355125593023, 0.668475180660963, 0.5426912235703416]
10600 -1.4181650092136167 0.8012564411001899 0.84 [0.42303110670339406, 0.7762854454110144, 0.40116143673751853, 0.07952201114807267] [0.4169223667290079, 0.06415322556698219, 0.4389247759176063, 0.7599996317864035]
10700 -1.5462175412219246 0.7523894132940018 0.9266666666666666 [0.07048375834528005, 0.8874381892950348, 0.6318132962491321, 0.2635980894438862] [0.856189652879593, 0.0392212854021701, 0.2948651973275201, 0.6630571977240509]
10800 -1.2528428625329777 0.7044583059842059 0.86 [0.47721468743185463, 0.8487109085529013, 0.3822510040164941, 0.011823399998749826] [0.3826910194765637, 0.011293089265306698, 0.4778313660660952, 0.848184525192035]
10900 -1.3780297238243047 0.6956031850763054 0.8933333333333333 [0.11024679003070377, 0.7337879283971445, 0.6171558501144264, 0.32547609812439116] [0.7830206273802754, 0.15953353094830994, 0.27630195337186086, 0.567810554966221]
11000 -1.1951976078187938 0.6253862894870214 0.9333333333333333 [0.08584609564545113, 0.6728541556419619, 0.9247286559125738, 0.1832377594666814] [0.8475920550653208, 0.26039641680130854, 0.008596380468311708, 0.7500818143317263]
11100 -1.1090557819081455 0.22667300384635916 1.0 [0.7818579222107237, 0.21912164650198354, 0.9404785438678014, 0.058541887419491685] [0.21878976768333686, 0.7802298266538005, 0.059615054693150676, 0.9413653509697122]
11200 -1.5053941636016823 0.8121454385577349 0.9333333333333333 [0.7311869058028628, 0.204538537404445, 0.24759844314774754, 0.6833427803116106] [0.20205301578005092, 0.7293182941524332, 0.6854732180088606, 0.2498221387253222]
11300 -1.5186831401512957 0.7409349178184534 0.9066666666666666 [0.318799422125892, 0.5030833868225697, 0.7228176855961457, 0.26863283878872696] [0.5878970594478967, 0.4034081365053959, 0.18380165084035177, 0.6382264865396886]
11400 -1.0950182903105607 0.5762473671835051 0.9866666666666667 [0.05064825817970063, 0.9343309620930883, 0.018401632388977563, 0.9699524806715677] [0.9359726047810947, 0.05235517297397001, 0.9677217069731895, 0.017283848605079654]
11500 -1.3579384482625592 0.7213633199111538 0.8733333333333333 [0.3610156216969572, 0.32993204509502927, 0.7368994195426747, 0.31881958033200497] [0.5123952797376219, 0.5430635322534169, 0.138001137099431, 0.553206717576198]
11600 -1.0373830959596513 0.5187902258199611 0.9133333333333333 [0.2913868488565474, 0.7692906170333315, 0.6231758263641924, 0.14281337441259606] [0.6228673075651676, 0.1440559591532134, 0.28922320030518356, 0.7705201996431019]
11700 -1.2789037807563006 0.5987961373992686 0.9466666666666667 [0.014511884204037614, 0.9307931982317952, 0.934741108807263, 0.01328714209023654] [0.9321544272961667, 0.015874311272808146, 0.01192439652967867, 0.9333801982346795]
11800 -1.2811181286507853 0.6465959130705585 0.96 [0.45817817332827765, 0.5022181181170675, 0.9491697991021998, 0.010433909452455493] [0.5019954984354826, 0.45760435882219364, 0.010821183220153656, 0.9495789595221698]
11900 -1.6236762286179311 0.8466407419834031 0.9333333333333333 [0.26991726769116875, 0.6578883445318571, 0.9175191622984591, 0.021341892145181895] [0.6636490710662405, 0.27533396463557236, 0.015849210812957266, 0.911834420151896]
12000 -1.4623548981634464 0.8160534977818441 0.8933333333333333 [0.310787877093611, 0.7237456206093332, 0.5156062710643007, 0.2365268978994209] [0.5824099326588962, 0.16978160567721162, 0.3777191373725895, 0.6567559909579689]
12100 -1.4334021328302131 0.7074208380259411 0.9066666666666666 [0.05254273886969677, 0.6828788565669126, 0.5029407827161246, 0.5749709551805993] [0.854104237714976, 0.223532145077783, 0.40371591989200584, 0.331981030648568]
12200 -1.2635564151515384 0.5551171927991958 0.9866666666666667 [0.794386639762904, 0.19188136435420183, 0.9531719199407477, 0.03389340927548055] [0.19223823815593757, 0.7948227344477812, 0.03349643722256154, 0.9527759235070522]
12300 -1.6475094006631232 0.7648332261110653 0.9333333333333333 [0.12678273837406648, 0.8092818107443334, 0.7536367104797105, 0.17696540706855668] [0.8066696929130265, 0.12398839192843404, 0.17958616806578714, 0.7564224137594195]
12400 -1.1758677934504125 0.6603194348781403 0.96 [0.9465828485746746, 0.012159582959558313, 0.4452532779425646, 0.5160042905232013] [0.012065000244502548, 0.9492667883441502, 0.5146882353654408, 0.4439799760459069]
12500 -1.5382025964012147 0.7273045802098547 0.8533333333333334 [0.6267539140659397, 0.5324611180290808, 0.21886271619112993, 0.3285889183805157] [0.22662782177858318, 0.32091526924146074, 0.6344530870992101, 0.5246704885474128]
12600 -1.5824050313816889 0.8241970998339253 0.9866666666666667 [0.06036125236135566, 0.9293042038553695, 0.9709734710736332, 0.012694406042975902] [0.9263716628694435, 0.05732793839605774, 0.015660844953217044, 0.9739728871146152]
12700 -1.6877111087646386 0.9659249003336671 0.9733333333333334 [0.31673684118978845, 0.6597851978634867, 0.31790685589038814, 0.6522377717230037] [0.6566152890170492, 0.31353630124545945, 0.6554149402622199, 0.3211001361419389]
12800 -1.4364405116122105 0.761687635051717 0.92 [0.24218465134313316, 0.7332761841820038, 0.675041960856551, 0.1894972036183124] [0.6777814901651438, 0.18672638964938032, 0.2449357254494652, 0.7305563947360105]
12900 -1.46667922758464 0.7850186071353163 0.9733333333333334 [0.7060688002836916, 0.269029923282434, 0.6252386499676093, 0.34632929313293187] [0.2672647871939551, 0.7043031692322379, 0.34776795192726334, 0.6273307583132094]
13000 -1.3754314152885567 0.6893997130559686 0.8933333333333333 [0.14015686552229042, 0.7924627084811239, 0.7685152902019711, 0.08553180246128202] [0.7530125951937136, 0.10097665854084263, 0.12496711739655192, 0.8077102955355593]
13100 -1.442308527787239 0.8526929585667163 0.96 [0.03449899836736286, 0.9168465647368884, 0.6564239050073191, 0.3122305318884303] [0.9254542651751668, 0.042517883182722975, 0.30359780291277993, 0.6484300487293301]
13200 -1.6675236835214562 0.7788819362527396 0.96 [0.2022800245538639, 0.7662263748109308, 0.9386540094415521, 0.01283959119365374] [0.7577665624274915, 0.19373516649019018, 0.021348946361402023, 0.9471493247209158]
13300 -1.1504529861518644 0.511776524599585 0.9733333333333334 [0.2016760505128287, 0.7720730421829862, 0.4846435149259155, 0.4882740590449357] [0.7716585319659347, 0.20125484674283972, 0.48904396826357405, 0.4847093196943185]
13400 -0.8775838810679523 0.42234008312262655 1.0 [0.7143883155289744, 0.29500864538975563, 0.9822325432866548, 0.00837049579461507] [0.2857788419214734, 0.7048279736127798, 0.017725307193699306, 0.9916678772720481]
13500 -1.2692507805358946 0.7077887143691352 0.9333333333333333 [0.33113277211858816, 0.6729908613867325, 0.5567598814747751, 0.3057831516865716] [0.6016939633144903, 0.26090287144701096, 0.3765304010842053, 0.6275394308209611]
13600 -1.4786025062130936 0.7697853816091563 0.9066666666666666 [0.3690609839567962, 0.44131630926934956, 0.5400024988508413, 0.46295354125634686] [0.5376080400927498, 0.46575589676059026, 0.3666646275907612, 0.44330476888923226]
13700 -1.449167963496021 0.7934199971215781 0.9466666666666667 [0.5303519194936135, 0.4680219431025803, 0.021914737911460452, 0.8730447328256793] [0.4162240562468955, 0.4790514423186305, 0.9245668987531548, 0.07349093601465206]
13800 -1.2395350879319713 0.5926096955465955 0.9066666666666666 [0.7978973126519823, 0.4109188945391791, 0.23617912191678167, 0.3683380042253901] [0.1087783673598815, 0.49575227280262624, 0.6694165524506026, 0.5393861407202232]
13900 -1.0224266334254686 0.5244840902211201 0.8 [0.5377415902239897, 0.7058508726937512, 0.26285623262385405, 0.09355130445840532] [0.2622585042343809, 0.09414956860829733, 0.5371466796962385, 0.7064452474610827]
14000 -1.8602018543584435 0.9798872645966085 0.9 [0.6403985370322735, 0.38604407464399115, 0.25972698858443316, 0.5138303997393018] [0.2595853140900326, 0.5139623969781559, 0.6392013220481316, 0.3872509668836796]
14100 -1.540244949572008 0.7657383091943222 0.9466666666666667 [0.1792069140793164, 0.7588089345944418, 0.9184307516919048, 0.036886732967669825] [0.7680929245567275, 0.1873330694137645, 0.028129969019389307, 0.9097773703434526]
14200 -1.1957476981776027 0.5703743926119986 0.86 [0.14877277040602663, 0.8454301106215848, 0.7033782163214809, 0.022418902650907013] [0.7111852614171177, 0.01449708199539779, 0.15653078760571135, 0.8377868689817733]
14300 -1.2967288800424392 0.5925403872783849 0.92 [0.10910196891862464, 0.9083402711930025, 0.8115177791031135, 0.011039980785258913] [0.810913821944188, 0.011659480181408676, 0.10855695200771744, 0.9088697458666866]
14400 -1.6442664312524315 0.8164103638770953 0.8933333333333333 [0.2801832846848627, 0.6348747478931449, 0.5035042405037783, 0.3681043935848819] [0.6131348051158578, 0.2584197472305462, 0.38966828499897566, 0.5254438293212877]
14500 -1.28281772803736 0.6875271768904635 0.9066666666666666 [0.0840548019886515, 0.8905718333368784, 0.8080511649352532, 0.030655533072549868] [0.8226065585160303, 0.016111556067982504, 0.0981569282271757, 0.8764582905221452]
14600 -1.5737261819039223 0.738495640031293 0.8866666666666667 [0.359955821669284, 0.6439135248782649, 0.7532546935779033, 0.016209293207880823] [0.5279580633424428, 0.24238120446288372, 0.13284061082190338, 0.8701534547061035]
14700 -1.570079536173597 0.7976415238578731 0.8866666666666667 [0.3338037073183562, 0.35815823193718127, 0.6607877050143004, 0.42058368906349575] [0.5530926198748226, 0.5282899280297619, 0.22585058439473618, 0.4661002010340124]
14800 -1.048132752946433 0.5681273875479289 0.8933333333333333 [0.5434330011386935, 0.883816825115948, 0.29314512077350025, 0.06627171963852482] [0.35089351205295505, 0.009546574646288067, 0.5988864902843195, 0.8273400896831039]
14900 -0.7766248018395361 0.3554110595431782 0.8933333333333333 [0.883655106044803, 0.8865180005118434, 0.009318132626101896, 0.007175427483918657] [0.009685712373751917, 0.006766980601478809, 0.8840092341673661, 0.8862047395240713]
15000 -0.9817005111454188 0.5081788945577743 0.8866666666666667 [0.4230391931043053, 0.8774027949587736, 0.4638933525015638, 0.008997992768690701] [0.4624223836358368, 0.009221849391394695, 0.4238084209063994, 0.8778806793997037]
15100 -1.3028970971039984 0.6953112149545752 0.9266666666666666 [0.49934911968898066, 0.5455786747256643, 0.00989463424769487, 0.7985109046709941] [0.42788691711633514, 0.38068881435681673, 0.9166733472086319, 0.12808425465154935]
15200 -1.6890101895039666 0.891305097684272 0.92 [0.03694240640397513, 0.8607954810744372, 0.872628966709698, 0.06963314581188859] [0.8831065276229019, 0.05918124867457094, 0.04734686121274965, 0.8503653624897773]
15300 -1.4441535771187457 0.6976883623996669 0.9733333333333334 [0.12258911553674129, 0.8472073610720117, 0.9615207208395495, 0.015349469218365183] [0.8507017518132485, 0.12622599643069396, 0.011817403408495887, 0.957921515014228]
15400 -1.4476005699105186 0.8282118173869393 0.9466666666666667 [0.046298764707775414, 0.8891393049166817, 0.5629235982571645, 0.3949716654517108] [0.8998063856246352, 0.05815077233534076, 0.38379553845144004, 0.5515806369219167]
15500 -1.3807655491085808 0.7877703132630531 0.9466666666666667 [0.7516806502513941, 0.18472494409888646, 0.608866392272918, 0.3480613467101344] [0.19486836585160053, 0.7623475399271975, 0.33751612385167923, 0.5986013037028565]
15600 -1.587750517486473 0.7914593566497176 0.96 [0.3443068110891318, 0.6094435074961284, 0.5158538113137165, 0.4503958701010229] [0.6156683749568689, 0.3506569618327855, 0.4441544896168367, 0.5095201735935085]
15700 -1.163277642054759 0.6184319257496311 0.8733333333333333 [0.10244660729701856, 0.3666400987988905, 0.7056352266425517, 0.5719447339282059] [0.771529495256603, 0.505733203058902, 0.16790668373528003, 0.30149728461588177]
15800 -1.485096270795823 0.7045300992959518 0.9133333333333333 [0.23522018770916683, 0.5213594514761106, 0.7190657222816232, 0.35102130519976643] [0.6780546869254009, 0.39195341112912346, 0.1942854044430979, 0.5623731641690443]
15900 -1.2756059010324614 0.6593350720507364 0.96 [0.929410302992084, 0.015354472026749043, 0.26571238614088916, 0.7095228388402778] [0.030546435146123343, 0.944592161040627, 0.6944263649042229, 0.2504350389090269]
16000 -1.6844274387819278 0.8185123629643501 0.8933333333333333 [0.8160524653235425, 0.09350460339885976, 0.08686539068816122, 0.7902442072561034] [0.07740271403553178, 0.7996797911004515, 0.806315691677964, 0.10326846985271834]
16100 -2.0675282806868083 1.0575836322941015 0.96 [0.13969174947347424, 0.8201768252437287, 0.528159391046484, 0.43197203423631286] [0.8201861920904586, 0.13947392457611107, 0.4319977348866177, 0.5283421484468127]
16200 -1.3638165956210575 0.6831920796005938 0.8933333333333333 [0.2621138962096891, 0.45256052041557143, 0.4920999666138734, 0.5798922834275325] [0.6312194323970263, 0.4408094292741161, 0.4014790670836925, 0.3131587379118315]
16300 -1.080105826244706 0.5499567569373812 0.88 [0.7644579103016736, 0.34741224363763534, 0.6371678544755682, 0.010961991585123381] [0.11532186633365714, 0.5325861478035, 0.24291764285934184, 0.869174343003501]
16400 -1.8304426365637971 0.8995484808174034 0.9466666666666667 [0.37275997593264926, 0.5825381056865353, 0.8329533775786719, 0.10508187413547636] [0.5738616163355815, 0.3643435119039135, 0.11335779750130347, 0.8417704075925343]
16500 -2.01902163018651 0.925679679184843 0.8533333333333334 [0.3030090417779882, 0.6840984028527989, 0.45756022822331954, 0.26199899381256] [0.5503247675945937, 0.1689172576507974, 0.39581640539081786, 0.5916082360304581]
16600 -1.011147844238856 0.48235800309604676 0.88 [0.24769488552692343, 0.8064783213663104, 0.5236464175696727, 0.1821803755370934] [0.6325076221056535, 0.0735674747241588, 0.3561444640615408, 0.6977804391086465]
16700 -1.1674384964774958 0.6027184523277718 1.0 [0.008110779839032058, 0.9918394120726088, 0.2865836899962141, 0.7134661180921438] [0.9922624272583753, 0.007818181617657263, 0.7138588683088182, 0.2860605228151493]
16800 -1.4645450994844063 0.7852978197464733 0.9333333333333333 [0.04091158725804651, 0.8889129941690092, 0.9064448674004492, 0.03039721783916147] [0.892235597492939, 0.043672629486440843, 0.02688286636591773, 0.9038755733213697]
16900 -1.322788009297755 0.6405762108329297 0.9866666666666667 [0.3550234172200667, 0.6252571939921958, 0.9771326533818224, 0.015920068739247447] [0.6316394575623299, 0.3614019572772029, 0.009494374731542098, 0.9707975437622572]
17000 -1.330995963401417 0.6609845969645904 0.92 [0.8000477881277513, 0.3682485059133703, 0.26310169969904595, 0.4086020062598331] [0.11973131359610062, 0.5519718585746151, 0.6569009436934268, 0.5113958841358583]
17100 -0.7059423905196006 0.3712644313746127 0.8 [0.6907566353233764, 0.7936227934177399, 0.10892358890279705, 0.006696982356086922] [0.10917897109393322, 0.006459541949021703, 0.691098341887616, 0.7932631450694299]
17200 -1.3886783333145998 0.6423992758815009 0.8866666666666667 [0.1688259817281513, 0.7008455802808103, 0.728193150748514, 0.1754686205758577] [0.7176430399366741, 0.18598288004069174, 0.1584810835321241, 0.7112263298238436]
17300 -1.173193354799003 0.6318711963809581 0.82 [0.5810564441692347, 0.31451316048541406, 0.23813956226502214, 0.5062908330803293] [0.23899706982942945, 0.5055291999720624, 0.581817279747538, 0.3136564504509702]
17400 -1.007450367257955 0.5161163961078377 0.8266666666666667 [0.33883986082866396, 0.6021718280867444, 0.48995138645134956, 0.2223702579665748] [0.4880040555364381, 0.2243635531546379, 0.33650799051300967, 0.6044577341292464]
17500 -0.9520834419710341 0.5240395289814882 0.9533333333333334 [0.7577887916805682, 0.3373842640882722, 0.7922620988765317, 0.019231512021294226] [0.19681429343147813, 0.6148096463169582, 0.16093630150461513, 0.9341064254136149]
17600 -1.5978963993416757 0.7201381523009212 0.9133333333333333 [0.16589268030566143, 0.8221508499241831, 0.7300547300793199, 0.10856840635750227] [0.7474237117444302, 0.09121517422896484, 0.1832327763932407, 0.8047950043000305]
17700 -1.75819928596025 0.8472682032889618 0.9466666666666667 [0.44308105295889116, 0.4886739814889925, 0.14994221993268741, 0.811636078952761] [0.5035255695536549, 0.4580478447272324, 0.797035778422921, 0.1347241406295256]
17800 -1.5514806111859818 0.8858316716429969 0.9333333333333333 [0.22838746141963745, 0.8413778800949726, 0.7651202918048171, 0.03178103334723963] [0.7049578290614251, 0.09196410646964505, 0.16820623603554186, 0.9015384951000546]
17900 -1.3050195209188715 0.6576479213035334 0.96 [0.029897725488068662, 0.9450838261957506, 0.930832355332127, 0.014186092984053659] [0.9301152403975281, 0.01489992137763314, 0.029190723954208717, 0.9457941142706303]
18000 -1.4222002381183056 0.6927625293655415 0.96 [0.3353595281738732, 0.7535775591174895, 0.748376091001688, 0.08268682170694937] [0.6245533930055425, 0.20644073697568768, 0.21170599764630116, 0.877299872372468]
18100 -1.5692674913009774 0.7367898525317497 0.8866666666666667 [0.6323811667365666, 0.4983849397401976, 0.15901151457998378, 0.483555712276584] [0.25432105230883795, 0.3882863973796939, 0.7276033693500272, 0.40312251429477425]
18200 -1.6343490372740577 0.8924830563115201 0.9266666666666666 [0.32580227735589334, 0.6116932432636514, 0.8244107631997317, 0.09142704951405657] [0.6007943123445212, 0.31512927314921274, 0.10199459465745535, 0.8354151531821437]
18300 -1.776637514951974 0.8176668788589966 0.84 [0.262454299607631, 0.5389772472159321, 0.6021984312140934, 0.27637002196234384] [0.5773838274813509, 0.30069617175858665, 0.23814631952342477, 0.5637736812366377]
18400 -1.525969415133598 0.872207210067653 0.8666666666666667 [0.3790435886937044, 0.4908120945824225, 0.6081655696181318, 0.2553120804390742] [0.488350680628032, 0.37635807599185206, 0.25838140714808855, 0.6102431695653616]
18500 -1.61495765003743 0.8404425173454901 0.84 [0.5400021573890865, 0.1136575158256913, 0.28680329536459076, 0.739537031420631] [0.3000039814420775, 0.7265372440202061, 0.5537117948784213, 0.09974697965929469]
18600 -1.0302177734322948 0.5580865476023925 0.88 [0.8715850377055547, 0.4535235922908973, 0.010297641897820835, 0.42459372810572715] [0.008163691523843412, 0.4282917379736561, 0.8704088759746137, 0.45313569452788727]
18700 -1.5129646595136503 0.7477949588978753 0.9066666666666666 [0.47643611321577084, 0.20711137086079728, 0.344996047220149, 0.784789802036617] [0.4301788737738416, 0.6996854530927963, 0.5615897537045164, 0.12187925276217851]
18800 -1.4928792645474556 0.7282441499133918 0.8933333333333333 [0.33128995236259673, 0.8764864108312785, 0.5600529659260765, 0.01883733754671545] [0.562055382123645, 0.016827991371256328, 0.33324907304726864, 0.8745342201244953]
18900 -1.262803761052805 0.6330970310012494 0.9866666666666667 [0.018041200573436996, 0.9692187645166922, 0.348323873911787, 0.6377494943314176] [0.9685647924536126, 0.017519609162008405, 0.6384325175652493, 0.3488164141524632]
19000 -1.3459075519597525 0.7713719188127311 0.9333333333333333 [0.24186916809304868, 0.7925834687737913, 0.8131256150084841, 0.01908841479134296] [0.6913281534674524, 0.14073598817656713, 0.12043173689972358, 0.9141707881229241]
19100 -1.11984336327805 0.5208340361509467 0.86 [0.20074316041849308, 0.2887101793225097, 0.7143547826078787, 0.5161918776511187] [0.6593935199739627, 0.5711916495729822, 0.14564816340846032, 0.3437666670445938]
19200 -1.5203621617896887 0.7419084799430132 0.8533333333333334 [0.04050050162009965, 0.729749936900313, 0.8117992913467258, 0.12461693679952793] [0.812835045823768, 0.12357796327013146, 0.041534533231757195, 0.7287191243410102]
19300 -1.2978621181593217 0.6605791263900667 0.9666666666666667 [0.4505644138739614, 0.527645588901167, 0.013937091654037928, 0.9411862389041662] [0.5160527938591726, 0.4392656867872389, 0.9526956177041073, 0.0253192349828146]
19400 -1.291314561195248 0.5925462532163068 0.96 [0.14644358069129076, 0.8136394881633732, 0.19328937150536074, 0.7666275596399753] [0.8136556129271629, 0.1461838340742824, 0.7669923500859007, 0.1931682029126541]
19500 -2.025325770516945 1.1605471087326746 0.9333333333333333 [0.8187364162133495, 0.09990407749929116, 0.04571051354955875, 0.9023156594044666] [0.1145210733962831, 0.83351162492108, 0.8876019275444335, 0.031032040804869845]
19600 -2.139251775464308 1.069877415626795 0.9466666666666667 [0.4549853843967224, 0.5293739518350065, 0.784079185538067, 0.12489481156353707] [0.4908754048951128, 0.41756765006500063, 0.16296896533856844, 0.8219213130346519]
19700 -1.5073469004452746 0.7604013058008123 0.8666666666666667 [0.02868968688778064, 0.7388822056748103, 0.8533867387440428, 0.11237470202669914] [0.8379811468822012, 0.12766549153543638, 0.013297129782955405, 0.7543895651327396]
19800 -1.0661267823780902 0.564631035349109 0.8933333333333333 [0.47327331013443, 0.8418409341084946, 0.46258848586647333, 0.008963936557268739] [0.42009189935827895, 0.05133888209811095, 0.43069099109397646, 0.8845448941163001]
19900 -1.6802094922439548 0.8226623132004658 0.9733333333333334 [0.02903086814156657, 0.9424990622312, 0.9552280793062329, 0.019908656987667184] [0.9443037431155608, 0.030846897083912587, 0.018157068484296168, 0.9533589579828966]
20000 -1.7248440345721532 0.8736864020400452 0.9466666666666667 [0.5980976407323052, 0.3376325374696888, 0.45472575278934113, 0.502877402341999] [0.3484916750642516, 0.608831095502135, 0.4928826234132014, 0.44312793935374534]
20100 -1.1693793009478481 0.5633710130096206 0.9866666666666667 [0.3877129911635178, 0.6000637716023772, 0.7451425938375061, 0.24041397672993298] [0.5987687304491127, 0.3867469614134134, 0.24129918486155574, 0.7465184566092509]
20200 -1.3675722755758828 0.6060261049874163 0.94 [0.021145014732668155, 0.9292204729999668, 0.8390447477176053, 0.09058976454975935] [0.9188124425772974, 0.010753788542459746, 0.10076154120024394, 0.8496722276799995]
20300 -1.4113044013499547 0.7685946681322213 0.8866666666666667 [0.33675944120996426, 0.8136609386497796, 0.545994898354361, 0.0769180551192288] [0.549906461179686, 0.07297093186024374, 0.339342349848834, 0.81111359044457]
20400 -1.3811765392664157 0.6422412585669517 0.92 [0.020335632080459187, 0.9043640352198024, 0.9044626498243322, 0.010837682875406434] [0.8995373254500081, 0.01539601177182318, 0.015605059438446324, 0.9094616033397213]
20500 -1.6888019217954897 0.8371984369342439 0.96 [0.21326269899081085, 0.7624004355162484, 0.927330120953484, 0.01700674453945761] [0.7465974677740824, 0.19766331831114847, 0.032672318374808176, 0.9430668955399617]
20600 -1.4161211666158535 0.7328302542722941 0.9333333333333333 [0.08407014083869699, 0.8469660333094015, 0.8216941834914934, 0.11393630902707469] [0.8493269247173934, 0.08634249732756832, 0.11159140229529306, 0.8194058423264122]
20700 -1.6392845194025718 0.8288417544840199 0.88 [0.4000358738843653, 0.503984723168967, 0.460604759577694, 0.39537464336897366] [0.48103857988634807, 0.37612346807087654, 0.41970163907186203, 0.4831363129709131]
20800 -1.5903758944406 0.8108380653398995 0.9066666666666666 [0.6199316294902107, 0.32348112675882895, 0.2692770514395629, 0.6006435256447311] [0.2867873602921033, 0.5832269245150596, 0.6374357486914379, 0.305883299834732]
20900 -1.4831915612370712 0.7946098968242091 0.88 [0.7009004174779084, 0.11217993414497457, 0.42446664946972446, 0.5224529989073929] [0.1791099575798353, 0.7674693121700433, 0.45566998736919817, 0.3577507428809234]
21000 -1.4269153430023762 0.7768381290879767 0.8866666666666667 [0.41464915797301755, 0.47301819478572316, 0.5534994303958924, 0.3321665501787002] [0.4718378877654635, 0.41364656909590036, 0.33304694339324903, 0.5548019330787203]
21100 -1.494057868455505 0.777967498804589 0.8466666666666667 [0.44555164869278857, 0.7052474395669216, 0.48514882480713967, 0.05738542026648305] [0.40040012211228626, 0.14189194012734282, 0.3616884636473228, 0.7893528074463816]
21200 -1.5308020811491154 0.7717232959123428 0.9466666666666667 [0.5525925176970767, 0.39340545779638403, 0.6931574778408105, 0.2541778799990619] [0.39402787388939087, 0.553646248457029, 0.2533873857095269, 0.6922718252773873]
21300 -1.4251221159048635 0.7458179622984573 0.8933333333333333 [0.4553632354180342, 0.5248409115145501, 0.7175771033195352, 0.0888854164145472] [0.4379744020039909, 0.36844228368748383, 0.17575248480769254, 0.8044974961674999]
21400 -1.3769724036120383 0.7037280865689416 0.9733333333333334 [0.14252609055617424, 0.8332385960095868, 0.9051899336286143, 0.06571204647229094] [0.8311373743606012, 0.13971762661104598, 0.0682268170706704, 0.9075848486243492]
21500 -1.2465403138118145 0.5798352173952702 0.9466666666666667 [0.12570580412011398, 0.8108067168020052, 0.9373014182373514, 0.01951939417386337] [0.8212663164364705, 0.13560817085553595, 0.009374018251532161, 0.9270848277897948]
21600 -0.9447694776769434 0.4777037648263779 0.8933333333333333 [0.6074332620782902, 0.012028509382951882, 0.6980369037814336, 0.4691679914239909] [0.28596365805798163, 0.8812754671023263, 0.19577322901041078, 0.4236543124959476]
21700 -1.0532381707801184 0.49691126232333366 0.86 [0.40203160237657676, 0.014276053133307638, 0.6122599971756696, 0.6914323473144461] [0.4585774721780809, 0.8469953613203025, 0.24588981170866916, 0.16853735479294804]
21800 -1.3687872307491642 0.6452510363796778 0.9666666666666667 [0.5281312735394825, 0.4383772989955256, 0.4104282294821213, 0.556396531316204] [0.4366572512351773, 0.5303048966184175, 0.5572045260107374, 0.40916665946900177]
21900 -1.8865189246348086 1.0084265521994402 0.96 [0.43268253158864817, 0.5377319680697973, 0.667221405913005, 0.2823640944285497] [0.5266450216412965, 0.4227316642913517, 0.2929079018730659, 0.6777154121942859]
22000 -2.3342190261598947 1.163490611387447 1.0 [0.35270318920438226, 0.648797081618099, 0.2491377071419997, 0.7493620220355198] [0.6474830132227524, 0.3511440894907885, 0.7507867711805737, 0.25058612610588527]
22100 -1.3353307442979638 0.5993491905319135 0.9733333333333334 [0.6417107713993325, 0.33221315050088895, 0.7576061927117752, 0.21513655205467028] [0.3316553962856412, 0.6410867032027658, 0.2156924192504334, 0.7582321479278262]
22200 -1.4772861071942627 0.5687633563714758 0.8733333333333333 [0.5205850522583402, 0.17898401092804325, 0.403744994851708, 0.6433526086285745] [0.35210426241110554, 0.6954993725616535, 0.47020654869087775, 0.22885648300302974]
22300 -1.3518567279782425 0.719599469345923 0.94 [0.5284455505393051, 0.3227971654147132, 0.10476999101340384, 0.9239872930325777] [0.4116501732027852, 0.6170910240492526, 0.8351883537723374, 0.01607044897562439]
22400 -1.357622219089612 0.6326226721845907 0.84 [0.12059545046550059, 0.7818766365192602, 0.6961124027570427, 0.0814155102581963] [0.7194046223281694, 0.058136271315691095, 0.1438893840447481, 0.7585697223113921]
22500 -1.6024065732420891 0.8204374191070254 0.9066666666666666 [0.3265969955651584, 0.7474815980854101, 0.6648631362832575, 0.07439160339950797] [0.5798448789823845, 0.15953800138836546, 0.24165783865259272, 0.832292614309991]
22600 -1.1908510318750782 0.6349743029899128 0.9466666666666667 [0.012930315826257829, 0.9377661784461347, 0.6619118080481021, 0.2807250310128379] [0.9337249160068334, 0.008906470091604606, 0.28473110592943013, 0.6659708413054648]
22700 -1.5862721733458736 0.8248793465405216 0.8666666666666667 [0.28761565888100016, 0.7944538597465524, 0.6220500441678385, 0.029213770537941695] [0.5790534736995547, 0.07216820778930752, 0.24466151823386822, 0.8374501336106028]
22800 -1.6166636189182861 0.9195131398995261 0.9066666666666666 [0.020599603991750717, 0.871669487041818, 0.8417788667393418, 0.07928537556042321] [0.8863248620480371, 0.03500336812244828, 0.0647306504433139, 0.8272744527195337]
22900 -1.6415418052941098 0.7848885894863286 0.9333333333333333 [0.08908422279073212, 0.8691513326776489, 0.8938070865125535, 0.014624024685733285] [0.8440258267081208, 0.06437109503105348, 0.039525959298333406, 0.9187437856291583]
23000 -1.951350530083635 0.9579991567798098 0.96 [0.0588075921882472, 0.9270909760035221, 0.6947670356613568, 0.23933439614687382] [0.9012268540298353, 0.03286121207661641, 0.26517832203884084, 0.7207336118547085]
23100 -1.54823457868767 0.8240650202070906 0.92 [0.05963225499712248, 0.8057671547250832, 0.6388628355623247, 0.335737754715469] [0.8602156124461207, 0.11394043960396087, 0.2812084329977026, 0.5846355149522156]
23200 -1.4659306598722515 0.7127076947721146 0.9066666666666666 [0.0774528376527376, 0.8912880074963602, 0.5699859345377722, 0.27460655364646336] [0.8292633018161214, 0.015325248448075316, 0.3366757704620618, 0.6320690126070742]
23300 -1.7132601870274902 0.8847143559729916 0.9933333333333333 [0.3837453529637295, 0.6111228093679514, 0.6217680334940695, 0.37003047084091684] [0.6095785151175481, 0.38221052938447925, 0.37179388968288674, 0.6230837324817516]
23400 -1.263438237404566 0.6866388480813423 0.8 [0.33971271781309537, 0.12982252328867513, 0.5140559452550366, 0.6164088136431927] [0.4601032800464649, 0.6703812263324398, 0.2859744374310384, 0.18354105619005742]
23500 -1.5027777116840164 0.7754788644258314 0.8666666666666667 [0.5493982544574987, 0.7419658859722882, 0.41408799243625627, 0.027881200467290045] [0.31711542649850477, 0.12483066676850697, 0.45255279681661137, 0.838834443249709]
23600 -1.692824804401891 0.803559595946184 0.9266666666666666 [0.046077230465649315, 0.9105890832778993, 0.8381106948258649, 0.058556324763919226] [0.8809240968897586, 0.01608429980407416, 0.08824876463905049, 0.8680761720004506]
23700 -1.7701269103145791 0.7072310525826112 0.92 [0.7475865583152275, 0.22827340207809296, 0.1929093898548817, 0.6712306497517974] [0.1723815655411083, 0.6917599598707953, 0.7270909922791172, 0.2487674823089795]
23800 -1.4460478947940145 0.5927279727741497 0.9333333333333333 [0.9223882388223433, 0.010898974770847298, 0.1172588456011056, 0.8161206074723706] [0.010951500031878655, 0.9224328109956186, 0.8161387116776975, 0.11714364396147178]
23900 -1.3305806056532348 0.6537106684733901 0.9733333333333334 [0.31689699290620366, 0.6573578179556229, 0.8821785283833846, 0.09023332742145534] [0.6564307279087066, 0.3159537348320586, 0.09114664027925132, 0.8831355636466494]
24000 -1.5863272567296849 0.7752040008221228 0.9333333333333333 [0.08560754160158213, 0.840162467310033, 0.7909169179493909, 0.14997973980566026] [0.847395340473794, 0.09364430550128709, 0.14243154543549136, 0.7831954752560945]
24100 -1.1363718945333297 0.6175248724547442 0.9333333333333333 [0.443719698957104, 0.3677090559067322, 0.901696715751598, 0.15354119605123184] [0.48931786319729337, 0.5667338854941039, 0.03191814268544829, 0.7786967752898217]
24200 -1.469658759723412 0.7689367781346692 0.9066666666666666 [0.219477788031234, 0.47135515920244236, 0.8691854083756151, 0.2533149777240408] [0.6871877811661979, 0.4353086472427103, 0.03748472301944118, 0.6533521819049836]
24300 -1.2420533584742983 0.6568703645021946 0.92 [0.01236751340766291, 0.7662361812912198, 0.5300972654018651, 0.5312990398992519] [0.9076224167411029, 0.15375114344169066, 0.38991538206548265, 0.3887110577517232]
24400 -1.5442675549407103 0.7604620057242555 0.9333333333333333 [0.2586046012446456, 0.7168832205858716, 0.4590274424658484, 0.4321514023703014] [0.6748084416500953, 0.21640328157655964, 0.4742842960721153, 0.5011706473678966]
24500 -1.8505218037212845 1.0015677675362613 0.9466666666666667 [0.5041730734791485, 0.4327361161974644, 0.3702290025453094, 0.5861951411114114] [0.4424914169302521, 0.513966613676749, 0.5764300426159076, 0.3604452601104244]
24600 -1.4559293468890093 0.7941343505636377 0.8933333333333333 [0.5103156135640323, 0.49555957152827945, 0.2733287953026047, 0.5074626862717493] [0.38305889765905116, 0.397799966678955, 0.6203269131946887, 0.38548088913397205]
24700 -1.5197370631805422 0.7392858903874114 0.96 [0.4561735635349672, 0.505308167382929, 0.6247531867676344, 0.3337650823144695] [0.5038280121701401, 0.454687691910877, 0.3352458902484464, 0.6262384056705372]
24800 -1.3282711350453302 0.7195677380190656 0.9066666666666666 [0.420984438797755, 0.6478369503854289, 0.7061890585084204, 0.03832288564172889] [0.4857257227912676, 0.2586850148732078, 0.2005016646373062, 0.8684209310315519]
24900 -1.2080860248214653 0.7210991335803387 0.9733333333333334 [0.5432894286459227, 0.41229663517082565, 0.9531962965185165, 0.03788430633140186] [0.4301142019185502, 0.5609840213482472, 0.02015451652337651, 0.9354139268764944]
25000 -1.200344797329031 0.5877254540041285 0.9066666666666666 [0.6840750037451395, 0.42328332392058765, 0.6798000269276572, 0.026174978739949138] [0.2226767354330332, 0.4833015391982432, 0.226874425228132, 0.8804806334739242]
25100 -1.3881843488909942 0.6709322153810736 0.9333333333333333 [0.5312764471601894, 0.6867678981416409, 0.49827691304720656, 0.15034540831762955] [0.40207782910608225, 0.24651139952631018, 0.43507628092192446, 0.7830011571123499]
25200 -1.77666408909421 0.8712445130559883 0.92 [0.28362363745040053, 0.5563367169198965, 0.3599526296233611, 0.6400870160063422] [0.6364865729257332, 0.3634141294646577, 0.5604483342182589, 0.27965096339135054]
25300 -1.239292676954487 0.6740559053653176 0.96 [0.31212945392564656, 0.5210010450487803, 0.44739749656516825, 0.6394720044604048] [0.6478703206076019, 0.43899962831541606, 0.5126019653465804, 0.32052808573040226]
25400 -1.5275788604366332 0.74865371839248 0.9533333333333334 [0.10970846366879497, 0.9332352356906334, 0.5657192332056274, 0.2980037341016111] [0.8439093802657504, 0.019805532227312572, 0.38757267795093686, 0.655379076222667]
25500 -1.3207141751085094 0.6064800924236056 0.8866666666666667 [0.10474023654305628, 0.8698981819873955, 0.7873296392630312, 0.011365275539849727] [0.7820234133611482, 0.01675803052543027, 0.09932994543595751, 0.8752219440107977]
25600 -1.084420298874551 0.4709325058838272 0.9733333333333334 [0.006330387064874703, 0.953582450519605, 0.37433975733945146, 0.6124140717427364] [0.9670542935657338, 0.01973093378545443, 0.5989687835682534, 0.36091265574722553]
25700 -1.220757607959752 0.6176871425689688 0.92 [0.17820299712993729, 0.8154334351655549, 0.8326304554530816, 0.013733112251426581] [0.7417531966112311, 0.10459910459672427, 0.0873733812124731, 0.9062743175795716]
25800 -1.5079815938486714 0.7244182929486208 0.9333333333333333 [0.22983599526060264, 0.7076165652603839, 0.9129966653903713, 0.016217440755309027] [0.7034769769745737, 0.2257274643313209, 0.020311020857906436, 0.9171512045028658]
25900 -1.8460005253928806 0.9417020946349033 0.9733333333333334 [0.5754539789919807, 0.39667625294252185, 0.9301607281826445, 0.044375706549519535] [0.39802591269674514, 0.5764903364435136, 0.04331943071721796, 0.928830986809189]
26000 -1.4116857637015017 0.6888601092268246 0.9333333333333333 [0.25374080022939044, 0.7091929190116765, 0.8923620414743401, 0.011370905951258314] [0.6791856335927083, 0.22455372252430866, 0.040951595909698615, 0.9219757146399516]
26100 -1.3367179427112459 0.651162551411925 0.96 [0.6830652064600897, 0.2946515896421973, 0.8505582637940092, 0.0917249401037044] [0.27692361470735527, 0.6653535439103812, 0.10941647965985948, 0.8683063617224047]
26200 -1.395793887342586 0.6312088277976716 0.9466666666666667 [0.5413767341997836, 0.34294277488819447, 0.3443284399327658, 0.6646853843125895] [0.4053761544016901, 0.6036061510134866, 0.602330324048827, 0.2820207038693287]
26300 -1.0082317592288608 0.4511595447929636 0.92 [0.3458394962845521, 0.8702636268345619, 0.3035197480546693, 0.32037712882621733] [0.574897278562023, 0.049715549682249595, 0.6157026646645261, 0.5996845070912018]
26400 -1.2633956869427643 0.7089817958682108 0.9066666666666666 [0.2226125869852866, 0.5171314250829836, 0.4093686652462822, 0.6642206560187807] [0.6840268135607029, 0.3895527804327953, 0.49730339386370415, 0.2424503454761312]
26500 -1.2431041700865662 0.5811364978488841 0.8333333333333334 [0.20456645291187195, 0.792717119607847, 0.6271799345802281, 0.04220315956671882] [0.628760492332849, 0.04040415020762613, 0.20709083114667126, 0.7904111929795206]
26600 -0.9854785529453576 0.5192536217113178 0.9266666666666666 [0.011074301373037509, 0.4309707602296667, 0.9146440218772597, 0.4966442498533701] [0.9156153535524874, 0.495650470292714, 0.01291891109351428, 0.4291485983946171]
26700 -1.4855800007828057 0.787832120269332 0.9466666666666667 [0.4364114178591738, 0.5041813829976308, 0.8862422277522942, 0.06649830472423417] [0.5098879207088283, 0.44244634018530093, 0.060108501756821295, 0.8808905706823835]
26800 -1.4966655456360505 0.719395328352014 0.9066666666666666 [0.24096511997041617, 0.8383209886340873, 0.5744526918696126, 0.15959453285921696] [0.6656708823690142, 0.06833116165687392, 0.33218324266424337, 0.747148046643202]
26900 -1.2321110090641494 0.5615834666965074 0.96 [0.7218071119297524, 0.4072373991426922, 0.011615402067970883, 0.7793400868595839] [0.23816772459168273, 0.5527832826574268, 0.9483741436645144, 0.1806748490863761]
27000 -1.8916976688003952 0.887689671115398 0.9666666666666667 [0.2315215868158011, 0.8460434754937816, 0.5454800461858511, 0.3102882248378996] [0.7346300372800443, 0.12466946474048751, 0.4197435138547729, 0.6542903174580287]
27100 -1.5641219833318525 0.8630996671783773 0.9066666666666666 [0.22854441317086138, 0.6825512054492068, 0.6259244340389459, 0.27631328067431915] [0.6771208837540327, 0.22411088175770394, 0.2816523963224366, 0.6304491714991599]
27200 -1.2276401577120317 0.6140156399526009 0.88 [0.5293571952703521, 0.7896248189473706, 0.3500880511375189, 0.09092993464475868] [0.3506081442437311, 0.09028459854051447, 0.5299415078337317, 0.7891657493820229]
27300 -1.4419618076265759 0.647903541979501 0.9066666666666666 [0.5528207137552724, 0.795451153570521, 0.17789736527590608, 0.28716410073163473] [0.35427432742945014, 0.11097278177760131, 0.7283735267797435, 0.6197126973465381]
27400 -1.1873767752379474 0.6425853198464224 0.9733333333333334 [0.14469441567027236, 0.8279526689464609, 0.2084081794534938, 0.7656114025964388] [0.8286323387088965, 0.14538149275286982, 0.7643123507094292, 0.20834048449547107]
27500 -1.6398411240307653 0.8763903753040914 0.96 [0.3911978573378094, 0.5683186966692494, 0.8292017786377877, 0.13128166735515323] [0.5687068855748533, 0.3917638558509347, 0.13079528683087122, 0.8287339717433406]
27600 -1.162396381926434 0.5029043015026264 0.88 [0.785543676742645, 0.2117364654310752, 0.3875694085657311, 0.375150449260549] [0.09420490078188523, 0.6705197127966654, 0.4915615227339469, 0.5037138636875026]
27700 -1.35403171471444 0.6973976716579094 0.96 [0.8226511677468054, 0.33690663669519894, 0.6483130762149137, 0.11212911934308169] [0.1370919885503942, 0.6235947392175508, 0.3116711513912962, 0.8476421208407582]
27800 -1.1061664382820937 0.5012812357560282 0.9733333333333334 [0.8580547338843824, 0.11556036496819466, 0.7672417240550651, 0.20580984375902392] [0.11565053979172878, 0.8574000786168118, 0.20614495314702036, 0.7674710951111053]
27900 -1.3686094375805136 0.6222652264577762 0.9066666666666666 [0.4612105449847433, 0.6264593812785118, 0.5849177492266195, 0.14074565784345897] [0.4446828586452215, 0.28068969150158063, 0.3220180768584909, 0.7659427063280406]
28000 -1.5980998866234117 0.8804465022421986 0.9466666666666667 [0.18659536714392505, 0.8299169690566195, 0.38113621787478885, 0.4956847792579999] [0.7601257199086381, 0.11694735988638477, 0.565508482613212, 0.4507517709250984]
28100 -1.3405534299280133 0.6701140318605171 0.9066666666666666 [0.07464942706722925, 0.8986131203661171, 0.5530359718727587, 0.28703481402722775] [0.8320207599949737, 0.008033080653864334, 0.3535787503066612, 0.6197007423778336]
28200 -1.3925579156325065 0.7257767273758424 0.92 [0.23998848303729056, 0.4540674143080536, 0.8511905256921753, 0.2947535769624793] [0.6801057115240517, 0.4658430881305685, 0.06768324084554325, 0.6263679594998367]
28300 -1.3993333859137895 0.859817429031858 0.96 [0.26153811424271034, 0.6492812346624329, 0.6840804939783028, 0.32510015711655393] [0.6984169213199514, 0.31070729311627904, 0.2755510688952063, 0.6353247166685625]
28400 -1.6152325134611734 0.7430257539364399 0.88 [0.3604049690601111, 0.6127254520377813, 0.44412298843066805, 0.34274659047144024] [0.5195772474161426, 0.26729713494778495, 0.4360509841863734, 0.5370746334496994]
28500 -1.3577364369546046 0.7477657180092003 0.9333333333333333 [0.4037204211837711, 0.5849402017091377, 0.758651683060744, 0.11935436071301365] [0.5296330897381943, 0.34825722113399527, 0.17561890657469761, 0.81315744921978]
28600 -1.9109151801693833 0.9274401078867572 0.96 [0.42522612382804237, 0.5517004623183013, 0.6419096486638936, 0.301163765189762] [0.534845848310502, 0.4081980495232281, 0.3189891264547957, 0.6579669757114747]
28700 -0.9383369141249112 0.4338856214081474 0.9733333333333334 [0.198829571726261, 0.8550028908994831, 0.2857850177085957, 0.6070491863323264] [0.7743648718503248, 0.11838005016171212, 0.6877046751315226, 0.3662170695231082]
28800 -1.3361513441646358 0.6376554459834731 0.92 [0.21152756727254152, 0.8256325535723176, 0.7685621572304739, 0.03427772192466751] [0.7088178614526806, 0.094313254464097, 0.15137699319221642, 0.8854918908910059]
28900 -1.4225484901135272 0.7195029346098926 0.9333333333333333 [0.1951251362292149, 0.7348574173589976, 0.7872756693650095, 0.1494084437134449] [0.7382241990905833, 0.19848766392758035, 0.14604466866126303, 0.7839101349872407]
29000 -1.3804111165546973 0.6923176224430216 0.9066666666666666 [0.46892608232632804, 0.4503565663181424, 0.4423948887594555, 0.45165579592940786] [0.43781416646645216, 0.45605908289568164, 0.46419087088440675, 0.4552692130867935]
29100 -1.4476516110454125 0.7887537818134931 0.9466666666666667 [0.8343649242382516, 0.1224258809169748, 0.4820365189595833, 0.4545060092185231] [0.11228792077558329, 0.8241126889149073, 0.4645427904024159, 0.4923899332404268]
29200 -1.7470463342446998 0.8587929063671802 0.94 [0.19025548296335507, 0.77746028884992, 0.8637855878530873, 0.04849864033363722] [0.7543414465052071, 0.16245045783642298, 0.07252950073144686, 0.890678594926923]
29300 -1.3598695019018556 0.6553773211023061 0.9466666666666667 [0.02069456339995986, 0.9313227306006113, 0.929894708771931, 0.01142133056083127] [0.9259753066847185, 0.01533776209499817, 0.01677308064355645, 0.9352471839100601]
29400 -1.2597068576633144 0.6998124011725041 0.88 [0.4163229790111084, 0.31402415356432306, 0.8189988142400658, 0.2106540531845026] [0.46376205375343527, 0.5660018879982444, 0.061047816944578746, 0.6691882413037419]
29500 -1.3100851178875468 0.6990488265991088 0.9333333333333333 [0.014680212940952906, 0.9210709474734177, 0.7495839874181914, 0.1813315188341046] [0.9178374774251965, 0.013377468280043034, 0.18349205388509485, 0.7519596670763327]
29600 -1.1386088416218556 0.5795981343891968 0.8666666666666667 [0.0889054329490716, 0.7602829844558688, 0.777714244902495, 0.10643067102589746] [0.7777906186704062, 0.10653662417828626, 0.08930781696968208, 0.759698273514959]
29700 -1.4117369472184402 0.7324014369910791 0.9466666666666667 [0.017358854003770043, 0.8651936874907977, 0.9312467402180026, 0.07953405162076295] [0.9292180717797449, 0.08157926687895614, 0.015410223350053875, 0.8671257713245787]
29800 -1.3246893874729357 0.6445575023280884 0.9066666666666666 [0.6339308173132088, 0.37696214488710916, 0.2847977239316448, 0.5176426472013704] [0.2727026800890394, 0.529683699897073, 0.6218713100710872, 0.3890756432761334]
29900 -1.360565546743298 0.6920320260293756 0.92 [0.42110132518881205, 0.4123205376393724, 0.43018438927739644, 0.5763937478944186] [0.4989036105363337, 0.5077556102564691, 0.48981145149696165, 0.3435293277102349]
30000 -1.5426888128214458 0.780485298912129 0.9466666666666667 [0.12698917549316724, 0.8204636230414651, 0.5008235422255057, 0.4450569925731949] [0.8197986308740496, 0.1260958162118987, 0.44696853478944754, 0.5004703514579377]
