step Ek EV sign nup ndn
100 -1.2219504937802503 0.6413737175108275 0.86 [0.40983293219784894, 0.7495272536181371, 0.4963073923084847, 0.06433242187552962] [0.44989714598216873, 0.11078334906262562, 0.36396205894168093, 0.7953574460135244]
200 -1.5541163146934343 0.7361951764008872 0.9333333333333333 [0.3116324561487476, 0.6243621647308133, 0.8996390581707046, 0.031032987616401945] [0.6217008771845859, 0.3089711686025207, 0.03369427516262861, 0.9023003457169316]
300 -0.8510700046946303 0.3922187771899201 0.82 [0.5062015011817141, 0.8116903109438256, 0.31475285796171637, 0.0073553299127436115] [0.31379849881828564, 0.008309689056174218, 0.5052471420382837, 0.812644670087256]
400 -1.8557605414375542 0.8851075005273479 0.9533333333333334 [0.44697089938444096, 0.5769044725426242, 0.42762616145535143, 0.4551651332842504] [0.5063624339488922, 0.3764288607907094, 0.5257071718779822, 0.49816820004908297]
500 -1.724629712868864 0.9172560774380942 0.88 [0.85018893418182, 0.44156162567861573, 0.053463815729275305, 0.41478562441028877] [0.02981106581817988, 0.4384383743213845, 0.8265361842707251, 0.4652143755897111]
600 -1.5095222016675243 0.7527276931099248 0.9266666666666666 [0.27462631416995265, 0.5928680485515403, 0.23969334088216465, 0.746145629729675] [0.6520403524967143, 0.3337986181151266, 0.6869733257845019, 0.18052103693699098]
700 -1.0757001035704037 0.6428694913905523 0.8733333333333333 [0.8588355055209337, 0.49015466724015766, 0.010461970679491155, 0.387214523226084] [0.014497827812399819, 0.3831786660931757, 0.862871362653842, 0.48611881010724983]
800 -1.3432658594949796 0.68085120687809 0.96 [0.11274964358468599, 0.8483703320348329, 0.7445089020676083, 0.2143711223128724] [0.8472503564153134, 0.11162966796516673, 0.21549109793239155, 0.7456288776871276]
900 -1.2553414224981834 0.6117366758974697 0.9266666666666666 [0.03550126816635164, 0.9109508579459031, 0.7399068686704457, 0.16697433855063284] [0.8911653985003155, 0.01571580872076374, 0.18675979799622056, 0.7596923281160343]
1000 -1.5358870263122157 0.745163566228883 0.9266666666666666 [0.09682742588213046, 0.8297413917489558, 0.1396679738761138, 0.7870965418261331] [0.8298392407845366, 0.09692527491771089, 0.7869986927905522, 0.1395701248405336]
1100 -1.226452021724668 0.5824985377335992 0.9533333333333334 [0.45411635270905604, 0.4993915765262191, 0.7717945425639658, 0.1813641948674265] [0.49921698062427794, 0.4539417568071146, 0.18153879076936802, 0.7719691384659074]
1200 -1.5065419388039274 0.6744890807238956 0.8466666666666667 [0.2013411824791028, 0.7523846317909795, 0.6490182867376506, 0.09058923232560119] [0.6453254841875639, 0.09428203487568712, 0.19764837992901688, 0.7560774343410653]
1300 -1.442527486737162 0.7404459681357768 0.8866666666666667 [0.08736684457147421, 0.8714739470840773, 0.8052596301819198, 0.009232911495861742] [0.799299822095192, 0.015192719582589182, 0.08140703648474674, 0.8774337551708049]
1400 -1.3132712012836096 0.7128431319042403 0.9266666666666666 [0.07855485616035685, 0.8528299720746979, 0.43416803327208003, 0.4877804718261976] [0.8481118105063101, 0.07383669459196829, 0.4924986333945863, 0.4388861948404687]
1500 -1.0848101553909564 0.5661217848779109 0.8866666666666667 [0.031713010143603046, 0.7349737519217567, 0.712858020048068, 0.29378855121990555] [0.8549536565230637, 0.1516929147449096, 0.17380864661859893, 0.5928781154467612]
1600 -1.3337688760896502 0.6502596051510589 0.9666666666666667 [0.05530014074492574, 0.9557942107107861, 0.6203240468598344, 0.3019149350177868] [0.911366525921741, 0.010872455955880298, 0.346342619806832, 0.6647517316488801]
1700 -1.5806714991229935 0.7801033357175173 0.9266666666666666 [0.30649603293602967, 0.649335263590092, 0.3258928466136845, 0.5716091901935262] [0.6201706337306362, 0.2773314030765739, 0.6007738200529824, 0.3550574764731405]
1800 -1.8056599728353695 0.8234450845792839 0.8866666666666667 [0.49998484491578277, 0.5981978866198278, 0.3028640972431616, 0.37228650455456147] [0.38668182175088395, 0.2884687800468389, 0.5838025694235053, 0.5143801621121052]
1900 -2.2370851700074974 1.269387313803748 0.9466666666666667 [0.1365107018526922, 0.7571017765451531, 0.5077896898465448, 0.4919311650889434] [0.8101559648139744, 0.18956489012151362, 0.4388769768201222, 0.4547355015777233]
2000 -1.1776608184496449 0.7073442479867744 0.9666666666666667 [0.6253165739731575, 0.3562099779823961, 0.940702636357463, 0.011104145020315473] [0.3413500926935091, 0.6104566886842707, 0.025964030309202513, 0.9555625216463511]
2100 -1.4782100622257555 0.7558190720961419 0.86 [0.24456777097125912, 0.5824623155113152, 0.6183445120848283, 0.2746254014325971] [0.6154322290287412, 0.27753768448868466, 0.2416554879151713, 0.585374598567403]
2200 -1.6848761514067527 0.8410501318505352 0.92 [0.11008082538531427, 0.7670818473071596, 0.7034507873311632, 0.25938653997636285] [0.8099191746146852, 0.1529181526928398, 0.2165492126688372, 0.6606134600236377]
2300 -1.6529588257430299 0.837211128870171 0.8733333333333333 [0.8629348483328747, 0.3369311473997579, 0.2371826473050918, 0.30961802362894286] [0.010398485000459, 0.5364021859335754, 0.6361506860282411, 0.5637153097043912]
2400 -1.1302943804034058 0.5686151260151835 0.8866666666666667 [0.4122638912534645, 0.8768572461603228, 0.3494329555641606, 0.13477924035538508] [0.4744027754132019, 0.009809420506344145, 0.5372337111025058, 0.7518874263112817]
2500 -1.6189809283195162 0.8168503804113186 0.98 [0.7861297297253992, 0.22792478721095277, 0.7261972903913549, 0.21974819267229317] [0.19387027027460044, 0.7520752127890472, 0.2538027096086454, 0.7602518073277069]
2600 -1.5622008818164714 0.822119216102057 0.9533333333333334 [0.0737533123397564, 0.8801185854461001, 0.2529226924346136, 0.699872076446196] [0.8795800209935773, 0.0732147478872327, 0.7004106408987198, 0.2534612568871374]
2700 -1.7705176306574868 0.8466382292038673 0.94 [0.13323138085300892, 0.9205076090175847, 0.6861272476970423, 0.1401337624323633] [0.8067686191469915, 0.01949239098241423, 0.25387275230295797, 0.7998662375676369]
2800 -1.4760526534588774 0.7108399953791585 0.86 [0.4937700355823918, 0.7139587687736599, 0.29994608408319146, 0.21232511156075662] [0.36622996441760836, 0.14604123122633986, 0.5600539159168084, 0.6476748884392437]
2900 -1.5805605481393303 0.789845178884988 0.9066666666666666 [0.05927386693686512, 0.808018184232485, 0.895080899275874, 0.050960382888109376] [0.8473927997298017, 0.09864848243418181, 0.011585767390792614, 0.8557062837785575]
3000 -1.6161368966204805 0.8601732145073246 0.9333333333333333 [0.023468263153212973, 0.8654570335114506, 0.9089371728411715, 0.06880419716083104] [0.9098650701801206, 0.06787629982188248, 0.024396160492161353, 0.8645291361725028]
3100 -1.313110708376196 0.6640365684445787 0.96 [0.5083864329980033, 0.35928019200270245, 0.9516483707553374, 0.1006850042439568] [0.451613567001997, 0.6007198079972974, 0.008351629244662331, 0.8593149957560425]
3200 -1.5084436132818198 0.7842687489804739 0.96 [0.20648539674809435, 0.7534676127246477, 0.6657872767404982, 0.2942597137867605] [0.7535146032519063, 0.20653238727535295, 0.2942127232595023, 0.665740286213239]
3300 -1.4459687212174455 0.7306559327877143 0.92 [0.5862736203136488, 0.27917733657535015, 0.21941551882331714, 0.7551335242876843] [0.33372637968635144, 0.6408226634246503, 0.7005844811766825, 0.16486647571231577]
3400 -1.566163866162082 0.7404505758612053 0.9466666666666667 [0.29356585954076936, 0.9025281495447892, 0.625557687575566, 0.07168163667220916] [0.6531008071258972, 0.0441385171218778, 0.3211089790911007, 0.8749850299944575]
3500 -1.505198347116074 0.7654622904395763 0.8533333333333334 [0.11647376053986963, 0.6025818898255457, 0.7966519219647513, 0.19095909433649982] [0.7368595727934636, 0.25075144350778755, 0.056681411368581645, 0.6623742389968338]
3600 -1.4373313638754355 0.8362629598999963 0.92 [0.4174105863412257, 0.6146432704522676, 0.5194931104071389, 0.2884530327993671] [0.502589413658774, 0.30535672954773213, 0.40050688959286085, 0.6315469672006332]
3700 -1.5061508066466163 0.7041111653721288 0.9866666666666667 [0.025322325836796663, 0.9261409551115888, 0.9742729835469487, 0.047597068837997816] [0.96134434082987, 0.060525711555077126, 0.012393683119717148, 0.9390695978286688]
3800 -1.922418135682815 0.8728759746080269 0.9333333333333333 [0.4191514011894642, 0.5191932609009187, 0.8355471584229731, 0.09277484615331] [0.5141819321438699, 0.41414007243241446, 0.09778617491035932, 0.840558487180023]
3900 -1.4200027859930475 0.7261874703831119 0.96 [0.3437533791739055, 0.6485964830864184, 0.797977084780557, 0.12967305295911918] [0.6162466208260949, 0.31140351691358154, 0.16202291521944315, 0.830326947040881]
4000 -1.7366083755774324 0.8344741648946874 0.8933333333333333 [0.32542420152198853, 0.7950567376509525, 0.5893810415278803, 0.07680468596584546] [0.5679091318113456, 0.0982765956823808, 0.3039522918054529, 0.8165286473674875]
4100 -1.6055000433189779 0.8256293118523486 0.9466666666666667 [0.16322110891146904, 0.8960363143381816, 0.8191303462380118, 0.014945563845671955] [0.783445557755198, 0.05063035232848524, 0.12753632042865565, 0.931721102820996]
4200 -1.1867131401955193 0.582986594664785 0.96 [0.2362243840980951, 0.7232589520152539, 0.9438096760029993, 0.016706987883651145] [0.7237756159019053, 0.23674104798474593, 0.016190323997000107, 0.9432930121163488]
4300 -1.4462748135920138 0.6853813499615743 0.9066666666666666 [0.7096259011477722, 0.11955895476156968, 0.20182990349218807, 0.7823185739318029] [0.1970407655188945, 0.7871077119050965, 0.7048367631744783, 0.12434809273486364]
4400 -1.3971661170320937 0.7498138058449808 0.8933333333333333 [0.635580025307421, 0.2080575724566945, 0.24596681780762922, 0.6970622510949219] [0.2577533080259122, 0.6852757608766388, 0.6473665155257041, 0.19627108223841178]
4500 -1.346661864526265 0.7361852407209246 1.0 [0.030758675826377882, 0.9743247295542699, 0.6508923255827809, 0.3440242690365708] [0.9692413241736225, 0.025675270445729714, 0.3491076744172185, 0.6559757309634294]
4600 -1.6405649564237517 0.8315346215685225 0.96 [0.06927736966768472, 0.9426305261668211, 0.8899784900235701, 0.018113614141923258] [0.8907226303323148, 0.017369473833178745, 0.07002150997642907, 0.941886385858076]
4700 -1.5884186637168232 0.776606702985396 0.9133333333333333 [0.2030710673155468, 0.7143735236929719, 0.9000997048539093, 0.0091223708042391] [0.7102622660177861, 0.19895980964036136, 0.013233628479424268, 0.9042109625290938]
4800 -1.2272398404269067 0.6174920818801165 0.86 [0.34028142294395297, 0.4512933189377001, 0.5167758225151337, 0.4116494356032133] [0.5197185770560472, 0.4087066810622993, 0.34322417748486644, 0.448350564396787]
4900 -1.768951460490907 0.8923389332120432 0.9466666666666667 [0.2869041910707505, 0.5919146375613835, 0.742437697461952, 0.2720768072392477] [0.6597624755959162, 0.3547520291052836, 0.2042289692047148, 0.6745898594274188]
5000 -1.2059606580642965 0.5849888456371439 0.9066666666666666 [0.5804948505889849, 0.3197612225989317, 0.31978503712608597, 0.5932922230193312] [0.3261718160776817, 0.5869054440677349, 0.5868816295405809, 0.31337444364733613]
5100 -1.3982451913243745 0.6958657902832005 0.9866666666666667 [0.8169557847101214, 0.16732212551060055, 0.016880090299508915, 0.9721753328131024] [0.16971088195654502, 0.8193445411560659, 0.9697865763671569, 0.014491333853564508]
5200 -1.4286696073339975 0.7359014432072973 0.8933333333333333 [0.024967703662716563, 0.8104014486687149, 0.6060506983660152, 0.3452468159692206] [0.8683656296706171, 0.08293188466461891, 0.28728263496731826, 0.548086517364113]
5300 -1.7189231913880323 0.9293167845752651 0.9133333333333333 [0.6650415393022623, 0.38603321238875227, 0.19835638837978883, 0.5772355265958627] [0.24829179403107124, 0.5273001209445809, 0.7149769449535442, 0.3360978067374711]
5400 -1.439433830872573 0.8517859009822674 0.8733333333333333 [0.0507693115440677, 0.7330696688627675, 0.8023658848974321, 0.1604618013623998] [0.8225640217892654, 0.14026366447056618, 0.07096744843590129, 0.7128715319709334]
5500 -1.6731103636656741 0.8133803133505696 0.9333333333333333 [0.17152893998009358, 0.7933813815823417, 0.4199867081446017, 0.48176963695962866] [0.7618043933532392, 0.13995195175099095, 0.5133466251887316, 0.4515636963737045]
5600 -1.9131430515256624 0.968582795700324 0.9266666666666666 [0.7280894479661746, 0.45464811997561705, 0.3735130660617726, 0.2970826993297695] [0.1985772187004925, 0.47201854669104953, 0.5531536006048939, 0.6295839673368973]
5700 -1.1109633743275624 0.5868580080460353 0.88 [0.8698814914008884, 0.34192265667785365, 0.010138253010253208, 0.5380575989110049] [0.010118508599111854, 0.5380773433221459, 0.8698617469897463, 0.3419424010889954]
5800 -1.6138959115064004 0.8020714666118036 0.9133333333333333 [0.6342172270341601, 0.4112797510325138, 0.3830511657489744, 0.3981185228510178] [0.2791161062991725, 0.5020535823008198, 0.5302821675843584, 0.5152148104823155]
5900 -1.2856796127587455 0.5983698747909417 0.9466666666666667 [0.22028551685274872, 0.7263764900852995, 0.7545189630739512, 0.1921523633213347] [0.7263811498139178, 0.22029017658136676, 0.19214770359271674, 0.754514303345332]
6000 -1.7137681298118987 0.8959609097569418 0.8933333333333333 [0.4262368760564712, 0.3638189220162767, 0.5309674460437854, 0.46564342255013297] [0.4670964572768622, 0.5295144113170565, 0.3623658872895475, 0.4276899107832002]
6100 -2.0874025917728867 0.9569543783370361 0.9333333333333333 [0.9234634450819927, 0.19539918427572697, 0.13795523940401422, 0.6098487979049333] [0.009869888251340947, 0.7379341490576065, 0.795378093929319, 0.3234845354284007]
6200 -1.1065513010329733 0.5095732862426281 0.9866666666666667 [0.11267452353989064, 0.8734744702163939, 0.5980876716084208, 0.38909666796862813] [0.8739921431267756, 0.11319219645027244, 0.3885789950582463, 0.5975699986980388]
6300 -1.219253959992222 0.6582403385231634 0.8266666666666667 [0.5235029882973384, 0.26649420259941553, 0.2756795988760051, 0.5876565435605734] [0.3031636783693275, 0.5601724640672509, 0.5509870677906612, 0.23901012310609318]
6400 -1.4789234888141656 0.7197407201184957 0.8666666666666667 [0.34039081006891314, 0.522906508293798, 0.5359558329367035, 0.3340801820339183] [0.5262758565977537, 0.34376015837286844, 0.33071083372996285, 0.5325864846327486]
6500 -1.4286337177025532 0.8413930245114066 0.9 [0.019599851843963328, 0.8521611129799133, 0.7847328759208468, 0.14350615925527527] [0.8804001481560366, 0.047838887020086034, 0.11526712407915234, 0.7564938407447254]
6600 -1.692565867888536 0.7934822905397626 0.9533333333333334 [0.17890053134901035, 0.7736243037260028, 0.1830910186734064, 0.7710508129182467] [0.7744328019843227, 0.17970902960733026, 0.7702423146599265, 0.1822825204150864]
6700 -1.5824057732001293 0.8054385369106003 0.96 [0.2111413742020117, 0.7487565719723525, 0.5791911004911431, 0.3809109533344928] [0.748858625797988, 0.21124342802764698, 0.3808088995088566, 0.5790890466655074]
6800 -1.3188537718913453 0.6887629482778018 0.92 [0.5471045232224662, 0.3521182466167297, 0.9116100762209757, 0.02916715393982873] [0.3728954767775339, 0.5678817533832705, 0.008389923779024522, 0.8908328460601715]
6900 -1.5825565221469788 0.8440994486469546 0.92 [0.7407265377636545, 0.17824184185407174, 0.13595248273314114, 0.7850791376491322] [0.1792734622363456, 0.7417581581459282, 0.7840475172668588, 0.13492086235086756]
7000 -1.8246166309088387 0.8891692907267524 0.96 [0.15967656240949724, 0.8002766959605924, 0.8066855664568353, 0.15336117517307601] [0.8003234375905024, 0.15972330403940818, 0.15331443354316474, 0.8066388248269245]
7100 -1.427953206920975 0.7829162879136428 0.9866666666666667 [0.6081373230077832, 0.37900134524105783, 0.8189418794522574, 0.16725278563223547] [0.37852934365888313, 0.6076653214256087, 0.16772478721440987, 0.8194138810344314]
7200 -1.4011590204343107 0.672015669188926 0.8866666666666667 [0.0638754756569212, 0.8273964436272607, 0.5983698641973917, 0.28369154985175976] [0.8227911910097452, 0.059270223039405455, 0.2882968024692754, 0.6029751168149068]
7300 -1.7238515845977436 0.8527109936510895 0.9266666666666666 [0.4529934180701872, 0.34962879914402845, 0.5180886379430253, 0.5326224781760923] [0.47367324859647925, 0.5770378675226386, 0.4085780287236415, 0.3940441884905745]
7400 -1.753086756900124 0.9492856464133852 0.8733333333333333 [0.375843915195083, 0.7333472557562182, 0.5044482914719275, 0.13302720424343795] [0.4974894181382502, 0.13998607757711493, 0.3688850418614058, 0.7403061290898951]
7500 -1.355980516661578 0.6425749899548007 0.9 [0.23267058703509733, 0.7091850209284262, 0.6684579702354528, 0.189686421801023] [0.667329412964903, 0.19081497907157347, 0.23154202976454694, 0.7103135781989774]
7600 -1.7129548606757494 0.8566894996925133 0.9266666666666666 [0.023651104584291743, 0.813152378107758, 0.7191601762603439, 0.2973696743809406] [0.9030155620823748, 0.11351428855890859, 0.2075064904063236, 0.6292969922857261]
7700 -1.900575371215436 0.8182225174176506 0.8533333333333334 [0.4874675069953357, 0.3354048458403735, 0.2842091518390676, 0.5995851619918897] [0.3658658263379975, 0.5179284874929594, 0.5691241814942659, 0.2537481713414435]
7800 -1.7908796020642597 0.8294328803914374 0.9266666666666666 [0.5756689856673699, 0.6228961063427099, 0.09229628830540378, 0.5624719530178498] [0.35099768099929646, 0.30377056032395744, 0.834370378361263, 0.36419471364881684]
7900 -1.3751379872401757 0.692103473204141 0.9333333333333333 [0.5728355508542653, 0.5522258127616474, 0.07314558374093384, 0.6684597193098193] [0.3604977824790678, 0.3811075205716853, 0.8601877495923996, 0.2648736140235137]
8000 -1.4968128889414145 0.7761867122955303 0.9466666666666667 [0.06980541077701824, 0.9275101393511193, 0.8413655424958012, 0.05465224070939456] [0.8768612558896485, 0.019156527315547615, 0.10530112417086505, 0.892014425957273]
8100 -1.3907430186989382 0.6963487511562437 0.9466666666666667 [0.3117992675458447, 0.6834089378486466, 0.8349612986659622, 0.06316382927287953] [0.6348673991208216, 0.26325772881801973, 0.11170536800070456, 0.8835028373937869]
8200 -1.993589496517286 1.0442466955583094 0.92 [0.7878495811291427, 0.1275628640492026, 0.3351033848805032, 0.5894841699411509] [0.13215041887085696, 0.7924371359507973, 0.5848966151194963, 0.33051583005884894]
8300 -1.6645934333275045 1.0274417817395305 0.8933333333333333 [0.3270004310032793, 0.5142471544631086, 0.6619220357650539, 0.2834970454352254] [0.5663329023300543, 0.3790861788702248, 0.2314112975682796, 0.6098362878981082]
8400 -1.6082606810209057 0.8199187674324921 0.9333333333333333 [0.04074582777721561, 0.8960071659212565, 0.919005680071271, 0.01090799289692346] [0.8925875055561175, 0.03732616741207656, 0.014327653262062411, 0.92242534043641]
8500 -1.6022353201404678 0.7636127588396489 0.9333333333333333 [0.6991749842632297, 0.21434338358517305, 0.12893987497391346, 0.8242084238443501] [0.23415834907010363, 0.71898994974816, 0.8043934583594198, 0.10912490948898286]
8600 -1.4462383509994423 0.7581543763357862 0.96 [0.7742532553949575, 0.19312817659508427, 0.5662035561447732, 0.38641501186518495] [0.18574674460504273, 0.7668718234049154, 0.3937964438552269, 0.5735849881348152]
8700 -1.5125518600305898 0.7324733516494556 0.9733333333333334 [0.029872110013114017, 0.9086924815238827, 0.9204855093251251, 0.08761656580454502] [0.943461223320219, 0.06464085180945134, 0.052847824008207554, 0.8857167675287889]
8800 -1.3241523671472952 0.6907541299763851 0.96 [0.12657907403966645, 0.8171607517158247, 0.3784480126081249, 0.5978121616363841] [0.8334209259603331, 0.14283924828417557, 0.5815519873918743, 0.3621878383636157]
8900 -1.4563478293643515 0.8334599738908491 0.88 [0.08037419489267261, 0.7038259472124111, 0.7476624304382876, 0.22813742745662868] [0.7996258051073272, 0.17617405278758846, 0.13233756956171278, 0.6518625725433711]
9000 -1.346548183289871 0.6841935475236334 0.8933333333333333 [0.6724945589035293, 0.40845898917792006, 0.21652181810370025, 0.48919130048151677] [0.22083877442980412, 0.48487434415541314, 0.6768115152296332, 0.40414203285181616]
9100 -1.1937013664170117 0.5590045599771929 0.9066666666666666 [0.007162081265088031, 0.5489428571936994, 0.807403180760481, 0.4498252141140645] [0.8995045854015782, 0.3577238094729672, 0.09926348590618538, 0.45684145255260183]
9200 -1.3700500084555973 0.6503859882528695 0.96 [0.0341605723537992, 0.8803334409475823, 0.9494164094617882, 0.0560895772368309] [0.9258394276462004, 0.07966655905241803, 0.010583590538211932, 0.9039104227631691]
9300 -1.2809028151933488 0.693967015577887 0.9866666666666667 [0.8666957989311853, 0.12051228944082709, 0.977318256920217, 0.008806988041104146] [0.11997086773548103, 0.8661543772258398, 0.009348409746450174, 0.9778596786255617]
9400 -2.0848330156997688 1.0101355570924673 0.94 [0.2426038137494478, 0.7946781468571228, 0.717406747708336, 0.12531129168509364] [0.6973961862505527, 0.1453218531428772, 0.22259325229166388, 0.8146887083149059]
9500 -1.3471354260500412 0.7438971408430928 0.94 [0.7334355596199982, 0.3303538912037177, 0.5524355787171207, 0.2637749704591635] [0.20656444038000135, 0.6096461087962826, 0.3875644212828791, 0.6762250295408371]
9600 -1.6306727973609028 0.8218839314750741 0.9466666666666667 [0.1953091144319864, 0.7537495784543511, 0.6297917761035133, 0.31448286434348227] [0.75135755223468, 0.19291708821231493, 0.31687489056315365, 0.6321838023231844]
9700 -1.6327458853065977 0.7753481094317284 0.9466666666666667 [0.5821464223447611, 0.4378208586445578, 0.7153270542848459, 0.15803899805916938] [0.36452024432190666, 0.5088458080221084, 0.2313396123818211, 0.7886276686074976]
9800 -1.1498689459779334 0.6090998485718965 0.8133333333333334 [0.700435195346278, 0.46078278255330685, 0.21168627826137407, 0.2537624105057083] [0.1128981379870559, 0.3525505507800266, 0.60164705507196, 0.5595709228276252]
9900 -1.3413895177967206 0.7642874201127036 0.9333333333333333 [0.34981927458856843, 0.8392092878101007, 0.6682813568657547, 0.009356747402242706] [0.5835140587447649, 0.0941240455232327, 0.26505197646757844, 0.9239765859310908]
10000 -1.7243995893365052 0.8655417230152752 0.8666666666666667 [0.46870337267267503, 0.40264881526145513, 0.31466457448791646, 0.5473165709112859] [0.39796329399399166, 0.46401785140521135, 0.5520020921787502, 0.31935009575538065]
10100 -1.3594685663667272 0.6616965121583258 0.9866666666666667 [0.8661137046699783, 0.11167162399160172, 0.682947899972924, 0.31260010469882893] [0.12055296199668822, 0.8749950426750648, 0.30371876669374254, 0.6740665619678378]
10200 -1.8862073947836089 1.008445652645388 0.9333333333333333 [0.7634430376935801, 0.36156219126624717, 0.4667682997483326, 0.2748931379585072] [0.1698902956397532, 0.5717711420670862, 0.4665650335850008, 0.6584401953748269]
10300 -1.7074642977504164 0.9048663217723241 0.96 [0.04125004233114107, 0.9254795764290532, 0.7862482015605176, 0.16702217967928915] [0.9187499576688595, 0.03452042357094702, 0.17375179843948296, 0.7929778203207106]
10400 -1.8817193919517592 1.0091825748039327 0.98 [0.408129691457846, 0.6346147014083027, 0.4414513837122729, 0.4758042234215781] [0.5718703085421546, 0.3453852985916966, 0.5385486162877273, 0.5041957765784214]
10500 -1.4165787846058866 0.7148114622819428 0.9533333333333334 [0.14038411764949107, 0.5966751834086388, 0.8180772568435184, 0.3515301087650189] [0.8129492156838417, 0.35665814992469463, 0.1352560764898151, 0.6018032245683144]
10600 -1.3272104892425483 0.633324568144067 0.96 [0.12906298815106867, 0.8320439983843702, 0.9474520874972516, 0.011440925967309591] [0.8309370118489305, 0.12795600161563003, 0.012547912502748105, 0.9485590740326908]
10700 -1.3748818715583466 0.628310683520901 0.86 [0.43586208907508367, 0.6549391644403952, 0.5850600488328666, 0.04413869765165456] [0.42413791092491593, 0.20506083555960514, 0.2749399511671334, 0.8158613023483453]
10800 -1.4652512417097285 0.7314018188121467 0.8866666666666667 [0.24844541533925593, 0.8323750246879514, 0.44867187676870884, 0.2438410165374172] [0.6382212513274115, 0.054291641978715624, 0.43799478989795715, 0.6428256501292502]
10900 -1.2449069499311416 0.6687665270688247 0.8666666666666667 [0.46554856160723185, 0.6743782893411165, 0.34634559913633356, 0.24706088324865144] [0.40111810505943485, 0.19228837732555024, 0.5203210675303332, 0.6196057834180156]
11000 -1.4854833329180126 0.7808630893388171 0.9066666666666666 [0.15897232247233822, 0.8274062705514862, 0.7877480540155617, 0.03920668629394825] [0.7476943441943283, 0.07926039611518054, 0.11891861265110577, 0.8674599803727188]
11100 -1.590659735993815 0.7326464409729275 0.9133333333333333 [0.22280499747507132, 0.6770003458121312, 0.8644609168546767, 0.06240040652478842] [0.6905283358582622, 0.2363329875212029, 0.048872416478657074, 0.8509329268085449]
11200 -1.9917562643441356 0.9434072361624368 0.9533333333333334 [0.1135128574844016, 0.814946275271711, 0.8848014657331248, 0.09340606817742866] [0.8398204758489316, 0.13838705806162238, 0.06853186760020807, 0.8599272651559049]
11300 -1.8222993776910437 0.943932092686223 0.94 [0.041109342227673006, 0.7606589571146988, 0.8046931624703428, 0.2735385381872858] [0.8988906577723276, 0.1793410428853011, 0.13530683752965736, 0.666461461812715]
11400 -1.3982185870208828 0.7295226007969686 0.8866666666666667 [0.3060103061448286, 0.8134918964349347, 0.6381942716719382, 0.015636859081631413] [0.5806563605218378, 0.0731747702317317, 0.2484723949947283, 0.8710298075850358]
11500 -1.6333327289075232 0.7982326901155623 0.9466666666666667 [0.43886221415012083, 0.6694253877596841, 0.7708298149297945, 0.014215916493733832] [0.5078044525165458, 0.2772412789069827, 0.17583685173687155, 0.9324507501729331]
11600 -1.6073450702513161 0.8996011724147286 0.9466666666666667 [0.4218454811300623, 0.5492860549681414, 0.38160801011273304, 0.5405937871223971] [0.5248211855366044, 0.3973806116985253, 0.5650586565539342, 0.4060728795442697]
11700 -1.1217870523719589 0.5399849849501266 0.9333333333333333 [0.2902652788134685, 0.6442900620134978, 0.24880035009867896, 0.6833109757410211] [0.6430680545198645, 0.2890432713198356, 0.684532983234654, 0.2500223575923123]
11800 -1.1091072108958953 0.4852111072977876 0.9466666666666667 [0.006279675305471758, 0.7996693544148048, 0.2798803219099427, 0.8075039817031145] [0.9403869913611947, 0.14699731225186205, 0.6667863447567238, 0.13916268496355233]
11900 -1.6274985568675835 0.8378814335586953 0.9533333333333334 [0.014885914777042002, 0.6540557231199009, 0.9038630736669594, 0.33386195510276445] [0.9384474185562904, 0.29927761021343247, 0.04947025966637374, 0.6194713782305691]
12000 -1.2464509887984636 0.6403729954751906 0.8733333333333333 [0.1528225600542013, 0.8594643611511954, 0.41411532137898793, 0.32026442408228184] [0.7205107732791316, 0.013868972182137552, 0.4592180119543455, 0.5530689092510518]
12100 -1.9779746133167506 1.033403717790127 0.96 [0.09056545691428568, 0.893303961220449, 0.763141376402782, 0.17298920546248392] [0.869434543085714, 0.06669603877955119, 0.19685862359721823, 0.7870107945375164]
12200 -1.0546489691841707 0.5465073470352114 0.9133333333333333 [0.5130687840039998, 0.9023849457262116, 0.3732441291967937, 0.0379688077396618] [0.4002645493293334, 0.010948387607121874, 0.5400892041365395, 0.8753645255936707]
12300 -1.2311509774357527 0.7420850345523697 0.84 [0.2625517641988509, 0.5631119734891595, 0.7226230807842492, 0.13171318152773978] [0.5774482358011493, 0.2768880265108402, 0.11737691921575057, 0.7082868184722602]
12400 -1.365593570355264 0.7459691033357221 0.9 [0.2636848977520635, 0.8852617399837093, 0.6313561480765797, 0.019697214187648488] [0.6363151022479372, 0.014738260016291083, 0.2686438519234203, 0.880302785812352]
12500 -1.7333570152099507 0.7761610139791546 0.9866666666666667 [0.2711085890938774, 0.7151269936997625, 0.6702381526248529, 0.3168595979148403] [0.7155580775727894, 0.2715396729669042, 0.3164285140418137, 0.6698070687518263]
12600 -1.7401816821706606 0.864220420947514 0.94 [0.6342281106499903, 0.28443763629158575, 0.32538111663969704, 0.6359531364187264] [0.3057718893500094, 0.6555623637084139, 0.6146188833603028, 0.30404686358127336]
12700 -2.006689656630101 1.0401412327756085 0.9933333333333333 [0.38810291847357153, 0.6016819269694671, 0.8547099076969321, 0.14217191352669473] [0.6052304148597617, 0.39165140636386575, 0.1386234256364004, 0.8511614198066384]
12800 -1.5988766130418208 0.7954554891117167 0.9733333333333334 [0.10938002458288736, 0.8771220880350016, 0.6530240537091849, 0.3071405003395932] [0.8639533087504456, 0.0962112452983322, 0.320309279624148, 0.6661928329937403]
12900 -1.6335347093812522 0.8242644159385697 0.9466666666666667 [0.11527544375421961, 0.9317871031772234, 0.7411757741605487, 0.10509501224134156] [0.8313912229124469, 0.014879563489443238, 0.20549089250611777, 0.8415716544253253]
13000 -1.5732081203355537 0.7350693084937476 0.9333333333333333 [0.32232725821708175, 0.6478783685099898, 0.3838488587803095, 0.5126121811592856] [0.6110060751162513, 0.2854549648233437, 0.5494844745530232, 0.42072115217404743]
13100 -1.8066047327398984 0.9001591294733419 0.9333333333333333 [0.3518164588189714, 0.41968301691832666, 0.9038295611437567, 0.1913376297856127] [0.5815168745143616, 0.5136503164150065, 0.029503772189577417, 0.7419957035477209]
13200 -1.453185148170414 0.8107308697816109 0.9066666666666666 [0.17563065050958693, 0.8923918708194625, 0.5721327448249187, 0.1731780671793657] [0.7310360161570798, 0.014274795847204173, 0.3345339218417482, 0.7334885994873008]
13300 -2.0556505910107594 1.0200632644974237 0.9133333333333333 [0.4328541928559428, 0.5122177533867653, 0.6913261729277126, 0.19026854749624617] [0.4804791404773908, 0.40111557994656827, 0.22200716040562085, 0.7230647858370867]
13400 -2.0531574136236634 1.0570888993071696 0.9133333333333333 [0.5336713675224596, 0.4457562666498687, 0.24407815396658358, 0.6031608785277546] [0.3796619658108733, 0.46757706668346427, 0.6692551793667496, 0.31017245480557903]
13500 -1.773574946060595 0.8462934963737598 0.8933333333333333 [0.296819522187865, 0.6484858431641866, 0.4991639105027136, 0.3421973908119014] [0.5965138111454684, 0.24484749016914714, 0.39416942283061923, 0.5511359425214315]
13600 -1.2697937454549624 0.622589234267929 0.92 [0.4938358266906941, 0.3676574118837794, 0.427450570409524, 0.5510561910160025] [0.4261641733093063, 0.5523425881162206, 0.4925494295904766, 0.36894380898399703]
13700 -1.5626476043158903 0.9958178045461988 0.8866666666666667 [0.5712132268250446, 0.053566313467700466, 0.4521627098008686, 0.6963910832397197] [0.3154534398416222, 0.8331003531989666, 0.4345039568657978, 0.1902755834269472]
13800 -1.4466101121560657 0.7950864018917118 0.8733333333333333 [0.5079793954734086, 0.6974887177009191, 0.2800998154650622, 0.26109873802727646] [0.3653539378599244, 0.17584461563241474, 0.5932335178682709, 0.6122345953060564]
13900 -1.9198352794581974 1.0029831397372801 0.9866666666666667 [0.34687525286958226, 0.6224101174759596, 0.8619735865673802, 0.14207437642041132] [0.6397914137970846, 0.3642565491907062, 0.12469308009928694, 0.8445922902462558]
14000 -1.044127090745415 0.5591657630551209 0.8533333333333334 [0.7042931364299084, 0.3980240492805207, 0.36342626051565013, 0.24092322044058775] [0.1490401969034251, 0.45530928405281307, 0.4899070728176833, 0.6124101128927454]
14100 -1.5968951570524783 0.7485332358695594 0.9066666666666666 [0.5027750228992438, 0.40308380052930587, 0.8977427726089544, 0.009731737295828912] [0.40389164376742265, 0.5035828661373611, 0.008923894057711981, 0.8969349293708376]
14200 -1.533860784648443 0.6953128587761152 0.88 [0.24064985070415668, 0.6380957944494158, 0.7210086288715294, 0.16024572597489817] [0.6393501492958434, 0.24190420555058434, 0.15899137112847056, 0.719754274025102]
14300 -1.7263823489461052 0.7339628735374644 0.96 [0.17482931348612893, 0.7437511429915701, 0.9358588088086434, 0.06556073471365732] [0.7851706865138711, 0.21624885700842958, 0.02414119119135656, 0.8944392652863424]
14400 -2.0318367999691045 0.9040875728594108 0.92 [0.22432049460032089, 0.7317671341745748, 0.700635118693279, 0.18327725253182564] [0.6956795053996795, 0.18823286582542556, 0.21936488130672088, 0.7367227474681745]
14500 -1.6112588777058292 0.8037560088892287 0.8933333333333333 [0.8856478138059511, 0.16494608042800493, 0.1466412659665613, 0.5894315064661494] [0.0076855195273823115, 0.7283872529053288, 0.7466920673667722, 0.30390182686718414]
14600 -1.7298838351191437 0.8529832709150663 0.9466666666666667 [0.6695551001046937, 0.3425021553549103, 0.22099452685809956, 0.6602815510156301] [0.2771115665619728, 0.6041645113117564, 0.7256721398085673, 0.2863851156510372]
14700 -1.4222248777113553 0.8142203032155704 0.88 [0.1971024865164518, 0.8378767941746367, 0.6265011819614367, 0.09851953734747415] [0.682897513483548, 0.042123205825363205, 0.2534988180385626, 0.7814804626525257]
14800 -1.2006591505812583 0.5803081881092731 0.96 [0.010720456656057616, 0.9385627134331697, 0.9492510021660969, 0.021465827744676137] [0.9492795433439422, 0.021437286566830478, 0.010748997833903162, 0.9385341722553232]
14900 -1.1629529678456736 0.5891628479001079 0.9333333333333333 [0.733499134756967, 0.14087778934480819, 0.568343586212142, 0.42394615635274896] [0.1998341985763659, 0.792455543988525, 0.3649897471211912, 0.5093871769805846]
15000 -1.5781143223111178 0.8401547472254172 0.8733333333333333 [0.33082079858463703, 0.5455775575256466, 0.6943946949193713, 0.17587361563701184] [0.5425125347486963, 0.32775577580768667, 0.1789386384139617, 0.6974597176963216]
15100 -1.2180256564609713 0.6382511745923753 0.8133333333333334 [0.41096028742948665, 0.44135727079610815, 0.2680368741541242, 0.5063122342869474] [0.4023730459038466, 0.3719760625372251, 0.5452964591792091, 0.3070210990463861]
15200 -1.002423766758861 0.4375094527376051 0.88 [0.06630958187940482, 0.598634848987008, 0.8139674173657122, 0.2810881517678744] [0.813690418120595, 0.28136515101299203, 0.06603258263428731, 0.5989118482321257]
15300 -1.8711699723851936 0.9164595962501962 0.9666666666666667 [0.780695898108755, 0.1459322162653717, 0.6636195245327718, 0.3430856944264356] [0.1859707685579115, 0.8207344504012957, 0.30304714213389533, 0.6235809722402315]
15400 -1.7212215421143553 0.8652710152741742 0.8533333333333334 [0.3970207507447134, 0.6283902992450894, 0.4571426590439496, 0.22411295763291467] [0.45631258258862034, 0.22494303408824445, 0.39619067428938315, 0.6292203757004184]
15500 -2.02904864070365 0.8913942749724386 0.8533333333333334 [0.11357535046740035, 0.7112867061589597, 0.7639429088488712, 0.11786170119143574] [0.7397579828659334, 0.14204662717437389, 0.08939042448446213, 0.7354716321418979]
15600 -2.1583298787749743 1.0150055360676546 0.8666666666666667 [0.41513633357640517, 0.5434444458744784, 0.42208583261854377, 0.3526667212639054] [0.4515303330902617, 0.32322222079218765, 0.4445808340481227, 0.5139999454027612]
15700 -1.937594215812956 0.9338830880706254 0.8866666666666667 [0.289203968356136, 0.6184188596815208, 0.6853319272635604, 0.1803785780321154] [0.5974626983105311, 0.2682478069851457, 0.2013347394031055, 0.7062880886345518]
15800 -1.4877280545590548 0.7353000914894896 0.8733333333333333 [0.40118876931696357, 0.6865521048481071, 0.5234203950304842, 0.13550539747111168] [0.4721445640163697, 0.18678122848522616, 0.3499129383028492, 0.7378279358622217]
15900 -1.4050409107429118 0.7410547850013172 0.9066666666666666 [0.01617913717630478, 0.8903971845230401, 0.8867978726180589, 0.01995913901593041] [0.8904875294903624, 0.0162694821436268, 0.01986879404860824, 0.8867075276507359]
16000 -1.3503612403371639 0.6636074023114847 0.92 [0.3797312682220601, 0.749921692215792, 0.6567110118927296, 0.05363602766941854] [0.5402687317779395, 0.17007830778420824, 0.26328898810727047, 0.8663639723305812]
16100 -1.257928702802017 0.6096746646640048 0.9333333333333333 [0.6495056988413479, 0.39425903984390764, 0.812638581718579, 0.01026334626283311] [0.2838276344919858, 0.539074293489426, 0.12069475161475483, 0.9230699870704994]
16200 -1.3138970217749364 0.6906711653800435 0.84 [0.38322435606822525, 0.8305822691873083, 0.45486612471506777, 0.011327250029399452] [0.4567756439317752, 0.009417730812692197, 0.3851338752849323, 0.8286727499706004]
16300 -1.3411988546651288 0.6502053541776622 0.9333333333333333 [0.16910360063260946, 0.9206685647656, 0.7548981502139297, 0.021996351054528393] [0.764229732700724, 0.012664768567733778, 0.17843518311940385, 0.9113369822788049]
16400 -1.4703811195947556 0.71552171917619 0.9333333333333333 [0.008609606795401086, 0.9229084231738152, 0.6713191318932293, 0.2638295048042201] [0.9247237265379318, 0.01042491015951769, 0.2620142014401032, 0.6695038285291127]
16500 -1.378669165088285 0.7228520463424346 0.88 [0.022126654729175105, 0.8548977268761403, 0.8639954446730932, 0.018980173721590488] [0.8578733452708246, 0.0251022731238598, 0.016004555326905687, 0.8610198262784097]
16600 -1.8594321005763117 0.9006154115607871 0.9466666666666667 [0.43542791835590045, 0.5481879870817167, 0.8945208609260372, 0.01519656696967924] [0.5112387483107662, 0.39847867958495004, 0.05214580574062973, 0.9314700996969871]
16700 -1.4686758376590792 0.7383199564068991 0.96 [0.03754052887191541, 0.9202529317457367, 0.9460151637951532, 0.016191375587194915] [0.9224594711280844, 0.039747068254263655, 0.013984836204846494, 0.9438086244128053]
16800 -1.6822571821157268 0.885412836420874 0.92 [0.1584220630891173, 0.687619105746008, 0.5829566111926612, 0.41100221997221276] [0.7615779369108829, 0.23238089425399178, 0.33704338880733836, 0.5089977800277876]
16900 -0.9570543875126544 0.457659030272254 1.0 [0.009108174606293765, 0.9914852089267384, 0.31693993204290566, 0.6824666844240624] [0.9908918253937069, 0.008514791073261889, 0.6830600679570941, 0.31753331557593756]
17000 -0.8824910948863557 0.4733939886789099 0.96 [0.03515175031062271, 0.8108385311117756, 0.24915392169483824, 0.8248557968827632] [0.9248482496893774, 0.1491614688882241, 0.7108460783051614, 0.13514420311723693]
17100 -1.4969803073838654 0.8389009573233606 0.9333333333333333 [0.6505149472697874, 0.15016993718396057, 0.32541212714519535, 0.7405696550677235] [0.2828183860635456, 0.7831633961493724, 0.6079212061881378, 0.19276367826561017]
17200 -1.66383357770381 0.8235779794357729 0.9066666666666666 [0.3275783332891865, 0.6373230097148198, 0.7655385701699049, 0.08289342015942233] [0.5790883333774803, 0.26934365695184714, 0.14112809649676153, 0.8237732465072444]
17300 -1.4571465919183313 0.703061439490973 0.8933333333333333 [0.3425609530410631, 0.5182875794643004, 0.529041699465008, 0.39677643469629625] [0.5507723802922696, 0.37504575386903366, 0.3642916338683258, 0.49655689863703667]
17400 -1.6951104851954921 0.8277815790989329 0.96 [0.5384520555829424, 0.44495295247270045, 0.6012102185741311, 0.33538477337022604] [0.4215479444170577, 0.5150470475272995, 0.35878978142586887, 0.6246152266297744]
17500 -1.495154120614654 0.7965972026168551 0.8933333333333333 [0.27973224504063715, 0.40138061908784745, 0.773907330516377, 0.3316464720218056] [0.6136010882926964, 0.49195271424548614, 0.11942600281695666, 0.5616868613115283]
17600 -1.6052601332961949 0.7995920719184251 0.8733333333333333 [0.7536344214637806, 0.6339822789088242, 0.12340171213684942, 0.23564825415721183] [0.11969891186955256, 0.23935105442450866, 0.7499316211964839, 0.6376850791761212]
17700 -1.5261806111469014 0.723532719887612 0.9133333333333333 [0.08909797712510553, 0.684324068137026, 0.8625355772185628, 0.19070904418597276] [0.8242353562082276, 0.22900926519630715, 0.050797756114771206, 0.7226242891473607]
17800 -1.3302936692465612 0.6145977768212725 0.9466666666666667 [0.5456580804791663, 0.2862177951946603, 0.9221249041879234, 0.13933255347158321] [0.40100858618750046, 0.6604488714720065, 0.024541762478743057, 0.8073341131950836]
17900 -1.4372714968848168 0.7972231207233216 0.9466666666666667 [0.5169978361621925, 0.5115143877022235, 0.520659003394508, 0.3441621060744084] [0.4296688305044739, 0.43515227896444275, 0.42600766327215844, 0.6025045605922582]
18000 -1.5087983823560014 0.8341435385277154 0.92 [0.07446720152195418, 0.7385856856732391, 0.8680540716791688, 0.15889304112563746] [0.8455327984780457, 0.18141431432676067, 0.05194592832083075, 0.761106958874363]
18100 -1.955632131794077 0.9066507201210695 0.8933333333333333 [0.3575783516458049, 0.4040609225100762, 0.3544318401944471, 0.6705955523163389] [0.5357549816875288, 0.48927241082325706, 0.5389014931388864, 0.22273778101699482]
18200 -1.3011933263680275 0.6200724606472124 0.96 [0.5144628917708917, 0.6571364666284714, 0.2143562955158574, 0.5340443460847788] [0.4455371082291086, 0.3028635333715294, 0.7456437044841433, 0.4259556539152205]
18300 -1.6122402859480156 0.7755343753001136 0.9466666666666667 [0.3138391721912191, 0.6232390293407096, 0.8952786110058804, 0.06097652079552385] [0.6328274944754476, 0.3234276373259569, 0.05138805566078614, 0.8856901458711425]
18400 -1.2922099624023822 0.6753516591471723 0.9866666666666667 [0.6442694189289082, 0.3476635289865547, 0.9329871258965666, 0.048413259521303695] [0.34239724773775854, 0.6390031376801117, 0.05367954077009996, 0.9382534071453634]
18500 -1.8097081856522406 1.0422992382962466 0.9733333333333334 [0.39475309462105085, 0.5755197167242744, 0.44703481171371323, 0.5293590436076283] [0.5785802387122829, 0.39781361660905895, 0.5262985216196203, 0.4439742897257053]
18600 -1.5569227930027454 0.8385843632581718 0.9466666666666667 [0.04046856027438602, 0.8688717894460853, 0.9077137613890803, 0.0762792222237817] [0.9061981063922807, 0.07779487722058155, 0.0389529052775861, 0.8703874444428845]
18700 -1.5536253667126647 0.7536949658784229 0.96 [0.2119280482884771, 0.7477189692236939, 0.8466365457446575, 0.11371643674317183] [0.7480719517115231, 0.21228103077630678, 0.11336345425534224, 0.8462835632568281]
18800 -1.5185686257462654 0.7743821319462906 0.96 [0.35377519566308435, 0.6163553821554419, 0.743827083128169, 0.20604233905330485] [0.6062248043369161, 0.34364461784455824, 0.21617291687183088, 0.7539576609466953]
18900 -2.02354550585156 0.8885465951055844 0.9333333333333333 [0.45323707617390313, 0.5591068417269474, 0.3973617967996899, 0.45696095196612524] [0.4800962571594297, 0.3742264916063858, 0.5359715365336429, 0.47637238136720794]
19000 -1.3463810415653699 0.6883079012059063 0.9733333333333334 [0.7693527000813624, 0.2212574783223799, 0.7725205676285621, 0.1835359206343624] [0.2039806332519716, 0.7520758550109533, 0.20081276570477102, 0.7897974126989709]
19100 -1.5872657311264555 0.8676188305424688 0.9333333333333333 [0.5039658254850342, 0.342758758880312, 0.5852253429537139, 0.43471673934760596] [0.4293675078482988, 0.590574574453021, 0.34810799037961887, 0.498616593985727]
19200 -1.2517856113731172 0.6788032477602113 0.9 [0.5457193703530484, 0.5003528837005291, 0.5633815971304362, 0.19054614881598658] [0.3542806296469515, 0.3996471162994709, 0.33661840286956374, 0.7094538511840137]
19300 -1.7660353544781324 0.9210934222164341 0.8533333333333334 [0.13412429285754826, 0.5288141667867933, 0.7884688485409043, 0.25525935848142073] [0.7192090404757849, 0.32451916654654017, 0.06486448479242886, 0.5980739748519122]
19400 -1.271591752889983 0.6603215189224915 0.84 [0.6940703698010899, 0.2503568215109665, 0.46902445250144137, 0.26654835618650174] [0.14592963019891028, 0.5896431784890336, 0.3709755474985581, 0.5734516438134983]
19500 -1.4122632429803432 0.7358382328771023 0.98 [0.9644254473375536, 0.017028830429580394, 0.1997294435982634, 0.7788162786346025] [0.015574552662445793, 0.9629711695704196, 0.7802705564017365, 0.2011837213653981]
19600 -1.8034861183843724 0.8155264608134298 0.9733333333333334 [0.17539474544363462, 0.7982960460085128, 0.5107293095196973, 0.46224656569482275] [0.7979385878896992, 0.17503728732482082, 0.4626040238136364, 0.5110867676385108]
19700 -1.6183005465668499 0.6968986694545319 0.86 [0.2601243231471357, 0.517760806978402, 0.5606953031664202, 0.3814195667080428] [0.5998756768528642, 0.3422391930215981, 0.29930469683357996, 0.47858043329195754]
19800 -1.3637268202900095 0.7024488884403076 0.8666666666666667 [0.49067709581674107, 0.13154935735805504, 0.34763637763421523, 0.7634705025243224] [0.3759895708499258, 0.7351173093086112, 0.5190302890324514, 0.10319616414234464]
19900 -1.1569573920964396 0.5921869511573106 0.8666666666666667 [0.3323130949827128, 0.7286764605690296, 0.5368804504073805, 0.1354633273742107] [0.534353571683954, 0.1379902060976369, 0.32978621625928634, 0.7312033392924565]
20000 -1.1562925762426375 0.5969075334664208 0.88 [0.08333391063914568, 0.4025192747173886, 0.8517283998013958, 0.42241841484207016] [0.796666089360855, 0.47748072528261115, 0.028271600198604502, 0.45758158515792957]
20100 -1.8164696845405588 0.9043846047544151 0.9266666666666666 [0.8561815455347418, 0.06886507747808329, 0.48597876823732755, 0.4423079420831803] [0.07048512113192427, 0.8578015891885837, 0.4406878984293389, 0.48435872458348694]
20200 -1.5316154153013837 0.7845712933673916 0.94 [0.5334160378353923, 0.807493589853421, 0.5149870408683892, 0.024103331442797547] [0.4065839621646081, 0.1325064101465794, 0.42501295913161047, 0.9158966685572035]
20300 -1.3231256590744105 0.6701039448386542 0.8333333333333334 [0.04235216853730812, 0.7879315782170346, 0.8232216473127584, 0.013161272599565964] [0.7909811647960248, 0.04540175511629883, 0.010111686020575198, 0.8201720607337677]
20400 -1.5906917886324863 0.7771554762191444 0.8933333333333333 [0.2721958782678278, 0.6409654184020331, 0.6296346441996744, 0.24387072579713134] [0.6211374550655058, 0.2523679149313002, 0.2636986891336588, 0.6494626075362024]
20500 -1.7503041334300913 0.9134846368436653 0.8266666666666667 [0.16843927763106578, 0.7401901366271141, 0.5889238437638091, 0.15578007531134352] [0.6582273890356014, 0.08647653003955173, 0.23774282290285745, 0.6708865913553234]
20600 -1.5669263711053825 0.8145240120070919 0.92 [0.11078898365367704, 0.9088346750850218, 0.6751590821959926, 0.14521725906530855] [0.809211016346323, 0.01116532491497855, 0.244840917804007, 0.7747827409346912]
20700 -1.7365040051283507 0.7759647334275397 0.9466666666666667 [0.7634300236014148, 0.18064352567879136, 0.36084282723183253, 0.5884169568212949] [0.1832366430652521, 0.766023140987875, 0.5858238394348337, 0.3582497098453722]
20800 -1.5370135487216656 0.7562317308862111 0.92 [0.12519498609086377, 0.8400402402731667, 0.48203858361317725, 0.3927261900227918] [0.7948050139091365, 0.07995975972683293, 0.43796141638682257, 0.5272738099772083]
20900 -1.618080587657937 0.7711145783593998 0.8466666666666667 [0.032596043441615416, 0.7726129360152344, 0.7662243854551974, 0.1218999684212864] [0.8140706232250513, 0.07405373065143257, 0.08044228121146917, 0.72476669824538]
21000 -1.2426983725148881 0.6628896851786418 0.8866666666666667 [0.5003099224233438, 0.8759560126626834, 0.3212381698365867, 0.07582922841071962] [0.38635674424332295, 0.010710654003983269, 0.5654284968300802, 0.8108374382559477]
21100 -1.0372244894285485 0.5007037214299676 0.9 [0.009055147443103201, 0.8705908500950714, 0.6529005160083319, 0.2674534864534939] [0.8909448525568969, 0.029409149904928777, 0.24709948399166828, 0.6325465135465063]
21200 -1.7790979888701437 0.8692408752762198 0.8866666666666667 [0.3312530314375807, 0.570280208515017, 0.6400810926233879, 0.23171900075734717] [0.5554136352290855, 0.31638645815164956, 0.24658557404327813, 0.6549476659093191]
21300 -1.7418183880961942 0.9253893107491983 0.96 [0.16626079492137946, 0.8150395854712384, 0.8805010095969099, 0.05819861001047168] [0.7937392050786204, 0.14496041452876135, 0.07949899040308969, 0.9018013899895283]
21400 -2.0277340702974995 0.9718345937360086 0.8533333333333334 [0.16745894827615126, 0.4851176114084541, 0.6861631773697122, 0.36792692961234935] [0.6858743850571818, 0.36821572192487895, 0.16717015596362123, 0.48540640372098437]
21500 -1.1551788121392297 0.5835696451411485 0.9133333333333333 [0.03178720192352557, 0.6727295133934217, 0.4297139718607487, 0.6924359794889713] [0.8815461314098078, 0.24060381993991162, 0.483619361472585, 0.2208973538443627]
21600 -1.5636383963938256 0.8584669166627463 0.94 [0.016376084152926376, 0.8975620724058859, 0.8603093944975317, 0.1057524489436564] [0.923623915847074, 0.04243792759411411, 0.07969060550246851, 0.8342475510563433]
21700 -1.6475884379232708 0.8423703917915255 0.9533333333333334 [0.20638425257001913, 0.7891220345235772, 0.730372002125571, 0.1807883774474991] [0.7469490807633141, 0.16421129880975605, 0.22296133120776204, 0.7725449558858339]
21800 -1.0818673995538444 0.5263669380258164 0.8933333333333333 [0.737401770411912, 0.3173433950840276, 0.6443828335390475, 0.08753866763167983] [0.15593156292142155, 0.5759899382493064, 0.24895049979428555, 0.8057946657016537]
21900 -1.6469296997581402 0.9244768014753855 0.9533333333333334 [0.3791714029075058, 0.5713994739397538, 0.5745512890958745, 0.38154450072353285] [0.574161930425828, 0.38193385939357954, 0.3787820442374588, 0.5717888326098007]
22000 -1.5179128287543016 0.7893000203403455 0.9266666666666666 [0.6116632795296663, 0.37956503136061687, 0.4832995227714329, 0.3788054996716166] [0.31500338713700055, 0.5471016353060499, 0.4433671438952331, 0.5478611669950504]
22100 -1.871576087330855 0.8940480967380405 0.8866666666666667 [0.5619418386995838, 0.4323634278661364, 0.2908345109271995, 0.4881935558404132] [0.32472482796708274, 0.4543032388005302, 0.5958321557394674, 0.39847311082625336]
22200 -1.0181402409760976 0.504438553829007 0.8933333333333333 [0.49038765787335536, 0.881839471908783, 0.4053148410738219, 0.009124695810706676] [0.402945675459978, 0.011493861424550396, 0.48801849225951116, 0.8842086375226264]
22300 -1.1811183894132133 0.5611214778302124 0.9266666666666666 [0.2758886092656302, 0.8545222385819464, 0.11843851794881312, 0.604483967536944] [0.6507780574010369, 0.07214442808472044, 0.8082281487178536, 0.32218269912972286]
22400 -1.0537132427274416 0.5598812781593195 0.8733333333333333 [0.3073035600192938, 0.8582581103360631, 0.2385751180965399, 0.3425298782147692] [0.5660297733140391, 0.015075222997269693, 0.6347582152367934, 0.530803455118564]
22500 -1.7720458108697266 0.8620473501385764 0.9533333333333334 [0.2763391028262832, 0.7544402579005699, 0.6271442078895526, 0.2487430980502601] [0.6769942305070503, 0.19889307543276266, 0.3261891254437803, 0.7045902352830732]
22600 -1.0166926856881309 0.5259685163241005 0.8733333333333333 [0.6436459156495855, 0.558462289211142, 0.5355317286801541, 0.009026733125785325] [0.2296874176837477, 0.31487104412219163, 0.3378016046531796, 0.8643066002075473]
22700 -1.1939663028892111 0.6081487566389444 0.9466666666666667 [0.477592409660042, 0.50448195436973, 0.8920211038656574, 0.01923786543790357] [0.46907425700662475, 0.44218471229693646, 0.05464556280100934, 0.9274288012287638]
22800 -1.3048160286715782 0.6659979193844412 0.8733333333333333 [0.4078547108801674, 0.8564747535947205, 0.2836313099912495, 0.19870589220052917] [0.4654786224531661, 0.01685857973861267, 0.5897020233420837, 0.6746274411328036]
22900 -1.5369949013992572 0.8620988644143714 0.9533333333333334 [0.6281290343375281, 0.35096837058919805, 0.30117096526677417, 0.6263982964731661] [0.32520429899580533, 0.6023649627441344, 0.6521623680665593, 0.3269350368601673]
23000 -1.6483945710725474 0.850130744801425 0.9733333333333334 [0.09478651523159479, 0.9485584115318051, 0.8132618966543497, 0.09005984324891761] [0.8785468181017387, 0.024774921801528398, 0.16007143667898377, 0.8832734900844158]
23100 -1.4716606157856433 0.7928584765964253 0.9066666666666666 [0.22556623505959897, 0.866959950425898, 0.6789259863436624, 0.0418811615041739] [0.6811004316070679, 0.039706716240768554, 0.22774068032300424, 0.8647855051624934]
23200 -1.6307147137824354 0.7675173287745278 0.9066666666666666 [0.21298379446432286, 0.6213149116790057, 0.81574594120172, 0.16328868598828425] [0.6936828722023436, 0.2853517549876611, 0.09092072546494594, 0.7433779806783819]
23300 -1.3791035610612152 0.6919100162538507 0.88 [0.25982718089278994, 0.775945796116147, 0.49749092828691793, 0.22673609470414471] [0.6201728191072102, 0.10405420388385274, 0.3825090717130814, 0.6532639052958548]
23400 -1.514014355400959 0.8023122900338008 0.9066666666666666 [0.4050212161896612, 0.5325658514916359, 0.5287677614501936, 0.3469785042018429] [0.5016454504770058, 0.37410081517503085, 0.377898905216473, 0.5596881624648236]
23500 -1.5259636341503175 0.744251236365167 0.9466666666666667 [0.7179638901248186, 0.2258004520426419, 0.6720856067373541, 0.277483384428519] [0.22870277654184784, 0.7208662146240247, 0.2745810599293123, 0.6691832822381478]
23600 -1.6933881483744069 0.8679404164113197 0.9 [0.04634271981990642, 0.8863035390554687, 0.7835166337909705, 0.08383710733365471] [0.853657280180094, 0.013696460944531497, 0.11648336620902944, 0.8161628926663453]
23700 -1.3957296965880595 0.7012091075013296 0.94 [0.915768047349366, 0.36732174631210734, 0.2578198992053013, 0.3390903071332259] [0.024231952650634457, 0.5726782536878926, 0.6821801007946992, 0.6009096928667744]
23800 -1.5901493027546556 0.7118657780915217 0.9 [0.39062918643475825, 0.6043342313128203, 0.5371940993034411, 0.2678424829489801] [0.5093708135652416, 0.295665768687179, 0.3628059006965586, 0.6321575170510204]
23900 -1.4417569652529927 0.745479876439083 0.8933333333333333 [0.3749955000678441, 0.2816784217830458, 0.6445947601077725, 0.48539798470800416] [0.5183378332654889, 0.6116549115502872, 0.24873857322556095, 0.4079353486253293]
24000 -1.5741739754218491 0.7927984482984873 0.9 [0.4428736339039165, 0.4792514300119711, 0.7316476948965803, 0.14622724118753158] [0.4571263660960833, 0.42074856998802856, 0.16835230510341992, 0.7537727588124685]
24100 -1.646579098070627 0.8600270344184433 0.9666666666666667 [0.24066775153246137, 0.7184533635313399, 0.5085852509624186, 0.46562696730711384] [0.7259989151342051, 0.24821330313532713, 0.45808141570424804, 0.5010396993595527]
24200 -1.5753389971910152 0.814264642572645 0.9133333333333333 [0.8627785684162742, 0.12228625730210604, 0.1565796982543637, 0.6850221426939233] [0.05055476491705907, 0.791047076031227, 0.7567536350789695, 0.22831119063941088]
24300 -2.1336101388813824 1.0940700348106684 0.8666666666666667 [0.5545420592314011, 0.240325184100376, 0.18463054200756832, 0.7538355479939883] [0.31212460743526566, 0.626341482566291, 0.6820361246590981, 0.11283111867267889]
24400 -1.486349368539146 0.7438090603843147 0.9466666666666667 [0.26635902545221224, 0.6815922488286654, 0.7206603750048663, 0.22472168404759] [0.6803076412144549, 0.2650744178380016, 0.22600629166180067, 0.7219449826190768]
24500 -1.2574764129549494 0.7010714327894996 0.8733333333333333 [0.1071716297250313, 0.6683765583112795, 0.3254244221354759, 0.6456940564948802] [0.7661617036083025, 0.2049567750220539, 0.5479089111978571, 0.22763927683845325]
24600 -1.5691086376316647 0.8194778397746018 0.9266666666666666 [0.4649371299369242, 0.5340926698722762, 0.8428620273535519, 0.01144150617058062] [0.46172953672974226, 0.39257399679439015, 0.08380463931311426, 0.9152251604960852]
24700 -2.055314974720445 1.068852338738469 0.96 [0.1842815083611507, 0.7917601228771307, 0.8164906962908078, 0.12746767247091118] [0.7757184916388499, 0.16823987712286936, 0.1435093037091923, 0.8325323275290889]
24800 -1.8213541914493698 0.714807889270065 0.94 [0.7357510778967757, 0.18715135680118158, 0.15667665951545703, 0.8004209057865858] [0.2042489221032248, 0.7528486431988182, 0.783323340484543, 0.13957909421341375]
24900 -1.7457996278905865 0.9224789095964266 0.94 [0.6967605760855613, 0.3170233581996325, 0.241520451898867, 0.6246956138159397] [0.2432394239144387, 0.6229766418003683, 0.6984795481011327, 0.3153043861840599]
25000 -1.8451403619073694 0.8688840795966176 0.8266666666666667 [0.543257444155452, 0.3336346550323295, 0.23670120162323968, 0.5397400325223117] [0.28340922251121425, 0.49303201163433774, 0.5899654650434267, 0.2869266341443551]
25100 -1.2945604035329756 0.6736972756163194 0.9066666666666666 [0.2570425809297804, 0.6575762536817366, 0.7763746192341892, 0.12233987948762705] [0.6496240857368863, 0.2490904129849299, 0.13029204743247721, 0.7843267871790394]
25200 -1.7191849700805975 0.8223358388175157 0.98 [0.038838759087644406, 0.9430620634337504, 0.8596291672333956, 0.11847001024520928] [0.9411612409123565, 0.03693793656624975, 0.12037083276660387, 0.8615299897547902]
25300 -1.7238513090908536 0.8686785302268547 0.9 [0.1141534432271857, 0.6270993549347031, 0.8398055788743665, 0.21894162296374498] [0.7858465567728143, 0.27290064506529665, 0.06019442112563365, 0.6810583770362549]
25400 -1.1735065591872216 0.5743242509920773 0.92 [0.05160622006239298, 0.884240855785228, 0.6305073304434232, 0.27364559370895597] [0.8683937799376069, 0.03575914421477183, 0.28949266955657715, 0.6463544062910438]
25500 -1.6491179945710202 0.7854697961042862 0.9466666666666667 [0.7767781890729615, 0.18980799141832774, 0.16489809902491165, 0.7618490538171329] [0.1698884775937052, 0.7568586752483387, 0.7817685676417554, 0.18481761284953444]
25600 -1.6392944582458493 0.7784037208064107 0.9466666666666667 [0.36765797289713503, 0.5062970501934683, 0.7473044791495866, 0.2720738310931438] [0.5790086937695317, 0.44036961647319867, 0.19936218751707965, 0.6745928355735229]
25700 -1.575701750857539 0.9553352404877812 0.9066666666666666 [0.020101556896060063, 0.7764378423782631, 0.881376309658708, 0.13541762440030095] [0.8865651097706061, 0.13022882428840285, 0.025290357007957828, 0.7712490422663665]
25800 -1.6488488556811938 0.9114158017523832 0.9333333333333333 [0.1141691892424498, 0.8175163260165255, 0.916769285781803, 0.01821186562588846] [0.8191641440908837, 0.11581700731680795, 0.016564047551530302, 0.9151214677074453]
25900 -1.6845573094059758 0.7866599552994954 0.9066666666666666 [0.21504785685300423, 0.8676483654288307, 0.627471135009687, 0.1031659760418115] [0.6916188098136625, 0.03901830123783584, 0.2791955316569796, 0.8035006906248554]
26000 -1.5789899532492344 0.8993250540497458 0.9733333333333334 [0.3810974883682262, 0.6896909199947185, 0.6071864033803313, 0.26869185492338993] [0.5922358449651068, 0.28364241333861473, 0.3661469299530018, 0.7046414784099434]
26100 -1.42898435741977 0.7438288505159945 0.9333333333333333 [0.2609071232181889, 0.6957049296715099, 0.12263988750377536, 0.7874147262731924] [0.6724262101151447, 0.23762840366182328, 0.810693445829558, 0.1459186070601411]
26200 -2.216431039243583 1.0755144151480105 0.88 [0.592278080843844, 0.5396480160294429, 0.37408636186829003, 0.25398754125842304] [0.2877219191561557, 0.3403519839705566, 0.5059136381317099, 0.6260124587415771]
26300 -1.841610091263474 1.0197294397579428 0.9466666666666667 [0.9146005187113547, 0.1358437790553815, 0.3687296196504168, 0.47415941591618044] [0.03206614795531183, 0.8108228876112852, 0.5779370470162496, 0.47250725075048633]
26400 -1.443068713395074 0.7688079793825034 0.9733333333333334 [0.14716874897824514, 0.725079330380013, 0.9011386649043313, 0.17327992240407736] [0.8261645843550887, 0.24825400295332012, 0.07219466842900214, 0.800053410929256]
26500 -1.2975904621292467 0.6656143835577049 0.9333333333333333 [0.01795095474787383, 0.9113010534659451, 0.5875688551658432, 0.34984580328700543] [0.9153823785854605, 0.02203227986738906, 0.34576447816749006, 0.5834875300463279]
26600 -1.3013972533756986 0.6664825534454659 0.9466666666666667 [0.6321277180426658, 0.31506855364878567, 0.3690864957914708, 0.5770505658504109] [0.31453894862400117, 0.6315981130178808, 0.5775801708751953, 0.36961610081625584]
26700 -2.120149782021265 1.086621034403723 0.96 [0.1405473845228341, 0.6087413859409068, 0.658070376610411, 0.5126408529258474] [0.8194526154771657, 0.35125861405909303, 0.30192962338958834, 0.4473591470741525]
26800 -1.7134053899476025 0.8181093172301337 0.9733333333333334 [0.3432297409388336, 0.6308094532713231, 0.9577816438832044, 0.014845828573305159] [0.6301035923944995, 0.3425238800620106, 0.015551689450128168, 0.9584875047600279]
26900 -1.5876056881800524 0.7559572277941843 0.9066666666666666 [0.1105403432641104, 0.8945953802253416, 0.7386626713470262, 0.06953493849685438] [0.7961263234025563, 0.012071286441324687, 0.1680039953196398, 0.8371317281698121]
27000 -1.6624082782558718 0.8121445472806794 0.92 [0.025649231013087987, 0.8589548321996282, 0.8106142158561569, 0.14478172093112632] [0.8943507689869121, 0.061045167800371364, 0.10938578414384288, 0.7752182790688738]
27100 -1.5506835653402926 0.6927329609607809 0.92 [0.5323904750465664, 0.3110644399940604, 0.8723021229642531, 0.12424296199511906] [0.3876095249534336, 0.6089355600059391, 0.0476978770357462, 0.7957570380048808]
27200 -1.2433967067421507 0.684407831912536 0.8866666666666667 [0.17460988631150465, 0.5293348162770649, 0.8737924869591281, 0.19559614378563478] [0.7120567803551622, 0.35733185038960136, 0.012874179707537903, 0.6910705228810315]
27300 -1.1264400464447233 0.5593975854833082 0.86 [0.014773313450462094, 0.6474814912981656, 0.8481737854232134, 0.20957140982815875] [0.8452266865495378, 0.21251850870183436, 0.011826214576786412, 0.6504285901718415]
27400 -1.3020036878245824 0.6515901184669647 0.8866666666666667 [0.01547660522190819, 0.7655395419098284, 0.8662497620715629, 0.12606742413003338] [0.8711900614447582, 0.121127124756838, 0.02041690459510355, 0.7605992425366342]
27500 -1.769413242786377 0.7695332657317713 0.9533333333333334 [0.2481524810379156, 0.6459691314555355, 0.5702313298177026, 0.4423137243555135] [0.7051808522954176, 0.3073642018777978, 0.3831020035156309, 0.5110196089778202]
27600 -1.7922795672988543 0.8979876996236978 0.8933333333333333 [0.2840539163413551, 0.6129225348241739, 0.7760331553732548, 0.11365706012788299] [0.6092794169919784, 0.2804107985091594, 0.11730017796007845, 0.7796762732054495]
27700 -1.3710895839938524 0.7460376356907199 0.9333333333333333 [0.4628148810426678, 0.46958857295517203, 0.7605192904464411, 0.17374392222238638] [0.4705184522906655, 0.46374476037816115, 0.17281404288689264, 0.7595894111109462]
27800 -1.2601056459034876 0.5967041438712947 0.8933333333333333 [0.08654342260903038, 0.8067493176659265, 0.879667140407549, 0.013706785984160993] [0.8067899107243031, 0.0865840156674067, 0.013666192925784583, 0.8796265473491723]
27900 -1.3194641372325868 0.5928351598347266 0.96 [0.04859624427190075, 0.9096846936595993, 0.7657149115094377, 0.19600415055906298] [0.9114037557280996, 0.05031530634040083, 0.19428508849056278, 0.7639958494409375]
28000 -1.2137791398715079 0.5689587291042844 0.9933333333333333 [0.00994750835109083, 0.9833338069695973, 0.3535273252332617, 0.6398580261127166] [0.9833858249822428, 0.009999526363735778, 0.6398060081000723, 0.35347530722061665]
28100 -2.0103854397611607 1.0907466005412838 0.8666666666666667 [0.5282858524660551, 0.25301017657826513, 0.34095859562979436, 0.6110787086592184] [0.3383808142006118, 0.6136564900884015, 0.5257080710368722, 0.25558795800744866]
28200 -1.4604027268888644 0.7240524231339578 0.9066666666666666 [0.7377347973593994, 0.6497883996350459, 0.0877970677229842, 0.338013068615903] [0.16893186930726717, 0.2568782670316202, 0.8188695989436824, 0.5686535980507634]
28300 -1.3078025587488917 0.751097934215688 0.8933333333333333 [0.4107274347378316, 0.6296683189960182, 0.3891304773829486, 0.35714043554986885] [0.4826058985955019, 0.26366501433731526, 0.504202855950385, 0.5361928977834644]
28400 -1.2124091898662885 0.5521721363014181 0.9133333333333333 [0.3728991705921149, 0.5685919597350326, 0.4977264104825133, 0.3874491258570058] [0.540434162741219, 0.34474137359830065, 0.4156069228508197, 0.5258842074763277]
28500 -1.3021629121623624 0.6904300927235392 0.9466666666666667 [0.5963130241372808, 0.27454012958821145, 0.8611481716966722, 0.1613320079111685] [0.35035364252938567, 0.6721265370784549, 0.0855184949699942, 0.7853346587554983]
28600 -1.682650111614782 0.8755522393454152 0.9 [0.6440759633292146, 0.37343699166992816, 0.33276359532804456, 0.4497234496728123] [0.25592403667078484, 0.5265630083300719, 0.5672364046719545, 0.4502765503271877]
28700 -1.5224502181224693 0.7669973896276885 0.9266666666666666 [0.5290577495195989, 0.39682802923771493, 0.4645067166656575, 0.4629408379103621] [0.39760891714706786, 0.5298386374289518, 0.4621599500010092, 0.46372582875630497]
28800 -1.664286892896741 0.8218014897123944 0.8933333333333333 [0.46824836614122184, 0.4992004091397321, 0.47576845074921326, 0.3434494406364996] [0.42508496719211136, 0.39413292419360085, 0.4175648825841202, 0.5498838926968337]
28900 -1.4955458885449775 0.7468909923846104 0.92 [0.2182790023072796, 0.5747043276087712, 0.9068515272855819, 0.14016514279836803] [0.7017209976927201, 0.34529567239122894, 0.013148472714418576, 0.779834857201632]
29000 -1.676849828451496 0.7831229999980845 0.9333333333333333 [0.1655043509674128, 0.6075356896622478, 0.7002527355712606, 0.393373890465745] [0.7678289823659209, 0.32579764367108494, 0.23308059776207268, 0.5399594428675889]
29100 -1.3305771336507337 0.7412441556552797 0.9066666666666666 [0.0786253682287066, 0.8205081639933455, 0.7147881951523072, 0.1994116059589746] [0.8280412984379601, 0.08615850267332097, 0.19187847151435997, 0.7072550607076925]
29200 -1.2791413331605836 0.6842571658830268 0.96 [0.2868191489355468, 0.6087273578197874, 0.11707308645439388, 0.9073804067902714] [0.6731808510644534, 0.3512726421802124, 0.8429269135456057, 0.05261959320972825]
29300 -1.439920505520968 0.7093085219957622 0.96 [0.7452004269225219, 0.3158093096302587, 0.4683669045284779, 0.3906233589187417] [0.21479957307747805, 0.6441906903697409, 0.49163309547152256, 0.5693766410812581]
29400 -1.492743316660328 0.7209219583346893 0.8466666666666667 [0.3289927882422929, 0.511839039925458, 0.5220038099552512, 0.3304976952103323] [0.5176738784243737, 0.3348276267412092, 0.324662856711416, 0.5161689714563348]
29500 -1.0444427022357936 0.5168566020706722 0.8733333333333333 [0.009337759955817251, 0.5874026422434317, 0.863358087394558, 0.2865681770728593] [0.863995573377516, 0.28593069108990166, 0.009975245938775043, 0.5867651562604742]
29600 -1.9227537509111354 0.7691742625108926 0.9866666666666667 [0.5400436942509598, 0.5108545071273738, 0.7911629779971484, 0.13127215395785144] [0.44662297241570786, 0.47581215953929284, 0.1955036886695181, 0.855394512708815]
29700 -1.6701808055504477 0.8471592176387828 0.9333333333333333 [0.26244599441679584, 0.6606513840098839, 0.7202513265533262, 0.22331796168666154] [0.6708873389165378, 0.2726819493234498, 0.21308200678000733, 0.7100153716466715]
29800 -1.6467299508295157 0.8333776408261128 0.88 [0.16594985018420233, 0.8339753370200611, 0.7360332482088221, 0.024041564586915115] [0.7140501498157976, 0.04602466297993936, 0.143966751791178, 0.8559584354130846]
29900 -1.089294908850969 0.535967096738452 0.82 [0.007437544697675163, 0.27327280122865477, 0.8130039361195549, 0.5462857179541156] [0.8125624553023251, 0.5467271987713455, 0.0069960638804453384, 0.27371428204588466]
30000 -1.566161968442123 0.751259025832386 0.9066666666666666 [0.5572947839828178, 0.42397439857023095, 0.3189624301826318, 0.513101720597652] [0.3493718826838488, 0.48269226809643556, 0.5877042364840344, 0.3935649460690147]
