[2, 3, 2, 3]13835
[2, 1, 4, 3]13
[3, 2, 1, 4]696
[3, 3, 2, 2]0
[4, 1, 4, 1]11
[2, 3, 1, 4]360
[3, 1, 4, 2]0
[4, 3, 2, 1]0
[4, 1, 2, 3]740
[4, 1, 1, 4]10
[1, 4, 3, 2]427
[2, 1, 3, 4]1
[2, 2, 3, 3]5900
[3, 4, 2, 1]0
[1, 3, 2, 4]0
[4, 2, 1, 3]511
[1, 1, 4, 4]0
[3, 2, 3, 2]14031
[1, 2, 4, 3]534
[4, 2, 3, 1]1
[2, 3, 3, 2]15164
[4, 3, 1, 2]0
[1, 3, 4, 2]0
[2, 4, 1, 3]12
[4, 1, 3, 2]388
[4, 4, 1, 1]0
[1, 2, 3, 4]1
[2, 4, 3, 1]0
[3, 4, 1, 2]0
[1, 4, 4, 1]9
[1, 4, 2, 3]747
[3, 2, 4, 1]676
[2, 3, 4, 1]360
[3, 1, 2, 4]0
[1, 4, 1, 4]8
[3, 2, 2, 3]45565
