[2, 3, 2, 3]14947
[2, 1, 4, 3]12
[3, 2, 1, 4]744
[3, 3, 2, 2]0
[4, 1, 4, 1]15
[2, 3, 1, 4]366
[3, 1, 4, 2]0
[4, 3, 2, 1]0
[4, 1, 2, 3]795
[4, 1, 1, 4]6
[1, 4, 3, 2]356
[2, 1, 3, 4]0
[2, 2, 3, 3]5463
[3, 4, 2, 1]0
[1, 3, 2, 4]0
[4, 2, 1, 3]552
[1, 1, 4, 4]0
[3, 2, 3, 2]13535
[1, 2, 4, 3]560
[4, 2, 3, 1]2
[2, 3, 3, 2]13068
[4, 3, 1, 2]0
[1, 3, 4, 2]0
[2, 4, 1, 3]10
[4, 1, 3, 2]367
[4, 4, 1, 1]0
[1, 2, 3, 4]2
[2, 4, 3, 1]0
[3, 4, 1, 2]0
[1, 4, 4, 1]10
[1, 4, 2, 3]749
[3, 2, 4, 1]691
[2, 3, 4, 1]329
[3, 1, 2, 4]0
[1, 4, 1, 4]20
[3, 2, 2, 3]47401
