[2, 3, 2, 3]14997
[2, 1, 4, 3]18
[3, 2, 1, 4]652
[3, 3, 2, 2]0
[4, 1, 4, 1]19
[2, 3, 1, 4]355
[3, 1, 4, 2]0
[4, 3, 2, 1]0
[4, 1, 2, 3]700
[4, 1, 1, 4]9
[1, 4, 3, 2]406
[2, 1, 3, 4]0
[2, 2, 3, 3]5579
[3, 4, 2, 1]0
[1, 3, 2, 4]0
[4, 2, 1, 3]520
[1, 1, 4, 4]0
[3, 2, 3, 2]13787
[1, 2, 4, 3]551
[4, 2, 3, 1]1
[2, 3, 3, 2]15215
[4, 3, 1, 2]0
[1, 3, 4, 2]0
[2, 4, 1, 3]13
[4, 1, 3, 2]420
[4, 4, 1, 1]0
[1, 2, 3, 4]1
[2, 4, 3, 1]0
[3, 4, 1, 2]0
[1, 4, 4, 1]13
[1, 4, 2, 3]710
[3, 2, 4, 1]700
[2, 3, 4, 1]378
[3, 1, 2, 4]0
[1, 4, 1, 4]10
[3, 2, 2, 3]44946
