[2, 3, 2, 3]12092
[2, 1, 4, 3]12
[3, 2, 1, 4]716
[3, 3, 2, 2]0
[4, 1, 4, 1]14
[2, 3, 1, 4]322
[3, 1, 4, 2]0
[4, 3, 2, 1]0
[4, 1, 2, 3]749
[4, 1, 1, 4]13
[1, 4, 3, 2]378
[2, 1, 3, 4]1
[2, 2, 3, 3]6750
[3, 4, 2, 1]0
[1, 3, 2, 4]0
[4, 2, 1, 3]555
[1, 1, 4, 4]0
[3, 2, 3, 2]14147
[1, 2, 4, 3]605
[4, 2, 3, 1]2
[2, 3, 3, 2]14407
[4, 3, 1, 2]0
[1, 3, 4, 2]0
[2, 4, 1, 3]13
[4, 1, 3, 2]378
[4, 4, 1, 1]0
[1, 2, 3, 4]0
[2, 4, 3, 1]1
[3, 4, 1, 2]0
[1, 4, 4, 1]13
[1, 4, 2, 3]718
[3, 2, 4, 1]726
[2, 3, 4, 1]312
[3, 1, 2, 4]0
[1, 4, 1, 4]11
[3, 2, 2, 3]47065
