[2, 3, 2, 3]13526
[2, 1, 4, 3]18
[3, 2, 1, 4]647
[3, 3, 2, 2]0
[4, 1, 4, 1]16
[2, 3, 1, 4]441
[3, 1, 4, 2]0
[4, 3, 2, 1]0
[4, 1, 2, 3]681
[4, 1, 1, 4]13
[1, 4, 3, 2]450
[2, 1, 3, 4]1
[2, 2, 3, 3]6122
[3, 4, 2, 1]0
[1, 3, 2, 4]0
[4, 2, 1, 3]534
[1, 1, 4, 4]0
[3, 2, 3, 2]13848
[1, 2, 4, 3]576
[4, 2, 3, 1]2
[2, 3, 3, 2]17725
[4, 3, 1, 2]0
[1, 3, 4, 2]0
[2, 4, 1, 3]17
[4, 1, 3, 2]451
[4, 4, 1, 1]0
[1, 2, 3, 4]1
[2, 4, 3, 1]1
[3, 4, 1, 2]0
[1, 4, 4, 1]8
[1, 4, 2, 3]706
[3, 2, 4, 1]651
[2, 3, 4, 1]416
[3, 1, 2, 4]0
[1, 4, 1, 4]12
[3, 2, 2, 3]43137
