[2, 3, 2, 3]17088
[2, 1, 4, 3]13
[3, 2, 1, 4]760
[3, 3, 2, 2]0
[4, 1, 4, 1]10
[2, 3, 1, 4]344
[3, 1, 4, 2]0
[4, 3, 2, 1]0
[4, 1, 2, 3]761
[4, 1, 1, 4]11
[1, 4, 3, 2]360
[2, 1, 3, 4]0
[2, 2, 3, 3]4160
[3, 4, 2, 1]0
[1, 3, 2, 4]0
[4, 2, 1, 3]503
[1, 1, 4, 4]0
[3, 2, 3, 2]15420
[1, 2, 4, 3]533
[4, 2, 3, 1]0
[2, 3, 3, 2]10942
[4, 3, 1, 2]0
[1, 3, 4, 2]0
[2, 4, 1, 3]14
[4, 1, 3, 2]334
[4, 4, 1, 1]0
[1, 2, 3, 4]0
[2, 4, 3, 1]0
[3, 4, 1, 2]0
[1, 4, 4, 1]6
[1, 4, 2, 3]831
[3, 2, 4, 1]739
[2, 3, 4, 1]321
[3, 1, 2, 4]0
[1, 4, 1, 4]13
[3, 2, 2, 3]46837
