[2, 3, 2, 3]14492
[2, 1, 4, 3]12
[3, 2, 1, 4]664
[3, 3, 2, 2]0
[4, 1, 4, 1]21
[2, 3, 1, 4]456
[3, 1, 4, 2]0
[4, 3, 2, 1]0
[4, 1, 2, 3]719
[4, 1, 1, 4]7
[1, 4, 3, 2]419
[2, 1, 3, 4]2
[2, 2, 3, 3]5082
[3, 4, 2, 1]0
[1, 3, 2, 4]0
[4, 2, 1, 3]472
[1, 1, 4, 4]0
[3, 2, 3, 2]13556
[1, 2, 4, 3]474
[4, 2, 3, 1]1
[2, 3, 3, 2]16191
[4, 3, 1, 2]0
[1, 3, 4, 2]0
[2, 4, 1, 3]18
[4, 1, 3, 2]393
[4, 4, 1, 1]0
[1, 2, 3, 4]1
[2, 4, 3, 1]0
[3, 4, 1, 2]0
[1, 4, 4, 1]22
[1, 4, 2, 3]736
[3, 2, 4, 1]695
[2, 3, 4, 1]430
[3, 1, 2, 4]0
[1, 4, 1, 4]12
[3, 2, 2, 3]45125
