[2, 3, 2, 3]18050
[2, 1, 4, 3]13
[3, 2, 1, 4]717
[3, 3, 2, 2]0
[4, 1, 4, 1]14
[2, 3, 1, 4]349
[3, 1, 4, 2]0
[4, 3, 2, 1]0
[4, 1, 2, 3]823
[4, 1, 1, 4]13
[1, 4, 3, 2]328
[2, 1, 3, 4]0
[2, 2, 3, 3]4907
[3, 4, 2, 1]0
[1, 3, 2, 4]0
[4, 2, 1, 3]518
[1, 1, 4, 4]0
[3, 2, 3, 2]12925
[1, 2, 4, 3]504
[4, 2, 3, 1]2
[2, 3, 3, 2]11882
[4, 3, 1, 2]0
[1, 3, 4, 2]0
[2, 4, 1, 3]16
[4, 1, 3, 2]334
[4, 4, 1, 1]0
[1, 2, 3, 4]0
[2, 4, 3, 1]1
[3, 4, 1, 2]0
[1, 4, 4, 1]8
[1, 4, 2, 3]817
[3, 2, 4, 1]656
[2, 3, 4, 1]394
[3, 1, 2, 4]0
[1, 4, 1, 4]13
[3, 2, 2, 3]46716
