[2, 3, 2, 3]13663
[2, 1, 4, 3]18
[3, 2, 1, 4]692
[3, 3, 2, 2]0
[4, 1, 4, 1]12
[2, 3, 1, 4]362
[3, 1, 4, 2]0
[4, 3, 2, 1]0
[4, 1, 2, 3]716
[4, 1, 1, 4]12
[1, 4, 3, 2]380
[2, 1, 3, 4]1
[2, 2, 3, 3]5811
[3, 4, 2, 1]0
[1, 3, 2, 4]0
[4, 2, 1, 3]564
[1, 1, 4, 4]0
[3, 2, 3, 2]14076
[1, 2, 4, 3]541
[4, 2, 3, 1]0
[2, 3, 3, 2]14395
[4, 3, 1, 2]0
[1, 3, 4, 2]0
[2, 4, 1, 3]13
[4, 1, 3, 2]387
[4, 4, 1, 1]0
[1, 2, 3, 4]1
[2, 4, 3, 1]0
[3, 4, 1, 2]0
[1, 4, 4, 1]14
[1, 4, 2, 3]787
[3, 2, 4, 1]730
[2, 3, 4, 1]380
[3, 1, 2, 4]0
[1, 4, 1, 4]16
[3, 2, 2, 3]46429
