[2, 3, 2, 3]12456
[2, 1, 4, 3]9
[3, 2, 1, 4]730
[3, 3, 2, 2]0
[4, 1, 4, 1]17
[2, 3, 1, 4]324
[3, 1, 4, 2]0
[4, 3, 2, 1]0
[4, 1, 2, 3]686
[4, 1, 1, 4]13
[1, 4, 3, 2]417
[2, 1, 3, 4]1
[2, 2, 3, 3]6027
[3, 4, 2, 1]0
[1, 3, 2, 4]0
[4, 2, 1, 3]557
[1, 1, 4, 4]0
[3, 2, 3, 2]15774
[1, 2, 4, 3]537
[4, 2, 3, 1]1
[2, 3, 3, 2]15016
[4, 3, 1, 2]0
[1, 3, 4, 2]0
[2, 4, 1, 3]15
[4, 1, 3, 2]401
[4, 4, 1, 1]0
[1, 2, 3, 4]1
[2, 4, 3, 1]1
[3, 4, 1, 2]0
[1, 4, 4, 1]9
[1, 4, 2, 3]748
[3, 2, 4, 1]731
[2, 3, 4, 1]354
[3, 1, 2, 4]0
[1, 4, 1, 4]8
[3, 2, 2, 3]45167
