step Ek EV sign nup ndn
100 0.3401173382863503 -0.31399676403144544 -0.13 [0.025507599110328703, -0.1829300047147224, -0.15471461503794662, 0.05213702064234015] [-0.15483677360870163, 0.05183241321240873, 0.024275228870450992, -0.18127086847415796]
200 -1.0472660797082687 0.4695071889378428 0.62 [0.00670785596539679, 0.29003517461175116, 0.6154676444718488, 0.32778932495100227] [0.6132921440346027, 0.32996482538824884, 0.004532355528150542, 0.29221067504899734]
300 -0.12355409386426264 0.07478208942804869 0.12 [-0.10032126741110638, 0.2185924774159492, 0.07730483876734684, 0.04442395122781044] [0.2203212674111062, -0.09859247741594908, 0.04269516123265338, 0.07557604877218951]
400 -0.9430699104037924 0.42840846128347243 0.52 [0.4994138962464987, 0.02977548344301034, 0.1196378369148629, 0.3911727833956279] [0.02058610375350109, 0.4902245165569894, 0.4003621630851373, 0.12882721660437213]
500 -0.666762229796409 0.3319096676720337 0.34 [0.2859895358868583, 0.004918648860642485, 0.05790577318794665, 0.33118604206455243] [0.05401046411314161, 0.33508135113935755, 0.28209422681205304, 0.008813957935447548]
600 -1.0349971640672857 0.6207564679694216 0.72 [0.7027082962960131, 0.012490120604178928, 0.01790944927638774, 0.7068921338234202] [0.01729170370398695, 0.7075098793958209, 0.7020905507236123, 0.013107866176579821]
700 -1.1395745464301128 0.5562354622809068 0.43 [0.42071832146353144, 0.005184803407162352, 0.03310693167470334, 0.40098994345460276] [0.009281678536468684, 0.4248151965928375, 0.39689306832529697, 0.029010056545397133]
800 -2.4169018938335167 1.1295136907807608 0.67 [0.4817050630436997, 0.059016964209773676, 0.1455838963936285, 0.653694076352898] [0.18829493695630015, 0.6109830357902258, 0.5244161036063718, 0.016305923647102066]
900 -0.3697282734758974 0.2247547019587153 0.23 [0.09349081054849717, 0.003462477670077077, 0.1364298315608746, 0.22661688022055165] [0.13650918945150264, 0.22653752232992327, 0.09357016843912534, 0.003383119779448883]
1000 -1.3478304256619105 0.5279313537168617 0.07 [0.14381980837376454, 0.017326246884857156, -0.044697664036738596, 0.023551608778116923] [-0.07381980837376442, 0.05267375311514279, 0.11469766403673849, 0.04644839122188312]
1100 -0.4306147130696615 0.29998957153270256 0.25 [0.22299620286216337, 0.02689607873295091, 0.3937416532433873, -0.1436339348385017] [0.027003797137836676, 0.2231039212670492, -0.14374165324338747, 0.39363393483850195]
1200 -1.1161207852411485 0.40231814318455206 0.43 [0.002799363776152655, 0.4262084520855257, 0.17748728557145546, 0.253504898566866] [0.427200636223847, 0.003791547914474324, 0.25251271442854434, 0.17649510143313388]
1300 -1.5551919111329924 0.8306266128990585 0.85 [0.34266709310481036, 0.505989236228413, 0.006197068319665176, 0.8451466023471116] [0.5073329068951895, 0.344010763771587, 0.8438029316803346, 0.004853397652888775]
1400 0.5683654068189131 -0.3038605877952145 -0.37 [0.013504740840548429, -0.39340547160688016, 0.008024426422221584, -0.3681236956558898] [-0.38350474084054853, 0.023405471606880127, -0.37802442642222184, -0.0018763043441099936]
1500 -1.0746866765618055 0.566013794789405 0.72 [0.7103720656053379, 0.01735454911669023, 0.007176419981864846, 0.7050969652961065] [0.009627934394661572, 0.7026454508833097, 0.7128235800181345, 0.014903034703893616]
1600 -0.49407805052274234 0.2892256883942023 0.1 [0.09554728838676581, 0.0051327685833944935, 0.021574398422811666, 0.07774554460702793] [0.004452711613234169, 0.09486723141660541, 0.07842560157718821, 0.022254455392972057]
1700 0.4528074087623939 -0.38633692173716905 -0.57 [-0.1061767090423638, -0.04453677562313854, -0.46526133226397326, -0.5240251830705245] [-0.46382329095763647, -0.5254632243768615, -0.1047386677360268, -0.045974816929475526]
1800 -0.9582547780593542 0.3898773927204283 0.73 [0.005952479677715844, 0.3977619815972293, 0.720863318926975, 0.3354222197980798] [0.7240475203222839, 0.3322380184027709, 0.009136681073024715, 0.3945777802019201]
1900 -1.4934612994558842 0.6642207277579949 0.96 [0.011355680572723983, 0.9000148937582086, 0.9495089857971027, 0.05912043987196542] [0.948644319427276, 0.059985106241792104, 0.01049101420289724, 0.900879560128035]
2000 -1.0168474988927592 0.49153439354319084 0.82 [0.010283360322574223, 0.810102618342301, 0.8084263342618903, 0.01118768707323491] [0.8097166396774259, 0.009897381657699133, 0.011573665738109917, 0.8088123129267649]
2100 0.8412639976871283 -0.3533263624233099 -0.35 [-0.07651921347838651, -0.34681088873852667, -0.27309231243743176, -0.0035775853456548705] [-0.2734807865216134, -0.0031891112614731696, -0.07690768756256823, -0.3464224146543451]
2200 0.5071268181527104 -0.2819210218560013 -0.31 [0.05610764269690503, -0.29672011123305403, -0.3655482621207116, -0.013839269343139496] [-0.36610764269690504, -0.013279888766946161, 0.055548262120711726, -0.29616073065686016]
2300 -0.5707861536521807 0.2514585129243251 0.42 [0.21700255675130514, 0.38300320940252874, 0.19389737269467688, 0.04609686115148942] [0.20299744324869493, 0.03699679059747127, 0.226102627305323, 0.37390313884851056]
2400 -0.8718428117093241 0.4470279182722676 0.59 [0.003215022572852505, 0.13605947814053673, 0.5863513258219331, 0.45437417346467784] [0.5867849774271476, 0.4539405218594632, 0.0036486741780670127, 0.1356258265353222]
2500 -0.5918590864091346 0.3035629246248226 -0.17 [0.16140024204934034, -0.0032234459511856647, -0.3316281749742192, -0.16654862112393565] [-0.33140024204934027, -0.16677655404881464, 0.16162817497421916, -0.003451378876064512]
2600 -0.23463559967802752 -0.007051451616818891 0.34 [-0.003071701343973046, 0.003863374269821585, 0.3431564084559976, 0.33605191861815437] [0.343071701343973, 0.3361366257301782, -0.0031564084559977685, 0.003948081381846322]
2700 2.32966279969342 -1.1148175587528402 -0.7 [-0.3265044860590091, -0.08379678761071839, -0.37094235644334345, -0.618756369886929] [-0.37349551394099106, -0.6162032123892816, -0.32905764355665634, -0.08124363011307106]
2800 1.8689673460526777 -0.9944017901132954 -0.66 [-0.6206362178363425, -0.04391902055156932, -0.08329976140659363, -0.5721450002054951] [-0.03936378216365779, -0.6160809794484304, -0.5767002385934064, -0.08785499979450533]
2900 1.0049745781900519 -0.4836940272938606 -0.24 [-0.034233349377733695, -0.3041454558564357, -0.02923287184037588, -0.11238832292545453] [-0.20576665062226637, 0.06414545585643594, -0.21076712815962412, -0.12761167707454552]
3000 -0.8213950216045515 0.37767562336142224 0.64 [0.6086842939455035, 0.37544128435119917, 0.2853602998576553, 0.01051412184564183] [0.031315706054496364, 0.2645587156488007, 0.35463970014234514, 0.6294858781543581]
3100 1.263198505682744 -0.565945469994678 -0.45 [-0.23664333932312773, -0.21337643713001347, -0.4046776475232629, -0.045302576023595865] [-0.21335666067687234, -0.23662356286998648, -0.04532235247673702, -0.4046974239764042]
3200 1.694385684140678 -0.6701754496397825 -0.34 [-0.10932773134602773, -0.23120703020588024, -0.1637151387581643, -0.1757500996899278] [-0.23067226865397192, -0.10879296979411995, -0.17628486124183543, -0.16424990031007233]
3300 -0.6924732119536592 0.33678211078635173 0.13 [-0.03748232478826619, 0.19404519860856684, 0.10538665902644821, -0.0019495328467486067] [0.16748232478826622, -0.06404519860856658, 0.024613340973551823, 0.13194953284674854]
3400 -1.0646171552840455 0.4420069228548105 0.8 [0.01020129070570461, 0.7851813746052609, 0.7915051303276327, 0.013112204361401978] [0.7897987092942954, 0.014818625394739103, 0.008494869672367435, 0.7868877956385976]
3500 -1.434294871244274 0.6376312063347276 0.3 [0.0783347432958986, 0.29488926046733244, 0.223730663013483, 0.003045333223285984] [0.2216652567041014, 0.00511073953266761, 0.07626933698651692, 0.296954666776714]
3600 -2.905779261642699 1.2403800807791776 0.86 [0.6414341612604576, 0.8258057492645556, 0.21779705643124572, 0.03496303304374116] [0.21856583873954233, 0.03419425073544425, 0.6422029435687548, 0.8250369669562585]
3700 -0.4724886209620119 0.17444281234597409 0.36 [0.33473453517476864, 0.3569339003722525, 0.02559375351722125, 0.0027378109357571816] [0.025265464825231013, 0.0030660996277474518, 0.3344062464827786, 0.3572621890642431]
3800 -0.9811288500307482 0.4488804512658218 0.58 [0.5746250471762941, 0.3655587036194367, 0.003623377184735094, 0.21619287201953422] [0.005374952823705976, 0.21444129638056325, 0.576376622815265, 0.36380712798046594]
3900 -1.5183818569474483 0.6870732674071895 0.66 [0.49354143100866293, 0.05088688074200548, 0.16579392416377664, 0.6097777640855548] [0.16645856899133704, 0.6091131192579943, 0.4942060758362232, 0.0502222359144453]
4000 -1.2193348868811809 0.5935956036905972 0.76 [0.747480046100229, 0.010434169320413174, 0.01850142529516922, 0.7435843592841889] [0.012519953899770883, 0.7495658306795866, 0.7414985747048308, 0.016415640715811624]
4100 -0.8014425593433175 0.4546768722670105 0.58 [0.5655050032297333, 0.007832156003636353, 0.01432436822775618, 0.5723384725388743] [0.014494996770266628, 0.5721678439963638, 0.5656756317722441, 0.007661527461125988]
4200 -0.849938430340451 0.39253566165525877 0.9 [0.8154298475223102, 0.08476943371686853, 0.7438544783354496, 0.15594624042537153] [0.08457015247768956, 0.8152305662831317, 0.1561455216645505, 0.7440537595746284]
4300 -1.1739514107772646 0.5615199546544387 0.9 [0.013656377060302389, 0.8883837961947165, 0.8861412854644448, 0.011818541280536608] [0.8863436229396977, 0.011616203805283854, 0.013858714535555062, 0.8881814587194637]
4400 -1.197086785535577 0.5251387015612925 0.8 [0.008623871980476053, 0.7914194306776616, 0.18178715383016517, 0.6181695435116968] [0.7913761280195236, 0.008580569322337734, 0.618212846169835, 0.18183045648830343]
4500 -2.029658912721528 0.9115785610291173 0.94 [0.8583604264698415, 0.08243930869107263, 0.35081396472918636, 0.5883863001098995] [0.08163957353015862, 0.8575606913089271, 0.5891860352708141, 0.3516136998901004]
4600 -1.2271149991159644 0.6077744936164087 0.73 [0.6090814003006386, 0.12134529564311024, 0.6691687684939575, 0.06040453556229324] [0.12091859969936125, 0.6086547043568895, 0.06083123150604223, 0.669595464437707]
4700 0.020576634865441992 0.12574447126492358 -0.07 [0.12405237105746723, -0.19401856320065025, 0.1528058089789858, -0.22283961683580292] [-0.19405237105746706, 0.12401856320065012, -0.22280580897898594, 0.15283961683580283]
4800 -2.8116014155787092 1.1481242463190398 0.77 [0.01832307738293002, 0.43769744690050716, 0.7515245637223172, 0.3324549119942462] [0.7516769226170702, 0.3323025530994928, 0.018475436277683062, 0.4375450880057541]
4900 1.2611925218009008 -0.6530088020644935 -0.78 [-0.04833508744485955, -0.6439161028205145, -0.7307615740136203, -0.1369872357210062] [-0.7316649125551408, -0.1360838971794858, -0.04923842598637985, -0.643012764278994]
5000 0.8495369703115283 -0.4049014261806938 -0.23 [0.07820878144661417, -0.22472543679112053, -0.21651883075651424, -0.09696451389897966] [-0.3082087814466144, -0.0052745632088795945, -0.013481169243485849, -0.13303548610102042]
5100 -1.4820301875287631 0.6081442164434204 0.72 [0.7013736951644632, 0.019485117981259455, 0.45964442879809936, 0.2594967580561789] [0.018626304835536945, 0.7005148820187407, 0.2603555712019013, 0.46050324194382164]
5200 -3.495937876211505 1.5279167127693547 0.94 [0.2557139713936877, 0.7548464591850227, 0.6338547694413872, 0.23558479997990175] [0.684286028606312, 0.18515354081497687, 0.3061452305586127, 0.7044152000200984]
5300 -0.7590966604890648 0.28832356169792317 0.32 [0.13669428859972665, 0.1839360432094539, 0.3802968474233525, -0.060927179232532984] [0.18330571140027313, 0.1360639567905463, -0.060296847423352354, 0.38092717923253294]
5400 -1.3608512799097818 0.6597860167064846 0.8 [0.18296632695680995, 0.6197959401399263, 0.680237437947873, 0.11700029495539077] [0.6170336730431899, 0.1802040598600738, 0.1197625620521269, 0.6829997050446092]
5500 -1.1981265676784876 0.5718475429948985 0.88 [0.5386370134149081, 0.3413290736661987, 0.009203072389450498, 0.8708308405294427] [0.3413629865850914, 0.5386709263338013, 0.8707969276105496, 0.009169159470557506]
5600 0.217130786239529 -0.1695532452595759 0.2 [-0.07318386682229741, 0.27055303036688955, 0.009125966223926123, 0.1935048702314814] [0.2731838668222975, -0.07055303036688959, 0.19087403377607395, 0.0064951297685184]
5700 -0.7996435937241513 0.43235393067050437 0.38 [0.4478027516607467, 0.30577994045058327, -0.06882067030643335, 0.07523797819510347] [-0.06780275166074644, 0.0742200595494166, 0.44882067030643297, 0.3047620218048966]
5800 -0.8108426416736739 0.38505835782867825 0.04 [0.040211263612090195, 0.2122196299486298, -0.0006240259122884456, -0.17180686764843145] [-0.00021126361209008028, -0.17221962994862963, 0.040624025912288565, 0.21180686764843148]
5900 -0.7576790960988474 0.4585471256572772 0.24 [0.2146478726153031, 0.05375946975482913, 0.025733510897980257, 0.18585914673188747] [0.025352127384696842, 0.1862405302451709, 0.2142664891020197, 0.05414085326811271]
6000 -0.18675422210732978 0.2076270892302922 0.7 [0.6956259247200446, 0.6990750803567292, 0.004664737693663923, 0.0006342572295620849] [0.0043740752799554545, 0.0009249196432705159, 0.6953352623063362, 0.6993657427704375]
6100 -1.230199524179411 0.605256685070283 0.52 [0.5127359069783144, 0.0839067129136777, 0.006662023392161344, 0.43669535671584714] [0.007264093021686142, 0.43609328708632233, 0.5133379766078388, 0.08330464328415309]
6200 -0.5700255226385873 0.32707292558549833 0.21 [0.17990145441253627, 0.0005997803337919398, 0.049098297815248146, 0.19040046743842384] [0.03009854558746386, 0.20940021966620795, 0.16090170218475186, 0.019599532561576267]
6300 -0.8347632443250889 0.5323374078178252 0.5 [0.47708892850691403, 0.0787646025487505, 0.011514604844071291, 0.43263186410026433] [0.022911071493085956, 0.4212353974512494, 0.48848539515592876, 0.06736813589973575]
6400 1.0728803069027173 -0.492589643297062 -0.52 [-0.5096608470141064, -0.032476322921697734, -0.008377572847375156, -0.4894852572168207] [-0.010339152985893685, -0.48752367707830224, -0.511622427152625, -0.03051474278317932]
6500 0.871533901620637 -0.475808078489938 -0.67 [-0.6552125085390353, -0.548031198803906, -0.014639717020329228, -0.1221165756367286] [-0.014787491460964218, -0.12196880119609352, -0.6553602829796711, -0.5478834243632714]
6600 -2.4378137632744274 1.3784745546629569 0.74 [0.44407905371661294, 0.3406094295772796, 0.30321687292078003, 0.39209464378532727] [0.29592094628338744, 0.3993905704227199, 0.43678312707921996, 0.347905356214673]
6700 -1.0153401005304152 0.5813483845197317 0.56 [0.11459999996515029, 0.4446638414611179, 0.5472672833533769, 0.013468875220354153] [0.4454000000348497, 0.11533615853888202, 0.012732716646622299, 0.5465311247796458]
6800 -0.9726309663329497 0.47582296439100447 0.8 [0.5719076463547388, 0.22878952829883617, 0.7931617048897205, 0.006141120456705277] [0.22809235364526154, 0.5712104717011639, 0.006838295110279803, 0.7938588795432949]
6900 -1.1614142385231496 0.6369489585512501 0.94 [0.07336617067357237, 0.8658187324127223, 0.9266900810767535, 0.014125015836951693] [0.8666338293264276, 0.07418126758727761, 0.01330991892324622, 0.9258749841630486]
7000 -1.396991590178323 0.7735814268567606 0.86 [0.022410486614727373, 0.8095422545101154, 0.8370091527738178, 0.05103810610133939] [0.8375895133852727, 0.05045774548988443, 0.02299084722618212, 0.8089618938986605]
7100 -0.646377186167107 0.38617821650641593 0.24 [0.032305918821095424, 0.20089801975626795, 0.2084667905629206, 0.03832927085971605] [0.20769408117890467, 0.03910198024373204, 0.03153320943707936, 0.201670729140284]
7200 -1.4990570575218831 0.7270446021437208 0.85 [0.02798087935859036, 0.8213931682409837, 0.8311756079821662, 0.019450344418260383] [0.8220191206414096, 0.028606831759016144, 0.018824392017834483, 0.8305496555817398]
7300 -1.5667958525166725 0.7104387596778983 0.83 [0.10820005044754318, 0.7194762797682821, 0.8001123469513669, 0.032211322832807865] [0.7217999495524569, 0.1105237202317177, 0.029887653048633212, 0.797788677167192]
7400 -1.4524121001572865 0.7059235559792935 0.9 [0.04639175443971157, 0.8823846322401, 0.8567543440289265, 0.014469269291261728] [0.8536082455602881, 0.017615367759899962, 0.04324565597107324, 0.8855307307087379]
7500 -1.2716780905424094 0.6505203706421929 0.92 [0.01678599258085415, 0.9070387385708467, 0.9035433476252388, 0.01263192122306096] [0.9032140074191465, 0.012961261429153327, 0.016456652374761693, 0.9073680787769391]
7600 -1.3914288255685372 0.6774185902827672 0.89 [0.04167586736167566, 0.8796490839117195, 0.8471266496194096, 0.01154839910719558] [0.8483241326383247, 0.010350916088280768, 0.042873350380590425, 0.8784516008928043]
7700 1.0564760330392213 -0.6234716850046895 -0.45 [-0.09364621463131927, -0.4445125388101807, -0.35259890353938944, -0.0092423430191108] [-0.35635378536868084, -0.005487461189819343, -0.09740109646061068, -0.44075765698088915]
7800 -0.8938546623874069 0.45871304578071753 0.34 [0.029514963585091897, 0.2678361283809713, 0.31074387180274105, 0.07190503623119579] [0.31048503641490816, 0.07216387161902857, 0.02925612819725902, 0.2680949637688044]
7900 -0.7787517247279447 0.3745883185684504 0.67 [0.011162530338041272, 0.014947824842058617, 0.6588164813696967, 0.6550731634502037] [0.6588374696619583, 0.6550521751579413, 0.011183518630303362, 0.01492683654979658]
8000 0.518208918225633 -0.2785955092936066 -0.68 [-0.009121291949516008, -0.003945723110857122, -0.6708211660760323, -0.6761118188635951] [-0.6708787080504842, -0.6760542768891433, -0.00917883392396795, -0.0038881811364052023]
8100 -1.2042383666681753 0.524833841892219 0.53 [0.03052646002402098, 0.14424113719664403, 0.49697678932987616, 0.38825561344945847] [0.4994735399759793, 0.385758862803356, 0.033023210670123634, 0.14174438655054133]
8200 -0.8423233058155413 0.404382872964366 0.9 [0.04338404880602265, 0.008062881366627424, 0.8567965600138217, 0.8917565098135287] [0.8566159511939769, 0.8919371186333725, 0.043203439986178885, 0.008243490186471263]
8300 -1.0549556621050942 0.35970885253543416 0.36 [0.02176105441106856, 0.19250940955337653, 0.310197385951637, 0.1955321500839178] [0.3382389455889313, 0.1674905904466234, 0.04980261404836307, 0.16446784991608226]
8400 -0.5725929342998294 0.29608250619053283 0.42 [0.20827838038869997, 0.28964557803968594, 0.09654706386942458, 0.24552897770218962] [0.2117216196112999, 0.13035442196031405, 0.3234529361305754, 0.17447102229781022]
8500 0.2902877839170142 -0.19759164592975342 -0.09 [-0.028129044845481167, -0.08586735380087701, -0.09222783060494684, 0.02622422925130503] [-0.061870955154518986, -0.004132646199122927, 0.002227830604946798, -0.11622422925130511]
8600 0.5288850540857143 -0.2596137705822212 0.18 [0.1366246212437856, 0.17805980019318438, 0.04174433668430208, 0.0035712418787280566] [0.04337537875621439, 0.0019401998068157907, 0.13825566331569786, 0.17642875812127198]
8700 -0.5446956180522823 0.30270401534287994 0.49 [0.4664450882561806, 0.48747797462856346, 0.023581878482527727, 0.0024950586327280944] [0.023554911743819375, 0.002522025371436395, 0.46641812151747225, 0.4875049413672723]
8800 -0.22117033605041775 0.08534617844443167 0.34 [0.33727304420902393, 0.33915636616161715, 0.0027137414390236477, 0.0008568481903353287] [0.0027269557909760226, 0.0008436338383829439, 0.3372862585609764, 0.33914315180966453]
8900 -0.8647287242306136 0.48070286588436445 0.92 [0.9138031711360053, 0.8977397409095361, 0.0063650666059059625, 0.022092021348552607] [0.006196828863994674, 0.022260259090463825, 0.9136349333940946, 0.8979079786514471]
9000 -1.5904945532358905 0.8160866143483793 0.63 [0.6263437563219032, 0.5362162943636712, 0.0027351895567016248, 0.09470475975772437] [0.003656243678097161, 0.09378370563632869, 0.6272648104432984, 0.5352952402422756]
9100 -0.35305838318935767 0.20778109291117172 0.11 [0.10133742087654825, -0.00668187912964132, 0.005085023755931317, 0.12025943449716171] [0.008662579123451752, 0.11668187912964126, 0.10491497624406863, -0.010259434497161733]
9200 -0.27046643145538785 0.15145685376529536 -0.11 [-0.10667220699395469, -0.1796475351449721, -0.0029699782654730995, 0.06928972040439974] [-0.0033277930060454297, 0.06964753514497203, -0.10703002173452691, -0.17928972040439958]
9300 1.0789409022336844 -0.6224090924655505 -0.78 [-0.3041652397093551, -0.7685277714224122, -0.3897550335643621, -0.09755195530386938] [-0.4758347602906447, -0.011472228577586865, -0.39024496643563755, -0.6824480446961306]
9400 -3.401224401824044 1.3926380539856147 0.65 [0.21705435278604562, 0.21060332961717165, 0.4605619742005122, 0.41178034339627057] [0.4329456472139545, 0.4393966703828282, 0.18943802579948774, 0.23821965660372954]
9500 1.0543444074714745 -0.7286710863136553 -0.46 [-0.04097764668040638, -0.4456128130428301, -0.4187944822911427, -0.014615057985620503] [-0.41902235331959375, -0.014387186957169507, -0.041205517708857185, -0.44538494201437956]
9600 -0.28973090388057765 0.13581065437907872 0.0 [0.0065787724972857335, -0.002712629030474167, -0.09547357026390381, 0.09160742679709205] [-0.00657877249728571, 0.0027126290304742024, 0.09547357026390363, -0.09160742679709225]
9700 -1.2204553170004224 0.6014223235663662 0.76 [0.007224182944763617, 0.752160002142198, 0.42706489891649313, 0.33355091599654557] [0.7527758170552364, 0.00783999785780224, 0.3329351010835067, 0.42644908400345455]
9800 -1.4962766794743274 0.654119643031715 0.92 [0.009236257211361074, 0.9045384501417143, 0.8859637180102764, 0.040261574636648804] [0.9107637427886394, 0.015461549858286145, 0.034036281989723575, 0.8797384253633516]
9900 -2.523874480236237 1.2030855796339166 0.87 [0.03924716084142119, 0.8560657590231702, 0.7704180892587718, 0.07426899087663626] [0.830752839158579, 0.01393424097682999, 0.09958191074122727, 0.7957310091233637]
10000 -0.3733078468189594 0.21185068197262896 0.27 [0.008273076478099377, 0.26276459307421196, 0.25086457001898266, 0.018097760428706016] [0.26172692352190063, 0.0072354069257879565, 0.019135429981017422, 0.2519022395712941]
10100 0.45042475831912837 -0.25757654857233653 -0.24 [-0.014397146277008215, -0.23677919048429005, -0.22666201117146806, -0.0021616520672334666] [-0.22560285372299177, -0.0032208095157098726, -0.013337988828531792, -0.23783834793276631]
10200 -1.468565542058158 0.7730250899604436 0.74 [0.042222041355331745, 0.707116688220324, 0.6936278058839812, 0.03703346454036271] [0.697777958644668, 0.03288331177967546, 0.04637219411601883, 0.7029665354596372]
10300 -1.0765527740556848 0.5250027237500315 0.76 [0.008192175971806832, 0.7504091055219387, 0.664678941641827, 0.09671977686442723] [0.7518078240281931, 0.00959089447806115, 0.09532105835817284, 0.6632802231355732]
10400 -1.2321103490145884 0.5624303453165704 0.9 [0.012278756428228225, 0.8865431559958412, 0.4641253093458482, 0.4370527782300824] [0.8877212435717717, 0.01345684400415862, 0.4358746906541518, 0.46294722176991776]
10500 -1.8497498833092059 0.8429606974877221 0.7 [0.5539860298191733, 0.6981345290489045, 0.13866004833087092, 0.009219392801051317] [0.14601397018082704, 0.001865470951095355, 0.5613399516691291, 0.6907806071989492]
10600 -1.8900743926383012 0.8280886431423826 0.88 [0.8741424316355083, 0.494506074728233, 0.0064854198417903545, 0.38486607379446836] [0.005857568364491575, 0.385493925271767, 0.8735145801582098, 0.4951339262055318]
10700 -2.4546332029783 1.1471767051387993 0.94 [0.9320634355522556, 0.28483223409760394, 0.2097520313430981, 0.4533522990070422] [0.00793656444774422, 0.6551677659023961, 0.7302479686569018, 0.48664770099295795]
10800 -1.6461396123786847 0.7392179035453256 0.75 [0.7454859102413914, 0.13350917969999154, 0.3331586539304896, 0.28784625612812703] [0.004514089758608574, 0.6164908203000085, 0.4168413460695099, 0.462153743871873]
10900 -1.7912218730201557 0.7228131690804389 0.91 [0.905890443672542, 0.14926129460677903, 0.18056478635417686, 0.5842834753665023] [0.004109556327458193, 0.7607387053932209, 0.7294352136458235, 0.32571652463349793]
11000 -1.7646367530492844 1.0065336455736935 0.74 [0.48438687630754557, 0.253393363374997, 0.12370399916291623, 0.6185157611545411] [0.25561312369245426, 0.48660663662500314, 0.6162960008370831, 0.1214842388454591]
11100 -2.355413555039925 1.2679608823422308 0.68 [0.17710337391313025, 0.4896942919979056, 0.6685886545222566, 0.024613679566707885] [0.5028966260868701, 0.19030570800209484, 0.011411345477743242, 0.6553863204332921]
11200 -1.858517895947426 0.8320421569815273 0.8 [0.22690821808869746, 0.5774736858067498, 0.7894029456729065, 0.006215150431646519] [0.5730917819113025, 0.22252631419325056, 0.01059705432709338, 0.7937848495683529]
11300 -2.5944172086774677 1.3068234050526915 0.98 [0.023068215728755885, 0.9562356917346961, 0.717914638371265, 0.26278145416528403] [0.9569317842712443, 0.023764308265304613, 0.26208536162873514, 0.7172185458347166]
11400 -0.05466439936863688 0.05640943612215942 -0.13 [-0.0038308058447509585, -0.09400766482203383, -0.1279131188742938, -0.03424841045892149] [-0.12616919415524894, -0.035992335177966225, -0.002086881125706228, -0.09575158954107829]
11500 0.32681472077593726 -0.1700568823035088 -0.42 [-0.0005875660544935922, -0.033999465607653746, -0.41922212865039404, -0.386190839687459] [-0.41941243394550637, -0.3860005343923463, -0.0007778713496062567, -0.033809160312541164]
11600 0.16731728684412797 -0.046287012820921625 -0.08 [0.0199405384431828, -0.003290147926428207, -0.10003640869675469, -0.07661398181999993] [-0.09994053844318282, -0.0767098520735718, 0.020036408696754646, -0.003386018180000059]
11700 0.16211652399970614 0.006739003485163806 0.25 [0.0006189205588047566, -0.01067928319031066, 0.24905434647562774, 0.26100601615587804] [0.249381079441195, 0.2606792831903108, 0.0009456535243721381, -0.011006016155878047]
11800 -1.4126918783383524 0.7072691215545557 0.88 [0.007882616872557402, 0.16153367208784708, 0.870697766371733, 0.7198859446678628] [0.8721173831274427, 0.7184663279121528, 0.00930223362826703, 0.1601140553321376]
11900 -1.758542623917261 0.7955759899598115 0.92 [0.86365961206838, 0.05595069056609765, 0.740566898231759, 0.17982279913376298] [0.05634038793161943, 0.8640493094339022, 0.1794331017682411, 0.7401772008662371]
12000 -1.1941261154350642 0.6573153004836274 0.8 [0.3996902982355362, 0.40113590583596215, 0.7926179754242753, 0.00655582050422608] [0.40030970176446395, 0.3988640941640378, 0.007382024575724237, 0.7934441794957737]
12100 -1.7943297460526537 0.8365464016175795 0.96 [0.019113239800034987, 0.9394381612005954, 0.9190227727106202, 0.042425826288749684] [0.9408867601999654, 0.02056183879940481, 0.04097722728937977, 0.9175741737112506]
12200 -1.9940723592572531 0.9565978705459025 0.8 [0.5095778853580253, 0.29101916372853076, 0.7935870501336033, 0.005815900779841079] [0.2904221146419748, 0.5089808362714692, 0.006412949866396851, 0.7941840992201591]
12300 -1.5149574893995377 0.8166271981054729 0.8 [0.017888435100239738, 0.5887286460686945, 0.7854140778372289, 0.20796884099383672] [0.7821115648997606, 0.21127135393130556, 0.014585922162770765, 0.5920311590061633]
12400 0.40308251219027175 -0.14327180228048808 -0.06 [0.003128653849326304, -0.04929686292883464, -0.0628482929667424, -0.010983497953749304] [-0.06312865384932634, -0.01070313707116537, 0.002848292966742421, -0.0490165020462507]
12500 1.000074308213805 -0.4526250029207419 -0.58 [-0.0019722138690882237, -0.20931042611510325, -0.57011715280392, -0.37860020721188936] [-0.5780277861309119, -0.37068957388489676, -0.009882847196080374, -0.2013997927881112]
12600 -0.6153719065287643 0.3369715263220458 0.86 [0.005884387273385542, 0.0105669751743913, 0.8541123213521107, 0.8494363162001123] [0.8541156127266152, 0.849433024825609, 0.005887678647889254, 0.01056368379988763]
12700 -0.22737877636675466 0.1433388480445563 0.3 [-0.006125875594297877, 0.00660832514857858, 0.305296527901432, 0.29422102254428717] [0.3061258755942978, 0.29339167485142154, -0.005296527901432096, 0.005778977455712837]
12800 1.2798077886326011 -0.5943737561408164 -0.55 [-0.10463650249654669, -0.017767384364990944, -0.44513020482402305, -0.5324659083144393] [-0.4453634975034536, -0.532232615635009, -0.10486979517597689, -0.01753409168556079]
12900 -1.543045715519493 0.7743682528854144 0.87 [0.05444389702667071, 0.6203875576073647, 0.814818128635255, 0.25035041673070874] [0.8155561029733291, 0.24961244239263536, 0.055181871364744055, 0.6196495832692912]
13000 -0.09048175500961764 0.14084858008186266 0.36 [0.0052446039383771325, 0.355194295863584, 0.3940728385671071, -0.034511738369068116] [0.35475539606162293, 0.004805704136416176, -0.03407283856710723, 0.39451173836906805]
13100 -1.203515542902864 0.609640558856106 0.86 [0.036592031814826224, 0.8221282865287044, 0.8496475217092239, 0.011632159947244924] [0.8234079681851738, 0.037871713471295254, 0.01035247829077576, 0.8483678400527552]
13200 -3.531006597275765 1.5439459270299492 0.94 [0.45228024973379477, 0.900199298650924, 0.48750002538782183, 0.040020426227459015] [0.4877197502662052, 0.03980070134907555, 0.452499974612178, 0.8999795737725413]
13300 0.46021244489095375 -0.26487278582966994 0.14 [0.25026566356949437, 0.10303201795264512, -0.10884122155728938, 0.03554354003514984] [-0.11026566356949433, 0.03696798204735472, 0.24884122155728947, 0.10445645996485037]
13400 -2.621890558445214 1.229385030763279 0.72 [0.5404588058504318, 0.6090413243567041, 0.17224054329408178, 0.11825932649878249] [0.1795411941495683, 0.11095867564329577, 0.5477594567059184, 0.6017406735012182]
13500 -0.4801653641321598 0.26060550290530266 0.65 [0.579688692825109, 0.645237571301012, 0.06989876998385788, 0.005174965890020727] [0.07031130717489019, 0.004762428698988262, 0.5801012300161427, 0.6448250341099795]
13600 0.11534969449572571 -0.06138914492043233 -0.07 [0.007605376463482666, -0.18554016371269821, -0.07721466403957845, 0.1151494512887938] [-0.07760537646348288, 0.11554016371269808, 0.007214664039578694, -0.1851494512887938]
13700 -1.3452878530437038 0.47086458364823613 0.17 [0.17167746572050036, 0.011480528104936372, 0.0020192874649698554, 0.15482271870959366] [-0.001677465720500198, 0.15851947189506363, 0.16798071253502994, 0.015177281290406524]
13800 0.17200021479814318 -0.07750675222749924 0.13 [0.13029720968420605, 0.18786773619654998, -0.00208773779047019, -0.056077208090285956] [-0.000297209684205999, -0.057867736196550126, 0.13208773779047, 0.186077208090286]
13900 -3.132139325741327 1.1978070958595581 0.66 [0.08902233063005249, 0.30861490935254454, 0.581751017405352, 0.3406117426120511] [0.5709776693699475, 0.3513850906474553, 0.07824898259464796, 0.31938825738794907]
14000 -0.956888614038877 0.4980185071183001 0.48 [-0.014313975983370496, 0.3914048753627693, 0.49758076743005164, 0.08532833319054978] [0.49431397598337057, 0.0885951246372306, -0.017580767430051415, 0.39467166680945026]
14100 -3.005888130363763 1.0694668848115807 0.88 [0.6424998228669674, 0.38395373248699244, 0.2412907045921292, 0.4922557400539108] [0.23750017713303298, 0.49604626751300723, 0.6387092954078706, 0.3877442599460889]
14200 -1.8412108215721437 1.0646695649728755 0.88 [0.7951607808889115, 0.6065438584640733, 0.08226897400201763, 0.2760263866449976] [0.08483921911108902, 0.2734561415359261, 0.7977310259979825, 0.6039736133550023]
14300 0.552358975204136 -0.30769405145702433 -0.37 [-0.36396344761434457, -0.19872302969619174, -0.00806726784343315, -0.16924625484603018] [-0.006036552385655155, -0.1712769703038081, -0.36193273215656696, -0.20075374515397013]
14400 0.4693341724039927 -0.26080067464274637 -0.29 [-0.18292391318400106, -0.15164598833959564, -0.13595765264962204, -0.10947244582678098] [-0.10707608681599905, -0.13835401166040395, -0.1540423473503777, -0.18052755417321895]
14500 -0.565029959910493 0.18794418150514963 0.62 [0.3788036158856235, 0.6141128576964998, 0.241249646871216, 0.005833879546660401] [0.24119638411437677, 0.005887142303499825, 0.3787503531287838, 0.6141661204533397]
14600 0.04548640394250295 -0.09007911431850711 0.28 [0.2775965505765959, 0.3102986635813661, 0.002706011415452873, -0.03060122557341513] [0.0024034494234040507, -0.0302986635813663, 0.2772939885845473, 0.31060122557341535]
14700 0.5138264717769493 -0.2409326786491032 -0.2 [-0.191840920150059, -0.0005561891786589209, -0.028349532890177755, -0.17925335778110452] [-0.00815907984994093, -0.19944381082134097, -0.17165046710982207, -0.02074664221889585]
14800 -0.4421178820173858 0.19449794378757695 -0.02 [0.35031367060032115, -0.16948853391859003, -0.37696772691145625, 0.15614259022972496] [-0.37031367060032155, 0.1494885339185899, 0.35696772691145634, -0.17614259022972487]
14900 1.6051789680150503 -0.7425362964669524 -0.68 [-0.15632279051093956, -0.6719152689088328, -0.5225365736821709, -0.009225366898056763] [-0.5236772094890607, -0.008084731091166837, -0.15746342631782934, -0.6707746331019435]
15000 -1.125756392552294 0.46722427844271075 0.4 [0.02379253952003567, 0.3979432863928733, 0.297601416231716, 0.0806627578553753] [0.3762074604799645, 0.002056713607126721, 0.10239858376828413, 0.3193372421446248]
15100 -1.8957345672045451 1.0915092218901803 0.94 [0.14449796992516462, 0.7961578014715432, 0.9243966654035566, 0.014947563199735059] [0.7955020300748352, 0.1438421985284563, 0.015603334596443228, 0.925052436800265]
15200 -1.8464056572108758 1.0028905588842696 0.55 [0.04324820868993185, 0.3494670359070035, 0.5417327123052317, 0.1655520430978326] [0.5067517913100685, 0.20053296409299626, 0.008267287694767998, 0.3844479569021675]
15300 0.23916147481487177 -0.038627058933595394 -0.04 [0.0010848252330205232, -0.0031070858375734423, -0.04101249261423137, -0.036965246781215745] [-0.04108482523302055, -0.036892914162426405, 0.00101249261423135, -0.003034753218784319]
15400 0.5653693351250372 -0.2403797493303464 -0.05 [-0.003254345219151949, -0.2246959231145178, -0.045609928476059214, 0.1735601968097287] [-0.046745654780847995, 0.17469592311451776, -0.004390071523940908, -0.22356019680972877]
15500 -0.5179303110352852 0.20996050621042564 0.3 [0.005580044425960261, 0.26543104448314225, 0.295727458772805, 0.033261452318092286] [0.29441995557403994, 0.034568955516857736, 0.004272541227194801, 0.26673854768190747]
15600 -1.6044877885065265 0.7805224948344965 0.72 [0.018043429278569702, 0.702949439720949, 0.4980562233774895, 0.2209509076229916] [0.7019565707214303, 0.017050560279050657, 0.22194377662251036, 0.4990490923770083]
15700 -0.8179716995323713 0.45315176464573115 0.9 [0.013862374206460273, 0.8864064118798235, 0.10099068615139092, 0.7987405277623252] [0.8861376257935405, 0.013593588120176282, 0.7990093138486085, 0.10125947223767497]
15800 -1.9251993655171773 0.9100013593510612 0.98 [0.01785382692592973, 0.9617915486834719, 0.07234228755511424, 0.9080123368354842] [0.9621461730740698, 0.018208451316528144, 0.9076577124448858, 0.07198766316451598]
15900 -1.20650723882907 0.6045581323946955 0.96 [0.009439707689497655, 0.9488596236263989, 0.5323058129417607, 0.4293948557423424] [0.9505602923105029, 0.01114037637360079, 0.42769418705823936, 0.5306051442576577]
16000 -3.4445900853964355 1.537366338361693 0.98 [0.38750240640083816, 0.8412560702065537, 0.17449724734370392, 0.5567442760489041] [0.5924975935991614, 0.13874392979344657, 0.8055027526562959, 0.4232557239510959]
16100 -1.5502091760808014 0.7741088666260002 0.84 [0.46790432513750474, 0.5902786070714213, 0.6045237396475354, 0.01729332814353897] [0.37209567486249545, 0.24972139292857898, 0.23547626035246463, 0.8227066718564613]
16200 -0.5781248392854528 0.367677918205857 0.62 [0.5846912736442994, 0.035560172635348365, 0.6077230250028736, 0.01202552871747872] [0.035308726355700475, 0.5844398273646515, 0.01227697499712656, 0.6079744712825212]
16300 -0.854253308851048 0.45553423435503754 0.69 [0.16115341638504868, 0.5322228369830595, 0.6752199138778923, 0.01140383275400001] [0.5288465836149514, 0.15777716301694056, 0.014780086122107789, 0.6785961672459999]
16400 -1.6767667801499118 0.9269802184506304 0.87 [0.027284005099212097, 0.8411113923179979, 0.8484023488625363, 0.02320225372025339] [0.8427159949007884, 0.028888607682001896, 0.021597651137463415, 0.8467977462797465]
16500 -0.8695123287883441 0.3545259641773139 0.56 [0.0005720523525772818, 0.5601686639749367, 0.2941003845283643, 0.26515889914412155] [0.5594279476474228, -0.00016866397493669064, 0.2658996154716355, 0.29484110085587845]
16600 -2.520745226686601 1.1040271583902006 0.9 [0.1584594536164603, 0.7982697968618518, 0.7798571545345656, 0.063413594987122] [0.7415405463835403, 0.10173020313814822, 0.12014284546543384, 0.8365864050128787]
16700 -0.2997203065113031 0.16131058447400412 0.26 [-0.01365589377501964, 0.2814366763826986, 0.22697732114918456, 0.025241896243136375] [0.2736558937750195, -0.02143667638269869, 0.03302267885081538, 0.2347581037568638]
16800 -1.916092840024089 0.8861677207626802 0.96 [0.10138063762252754, 0.8470266547256938, 0.8578863909553232, 0.11370631669645533] [0.8586193623774725, 0.11297334527430591, 0.10211360904467685, 0.8462936833035445]
16900 -0.8418145022842112 0.4634421448188483 0.49 [0.37829579056754553, 0.106730053991378, 0.48455799355433127, 0.010416161886744603] [0.11170420943245421, 0.38326994600862185, 0.00544200644566847, 0.4795838381132551]
17000 -0.6467878703865187 0.26310904899768844 0.65 [-0.024401228307836836, 0.6644420133156173, 0.6532163912717773, 0.006742823720442353] [0.6744012283078371, -0.014442013315617078, -0.003216391271777415, 0.6432571762795577]
17100 -0.879784179384063 0.38926815755664135 0.7 [0.01157067122643967, 0.6882146880828615, 0.6925411686170595, 0.0076734720736385134] [0.6884293287735604, 0.011785311917138077, 0.007458831382940044, 0.6923265279263616]
17200 -1.755748588547141 0.8301687409085635 0.7 [0.11471530335370785, 0.6940142417210832, 0.5624581036524666, 0.028812351272741975] [0.5852846966462917, 0.005985758278916474, 0.13754189634753325, 0.6711876487272578]
17300 -1.6941823507647293 0.844601548034001 0.9 [0.017792042676267605, 0.8920775419988884, 0.6846741259303866, 0.20545628939445773] [0.8822079573237328, 0.007922458001112081, 0.21532587406961312, 0.694543710605542]
17400 -1.3191824541141666 0.5879609286219122 0.58 [0.005372647786770987, 0.5206339091158155, 0.4724627169183425, 0.16153072617907113] [0.5746273522132291, 0.05936609088418428, 0.10753728308165764, 0.41846927382092913]
17500 -0.032913480979795115 0.019302705169453996 0.0 [0.08184633312394177, 0.04073772687863317, -0.08133871031696653, -0.04124534968560834] [-0.08184633312394178, -0.04073772687863324, 0.08133871031696657, 0.04124534968560832]
17600 0.21922290399960645 -0.10600212320220365 -0.24 [0.0022195987552234542, -0.00032191669343869253, -0.24302654348938357, -0.238871138572401] [-0.24221959875522342, -0.23967808330656123, 0.003026543489383529, -0.0011288614275988171]
17700 -0.9823499743673365 0.45633584636299857 0.4 [0.28861125228186957, 0.21768839744735607, 0.1165016360597821, 0.17719871421099267] [0.11138874771813048, 0.182311602552644, 0.2834983639402176, 0.22280128578900738]
17800 -1.2010375843061905 0.6387831902604573 0.74 [0.021590534735195014, 0.6714682872712474, 0.7175819615656017, 0.06935921642795638] [0.7184094652648046, 0.06853171272875304, 0.022418038434398286, 0.6706407835720438]
17900 -3.0829121033815836 1.1856069684911408 0.72 [0.6330431200978628, 0.08807865057519045, 0.4080978875843637, 0.31078034174258284] [0.08695687990213719, 0.6319213494248096, 0.3119021124156362, 0.40921965825741713]
18000 -1.6199106932767307 0.7333433562119046 0.66 [0.6259213019964089, 0.3019797816423326, 0.24679824856375915, 0.14530066779749926] [0.034078698003590945, 0.3580202183576674, 0.4132017514362412, 0.5146993322025009]
18100 -0.9849631232309778 0.4934559437578569 0.78 [0.5107840308250217, 0.7722773574671332, 0.2701449506988915, 0.0067936610089536775] [0.2692159691749785, 0.0077226425328664776, 0.5098550493011085, 0.7732063389910461]
18200 0.3040941962046666 -0.17823041222077296 0.18 [0.1805352613667624, 0.15743929713055263, 0.021280346931528058, 0.0007450945711568537] [-0.0005352613667622547, 0.02256070286944735, 0.15871965306847202, 0.17925490542884318]
18300 -0.5879393355554613 0.2970530229561237 0.3 [0.0025783971175174507, 0.29636350437505354, 0.27536696133725397, 0.025691137170175144] [0.29742160288248254, 0.003636495624946218, 0.024633038662746302, 0.2743088628298247]
18400 1.7095322752996396 -0.7821802105703322 -0.75 [-0.19566330569688206, -0.7416522049776585, -0.5563330053071698, -0.006351484018290149] [-0.5543366943031183, -0.008347795022341785, -0.1936669946928301, -0.7436485159817099]
18500 -0.40188608830767686 0.11591896381925451 0.09 [-0.06572125477197818, 0.018824507700987016, 0.23659195219303794, -0.009695205122047053] [0.15572125477197818, 0.07117549229901293, -0.1465919521930381, 0.09969520512204699]
18600 -1.5542976699889544 0.8169913367568123 0.92 [0.8719167905474999, 0.05099746497001162, 0.06888569309029045, 0.8482000513921971] [0.0480832094524995, 0.8690025350299889, 0.8511143069097095, 0.07179994860780273]
18700 -1.3098012765542708 0.6422660258628414 0.84 [0.8191550410892383, 0.024889867701776053, 0.015233248325602735, 0.8207218428833833] [0.020844958910762275, 0.8151101322982237, 0.8247667516743965, 0.019278157116616613]
18800 -1.3171590404515154 0.573755836151466 0.9 [0.888447788905503, 0.01743031603724675, 0.041674551305450745, 0.8524473437517999] [0.01155221109449735, 0.8825696839627534, 0.8583254486945492, 0.04755265624820017]
18900 0.5691744476814632 -0.24905549928255538 -0.29 [-0.20931655396778465, -0.08473607752048487, -0.023666115351077384, -0.26228125316065304] [-0.08068344603221533, -0.20526392247951503, -0.2663338846489226, -0.027718746839347063]
19000 -1.061488323029592 0.40004009858999195 0.51 [0.46890698904224687, 0.010712583337637284, 0.04057009277261196, 0.499810334847504] [0.041093010957753195, 0.49928741666236287, 0.4694299072273879, 0.010189665152496091]
19100 0.8277315288154838 -0.5346125675419879 -0.41 [-0.20351438293959334, -0.0043803293967292975, -0.2054980357470073, -0.4066072519166702] [-0.20648561706040666, -0.4056196706032706, -0.20450196425299275, -0.0033927480833298223]
19200 0.8588696251372633 -0.31422882570469873 -0.19 [-0.1636471831723862, -0.0032892929886930034, -0.020584213305446374, -0.19247931053347447] [-0.026352816827613892, -0.18671070701130674, -0.1694157866945536, 0.002479310533474476]
19300 -1.2868200825475355 0.5967210170136111 0.98 [0.9690147431434772, 0.011100955659603838, 0.19628793472006414, 0.7835963664768552] [0.010985256856522747, 0.9688990443403963, 0.7837120652799365, 0.19640363352314533]
19400 -0.7923730480332957 0.38298642494629304 0.96 [0.7655688057653753, 0.19426929107400248, 0.9518164875683515, 0.008345415592271215] [0.1944311942346243, 0.7657307089259975, 0.008183512431649357, 0.9516545844077291]
19500 -1.0929480040527149 0.48072868602497904 0.8 [0.009982235544504538, 0.7904011446278346, 0.788748395151101, 0.010868224676559103] [0.7900177644554951, 0.009598855372164776, 0.011251604848898806, 0.789131775323441]
19600 -1.3219967353136093 0.587499984895508 0.7 [0.005881289455165731, 0.6509113240736434, 0.6520541990316012, 0.09115318743958994] [0.6941187105448345, 0.049088675926356844, 0.047945800968398684, 0.6088468125604102]
19700 -2.041241297436406 0.9599487213438992 0.82 [0.00895417824185057, 0.7956933778253926, 0.5458887253792372, 0.2894637185535196] [0.8110458217581492, 0.024306622174607117, 0.2741112746207627, 0.5305362814464807]
19800 -0.5679093674278596 0.25285262701360234 0.88 [0.004196761054328865, 0.8757729166233037, 0.006572903294235402, 0.8734574190281325] [0.8758032389456716, 0.004227083376696302, 0.8734270967057642, 0.006542580971867992]
19900 -1.017062805348158 0.4719125885210914 0.96 [0.04909535622548645, 0.9488337919183669, 0.34653687005082034, 0.5755339818053267] [0.9109046437745136, 0.011166208081633197, 0.6134631299491803, 0.38446601819467363]
20000 -0.8617885268813744 0.2164082594173812 0.26 [-0.00488286090724213, 0.39007982861399865, 0.26479694995854913, -0.12999391766530552] [0.2648828609072421, -0.13007982861399864, -0.004796949958549033, 0.3899939176653055]
20100 -1.8495415707035259 0.7491471756402897 0.78 [0.00026824718508495013, 0.7085071086427785, 0.7803735819729143, 0.07085106219922205] [0.779731752814915, 0.07149289135722121, -0.00037358197291437, 0.7091489378007779]
20200 -0.8534941058714933 0.5528804289179253 0.68 [0.13385713169303812, 0.5478074161174952, 0.6653659574602132, 0.012969494729253284] [0.5461428683069622, 0.13219258388250488, 0.014634042539786436, 0.6670305052707463]
20300 -1.4682257324531158 0.8079749367724095 0.68 [0.4249385667013895, 0.25445241297533966, 0.6705906495705919, 0.01001837075267868] [0.2550614332986105, 0.4255475870246602, 0.009409350429407997, 0.6699816292473219]
20400 -0.4102381811558027 0.3258002232526966 0.28 [0.07525204911055279, 0.2040017514669733, 0.27360895850844175, 0.0071372409140320866] [0.2047479508894473, 0.07599824853302638, 0.006391041491558383, 0.2728627590859683]
20500 -0.7992461586046385 0.3872895842322865 0.32 [0.03437134557722637, 0.27291971517657637, 0.3190256212085889, 0.013683318037608421] [0.2856286544227736, 0.047080284823423454, 0.0009743787914111984, 0.3063166819623916]
20600 -2.002249987802293 1.030705963580236 0.98 [0.10123009450836079, 0.8785867512972948, 0.9675675413386735, 0.012615612855670071] [0.8787699054916395, 0.101413248702705, 0.012432458661325784, 0.9673843871443296]
20700 -1.2644558263321721 0.6261551782407957 0.82 [0.16913377584955247, 0.6524701919934179, 0.8066114403084462, 0.011784591848582776] [0.6508662241504475, 0.16752980800658135, 0.01338855969155381, 0.8082154081514175]
20800 -1.0135649665854647 0.552718860094662 0.44 [0.002949000979530081, 0.43664509465824225, 0.34814740390178306, 0.09225850046044508] [0.43705099902046973, 0.0033549053417579818, 0.09185259609821707, 0.34774149953955524]
20900 -1.09524419181031 0.5618869200838595 0.58 [0.0075378011259679715, 0.5651572860510592, 0.4936143070912158, 0.09369060573175679] [0.5724621988740323, 0.014842713948940591, 0.08638569290878387, 0.48630939426824343]
21000 -1.347173853074675 0.5689561407617054 0.8 [-0.0019436730726385164, 0.8057099591364637, 0.7854675731133441, 0.0107661408228314] [0.8019436730726386, -0.00570995913646315, 0.01453242688665596, 0.7892338591771684]
21100 -0.8908526506016091 0.37419255518811134 0.6 [0.0063092690138679694, 0.5925996401318431, 0.5942277064234079, 0.006863384430880605] [0.5936907309861318, 0.007400359868156498, 0.005772293576592012, 0.5931366155691198]
21200 -1.357755926736586 0.6550724284959825 0.94 [0.012151574747511308, 0.9212854326837576, 0.9282084727736024, 0.0183545197951283] [0.927848425252489, 0.01871456731624254, 0.01179152722639695, 0.9216454802048719]
21300 -1.4830230381556944 0.6872712664235966 0.88 [0.012293515424009145, 0.7942924701213566, 0.8614413419080783, 0.09197267254655647] [0.8677064845759906, 0.08570752987864416, 0.01855865809192137, 0.7880273274534436]
21400 -1.012851286681299 0.48783498540862075 0.7 [0.011587013334124364, 0.6875865964148298, 0.6910484908048141, 0.00977789944623164] [0.6884129866658756, 0.012413403585170396, 0.008951509195185541, 0.6902221005537692]
21500 -1.2445184758201173 0.5979155741912473 0.83 [0.012095930938056327, 0.8189472098226201, 0.8059391597130073, 0.02301769952631648] [0.8179040690619443, 0.011052790177379972, 0.024060840286992735, 0.8069823004736834]
21600 -0.5824639035266355 0.21113337748182728 0.51 [0.006168935618093602, 0.5050623454427859, 0.5063636489189839, 0.002405070020137035] [0.5038310643819062, 0.004937654557214331, 0.003636351081016291, 0.5075949299798629]
21700 0.07324291351961348 -0.13297558318583205 0.02 [-0.0005821881707136806, 0.09656481205655666, 0.021335948344067893, -0.077318572229911] [0.020582188170713684, -0.07656481205655653, -0.0013359483440679146, 0.09731857222991096]
21800 -0.19286689180103544 0.1833875405969025 0.31 [0.006986518323955423, -0.21365344518307758, 0.30254313907761704, 0.5241237877815048] [0.30301348167604447, 0.5236534451830774, 0.007456860922382767, -0.21412378778150484]
21900 -0.19814728756355968 -0.03472125264120917 0.17 [0.3682478040553099, 0.0008344805731372292, -0.19683352670707488, 0.1677512420786277] [-0.19824780405530984, 0.16916551942686298, 0.366833526707075, 0.0022487579213721757]
22000 -0.9554034667229984 0.5021763004060624 0.61 [0.6018593542689489, 0.01867023316350995, 0.0017591917605790243, 0.5977112208069619] [0.00814064573105108, 0.5913297668364901, 0.6082408082394211, 0.01228877919303797]
22100 -0.9753373778395894 0.593304298043677 0.59 [0.5782858356124756, 0.017669275929853748, 0.011720366693081498, 0.572324521764589] [0.0117141643875242, 0.5723307240701461, 0.5782796333069186, 0.017675478235411154]
22200 -1.2069487813350934 0.5601552172208588 0.96 [0.953696467652195, 0.006663878953113702, 0.6562340246537173, 0.30340562874097426] [0.006303532347804829, 0.9533361210468861, 0.3037659753462827, 0.656594371259026]
22300 -1.0472908221867396 0.5098220536739734 0.9 [0.5023697748325809, 0.38361385975539525, 0.8918625815790666, 0.022153783832957488] [0.39763022516741947, 0.5163861402446047, 0.00813741842093321, 0.8778462161670423]
22400 -1.3926381604740359 0.7173340066189074 0.98 [0.031937919449461824, 0.7679771719419091, 0.9662412305958186, 0.19384367801280977] [0.9480620805505384, 0.21202282805809045, 0.013758769404180833, 0.7861563219871901]
22500 -1.7732040105710658 0.9758190099306507 0.82 [0.13722785439134724, 0.6833431647386496, 0.8083650450604875, 0.011063935809515807] [0.6827721456086527, 0.13665683526135072, 0.011634954939512361, 0.8089360641904846]
22600 -0.32648993796951475 0.1542170137879424 0.21 [0.004688805873912884, 0.20854115856473182, 0.2022991927379908, 0.0044708428233644] [0.20531119412608717, 0.0014588414352682893, 0.0077008072620089576, 0.20552915717663556]
22700 -0.3269681210692547 0.13707277028230883 0.33 [-0.0017541687043609343, 0.026688222555751873, 0.3283402380266245, 0.3067257081219845] [0.331754168704361, 0.30331177744424814, 0.0016597619733753261, 0.023274291878015673]
22800 -0.8206365096161647 0.4248696210525826 0.64 [0.017483575691328034, 0.6202426434972002, 0.632796788424555, 0.009476992386916594] [0.6225164243086722, 0.019757356502799864, 0.0072032115754446764, 0.6305230076130836]
22900 -1.266434296134014 0.6351042105645859 0.88 [0.014268552662823524, 0.8672355575303307, 0.8643331540892442, 0.014162735717602303] [0.8657314473371766, 0.012764442469669558, 0.015666845910756136, 0.8658372642823978]
23000 -1.0619172295229462 0.46736030177353965 0.92 [0.009920526885376379, 0.9090811043948038, 0.9106852494875946, 0.010313119232224763] [0.910079473114624, 0.010918895605195733, 0.009314750512405328, 0.9096868807677749]
23100 -0.875969009744935 0.44033818565771254 0.78 [0.0054835914974086745, 0.45522720048865367, 0.7626389747620315, 0.3366502332519063] [0.7745164085025911, 0.32477279951134636, 0.01736102523796862, 0.44334976674809357]
23200 0.5838305314856401 -0.48074549456815097 -0.26 [0.025812981143065933, -0.20181511237285898, -0.23928340140614815, -0.10471446736405875] [-0.2858129811430659, -0.058184887627140754, -0.020716598593851915, -0.15528553263594136]
23300 -1.753760038938645 0.9155950493336775 0.58 [0.08479469371892662, 0.5371060942807336, 0.49617713816901876, 0.04192207383132121] [0.49520530628107345, 0.042893905719266295, 0.08382286183098131, 0.5380779261686787]
23400 -0.6123347735549826 0.29847979446095463 -0.11 [-0.2596451997033962, 0.18060700962253423, 0.14983294496495553, -0.2907947548840932] [0.14964519970339643, -0.2906070096225342, -0.25983294496495557, 0.18079475488409344]
23500 0.4567260655176329 -0.17033463591279166 -0.31 [-0.34411513810125127, -0.04957518944378261, 0.0790015701660724, -0.3053112426210382] [0.03411513810125153, -0.26042481055621736, -0.3890015701660725, -0.004688757378961789]
23600 -1.6447898684498334 0.8462664349497832 0.58 [0.5234513668673093, 0.05875702288433412, 0.004830793520372558, 0.5729608167279836] [0.05654863313269063, 0.5212429771156659, 0.5751692064796273, 0.007039183272016136]
23700 -3.1297040673183005 1.3151455345915934 0.98 [0.16882176694984868, 0.8102962958407415, 0.22800849202953097, 0.7528734451798779] [0.8111782330501505, 0.1697037041592581, 0.7519915079704689, 0.22712655482012184]
23800 -1.6097614216729728 0.7618957250517875 0.94 [0.4530302082114764, 0.48783397570594045, 0.14623056403885967, 0.7929052520437233] [0.4869697917885236, 0.45216602429405967, 0.7937694359611401, 0.147094747956277]
23900 -1.9280495276306615 0.8724475613147625 0.86 [0.7409257545586564, 0.11856077295042784, 0.31704267268029956, 0.5434707998106164] [0.11907424544134364, 0.7414392270495724, 0.5429573273197, 0.3165292001893839]
24000 -2.3983341496903954 1.1921229756004423 0.84 [0.11308242685097586, 0.6879946475710672, 0.7483535358561361, 0.13056938972182172] [0.7269175731490242, 0.15200535242893343, 0.09164646414386396, 0.7094306102781782]
24100 0.16787849384345666 -0.10656523908596303 0.02 [0.041914105424104765, -0.025919487769907035, 0.027291172850939845, -0.0032857905051375674] [-0.02191410542410475, 0.04591948776990706, -0.0072911728509398145, 0.023285790505137616]
24200 -0.8021378823585732 0.3360537477335677 0.32 [0.22399162884928178, 0.08388465648786109, 0.3623672561158317, -0.030243541452975028] [0.09600837115071784, 0.23611534351213898, -0.04236725611583172, 0.35024354145297465]
24300 0.31771045271796744 -0.13136659030623796 -0.01 [-0.008426921103889104, -0.0033175627429194543, -0.001881806024504096, -0.006373710128687283] [-0.0015730788961108183, -0.006682437257080436, -0.008118193975495873, -0.0036262898713127567]
24400 -0.048803685270936724 0.08888169350126422 -0.12 [-0.12760728063059196, 0.001702493880472037, 0.0066294456857000335, -0.12072465893558029] [0.007607280630591858, -0.12170249388047233, -0.12662944568570003, 0.000724658935580236]
24500 0.17134641230989905 -0.03782632500545097 0.03 [0.027231530758094397, 0.0013635375835504273, -0.00368626119223142, 0.035091192850586685] [0.002768469241905703, 0.028636462416449647, 0.03368626119223143, -0.005091192850586721]
24600 -1.8062052061598832 0.9177772590287665 0.88 [0.7876703997287942, 0.09201489796453671, 0.050582437740403385, 0.8297322645662655] [0.09232960027120578, 0.7879851020354632, 0.8294175622595965, 0.05026773543373447]
24700 -2.2017201821275263 0.9150999675558534 0.94 [0.08079995757792076, 0.8564496303903055, 0.743056172885236, 0.19969423914653742] [0.8592000424220793, 0.083550369609694, 0.19694382711476396, 0.7403057608534626]
24800 -0.37634569514908106 0.2845537687777884 0.12 [0.08614661886940667, 0.03238779198599386, 0.06936215175560584, 0.05210343738899351] [0.033853381130593385, 0.08761220801400603, 0.050637848244394205, 0.06789656261100654]
24900 -0.786424256708646 0.42534740452416264 0.46 [0.4582248966657022, 0.036938801888550005, 0.21523387301329513, 0.20960242843245272] [0.0017751033342978128, 0.42306119811144993, 0.244766126986705, 0.2503975715675475]
25000 -1.0729433080739326 0.5385139212578651 0.78 [0.7689726516290635, 0.011684280264751873, 0.012418603448840024, 0.7669244646573439] [0.011027348370936298, 0.768315719735248, 0.7675813965511601, 0.013075535342655674]
25100 -0.9725288951962955 0.5986317562671083 0.76 [0.7186783799653034, 0.011789930307208872, 0.47882044933565326, 0.3107112403918342] [0.04132162003469674, 0.7482100696927912, 0.2811795506643466, 0.4492887596081656]
25200 -1.291102835411821 0.6981084475926839 0.81 [0.7899530888638218, 0.01916222867994655, 0.014750395913652601, 0.7961342865425791] [0.02004691113617825, 0.7908377713200536, 0.7952496040863468, 0.013865713457420999]
25300 -0.2511390279241448 0.11068737275845353 0.23 [0.22826700319649698, 0.0022016352959053215, 0.0026171916213109225, 0.22691416988628696] [0.0017329968035030394, 0.2277983647040947, 0.22738280837868902, 0.003085830113713225]
25400 -0.8240058022939949 0.37739638447847085 0.63 [0.6242171615219131, 0.008188687902212754, 0.015054869077358757, 0.612539281498515] [0.00578283847808679, 0.6218113120977875, 0.614945130922641, 0.017460718501484798]
25500 -0.9698552016766103 0.6016748623230366 0.77 [0.7518830577810891, 0.2218557244065925, 0.011835010090778326, 0.55442620772154] [0.01811694221891063, 0.5481442755934076, 0.7581649899092219, 0.2155737922784602]
25600 -1.435030684116632 0.6522558793904132 0.88 [0.8655438657909277, 0.022713725999640645, 0.012256223036351578, 0.8594861851730795] [0.014456134209072024, 0.85728627400036, 0.8677437769636482, 0.02051381482692031]
25700 -1.5922576611016586 0.7553201773714655 1.0 [0.9750969974517397, 0.024258333538574043, 0.016613499192271536, 0.9840311698174142] [0.024903002548260125, 0.9757416664614253, 0.9833865008077283, 0.015968830182585568]
25800 -1.594318290221631 0.7100839810232933 0.96 [0.9485558165454028, 0.012993098035502675, 0.022404905703158107, 0.9360461797159364] [0.011444183454597301, 0.9470069019644971, 0.9375950942968418, 0.02395382028406361]
25900 -1.190181880991194 0.4962361844507716 0.76 [0.7427099171361465, 0.02043200898803253, 0.033102523916209915, 0.7237555499596118] [0.017290082863853633, 0.7395679910119679, 0.7268974760837894, 0.036244450040388905]
26000 -1.7076688138720502 0.8625454908119566 0.96 [0.9490367849975416, 0.0192245874359248, 0.06266866479207887, 0.8890699627744547] [0.010963215002458589, 0.9407754125640754, 0.8973313352079209, 0.07093003722554532]
26100 -0.6135539144741534 0.2892224082751537 0.3 [0.29712140902929396, 0.018055674624044765, 0.005923984743535329, 0.2788989316031258] [0.0028785909707058055, 0.28194432537595554, 0.2940760152564646, 0.02110106839687437]
26200 -0.24146995291314283 0.11022873214599052 -0.02 [-0.053573167864813226, -0.13725940209113202, 0.1105961883721294, 0.04023638158381572] [0.03357316786481301, 0.11725940209113216, -0.13059618837212936, -0.060236381583815744]
26300 -0.8960297219709051 0.5395451122990719 0.34 [0.3305866241849077, 0.007463779593076478, 0.05080360967365837, 0.29114598654835744] [0.009413375815092313, 0.33253622040692354, 0.2891963903263416, 0.048854013451642635]
26400 -0.4725305063345996 0.23588721721187486 0.32 [0.3096131865929514, 0.005809593071840305, -0.008668875096835432, 0.33324609543204403] [0.010386813407048572, 0.3141904069281595, 0.32866887509683523, -0.013246095432043687]
26500 -1.0449948386973296 0.5444730057354309 0.68 [0.6683902370154317, 0.01623455517662758, -0.0011635295821889422, 0.6765387373901303] [0.011609762984568586, 0.6637654448233722, 0.6811635295821893, 0.003461262609870161]
26600 -1.3383151021674897 0.5516937357569709 0.48 [0.45224072639005347, 0.01018297772066075, 0.025395288300877557, 0.47218100758840786] [0.027759273609946167, 0.46981702227933914, 0.4546047116991226, 0.007818992411592248]
26700 0.08795692406856796 -0.05985463639508845 -0.09 [-0.07730075609915991, -0.26630499186610923, -0.014583353059406943, 0.17818910102467606] [-0.012699243900839888, 0.176304991866109, -0.07541664694059329, -0.268189101024676]
26800 -0.45952810502481733 0.1923961772859013 0.26 [0.2538217293572997, 0.0014810495472339885, 0.006598957830541553, 0.25809826326492485] [0.006178270642700378, 0.25851895045276607, 0.25340104216945847, 0.0019017367350751952]
26900 -1.6432872328555426 0.8138217776734793 0.34 [0.2386658952296744, 0.03964125796899147, 0.10524151489449524, 0.2964513319068389] [0.10133410477032553, 0.30035874203100843, 0.23475848510550462, 0.043548668093161276]
27000 0.15712214000282806 -0.08545333688872808 0.01 [-0.03699321044581175, 0.2042027744642518, -0.12469961791640113, -0.022509946102038936] [0.04699321044581173, -0.19420277446425196, 0.13469961791640114, 0.03250994610203899]
27100 -1.3839119207625274 0.6083297501638651 0.72 [0.5894843055715158, 0.6908603206441888, 0.1288120582177535, 0.030843315566542247] [0.13051569442848446, 0.029139679355811278, 0.5911879417822467, 0.6891566844334581]
27200 -1.5117739835966637 0.5134525165659007 0.44 [0.12380819894419134, 0.37934898261575767, 0.09472342949150589, 0.2821193889485451] [0.3161918010558087, 0.060651017384242174, 0.34527657050849425, 0.15788061105145496]
27300 -1.4638653129172223 0.7216473712980677 0.86 [0.007473475163268957, 0.8514934136720956, 0.6673525422264374, 0.19368056893819807] [0.8525265248367304, 0.008506586327904296, 0.1926474577735627, 0.6663194310618019]
27400 -0.9214266025829763 0.4679947659858746 0.62 [-0.0036146433237924814, 0.6298829414433972, 0.602029684270729, 0.011702017609666292] [0.6236146433237927, -0.009882941443397552, 0.017970315729271265, 0.6082979823903341]
27500 -0.705294827329043 0.25823221172080496 0.28 [0.003583408487629804, 0.2753797935596726, 0.12379609452167291, 0.1572407034310246] [0.27641659151237047, 0.0046202064403274125, 0.1562039054783269, 0.1227592965689754]
27600 -1.464486812438959 0.8371076384844344 0.72 [0.23627394527044443, 0.42853371417745906, 0.16227132494507296, 0.6129210156070236] [0.48372605472955577, 0.2914662858225411, 0.5577286750549271, 0.10707898439297647]
27700 -0.920209959564641 0.48233069684726865 0.94 [0.9288932480250577, 0.6999415333855122, 0.006834335016684192, 0.24433088357274613] [0.011106751974942299, 0.2400584666144879, 0.9331656649833154, 0.695669116427254]
27800 -1.3392943605348604 0.5865520506384325 0.76 [0.19758355913415798, 0.005366825088558889, 0.5626084742393851, 0.754441141537898] [0.562416440865842, 0.7546331749114414, 0.197391525760615, 0.005558858462102154]
27900 -1.7539694941496302 0.8135777516122523 0.86 [0.3866290613519483, 0.007256884511983983, 0.4729747774227269, 0.8531392767133414] [0.47337093864805196, 0.8527431154880162, 0.3870252225772728, 0.00686072328665902]
28000 -0.07549576085215297 0.012004049913965214 0.06 [0.05951808908287072, 0.0004436209790727051, -0.000199852527240249, 0.06023814246529687] [0.0004819109171292114, 0.05955637902092731, 0.060199852527240194, -0.0002381424652967587]
28100 -0.8554253742077974 0.27475620655267297 0.2 [0.19666481825518914, 0.009307247919580418, -0.0004731138410677388, 0.19450104766629794] [0.0033351817448108233, 0.19069275208041958, 0.20047311384106778, 0.005498952333701976]
28200 -1.2057840717653938 0.5282707564048882 0.7 [0.06232977391462398, 0.005777132453059913, 0.6389972803904495, 0.6928958132418669] [0.637670226085376, 0.6942228675469397, 0.0610027196095508, 0.007104186758133133]
28300 -0.41701381229917656 0.1298183894447078 0.46 [-0.05780346487495781, 0.0023600405264618037, 0.5174698112346572, 0.45797361311383866] [0.5178034648749579, 0.45763995947353786, -0.05746981123465724, 0.0020263868861612583]
28400 -1.3695729959902807 0.7894092608809103 0.4 [0.22361855880925682, 0.005159311640902025, 0.17618192022192225, 0.39504020932791895] [0.17638144119074325, 0.394840688359098, 0.22381807977807777, 0.004959790672080993]
28500 -1.59674197904677 0.8220128706156502 0.45 [0.14835260729811592, 0.0027688200253325568, 0.3018281769524892, 0.44705039572406213] [0.3016473927018843, 0.4472311799746672, 0.14817182304751084, 0.002949604275937626]
28600 -0.43239786350440795 0.18917550707477365 -0.19 [-0.26671478348295724, 0.000986579579836255, 0.06905053785687881, -0.18332233395375788] [0.07671478348295738, -0.1909865795798363, -0.2590505378568786, -0.006677666046242252]
28700 -1.8279833482633223 0.9130467887874382 0.24 [0.2358763125007413, 0.053906567359824804, 0.1852508616179312, 0.0049662585215025125] [0.004123687499258645, 0.1860934326401751, 0.05474913838206854, 0.23503374147849773]
28800 -1.743123763510826 0.8690524883911902 0.92 [0.8988132476668556, 0.019128925034369186, 0.09701637869932245, 0.8250414485994523] [0.021186752333144508, 0.9008710749656305, 0.8229836213006778, 0.09495855140054728]
28900 -1.2916547657177802 0.6425935118753684 0.96 [0.94781916031686, 0.013979622589196819, 0.014456471644918797, 0.943744745449025] [0.012180839683140826, 0.9460203774108031, 0.9455435283550808, 0.016255254550974912]
29000 -0.361117909792831 0.14002432410939217 0.19 [0.18435611746539274, 0.00020959891896466076, 0.005829883889755522, 0.18960439972588727] [0.005643882534607486, 0.18979040108103523, 0.18417011611024453, 0.00039560027411271654]
29100 0.47457926975104264 -0.2702241509389746 -0.25 [-0.11485269944600937, -0.004146841967417239, -0.13678887549282315, -0.24421158309375077] [-0.13514730055399077, -0.24585315803258306, -0.11321112450717655, -0.0057884169062496086]
29200 -0.753051990131903 0.42339821646632375 0.55 [0.5470604489099119, 0.15784651870206814, 0.0018473524961346987, 0.3932456798918853] [0.002939551090088183, 0.3921534812979317, 0.5481526475038649, 0.15675432010811485]
29300 0.45074237823813973 -0.3356252967262533 -0.21 [-0.06426809421255282, 0.05123867634273038, -0.09875876899923865, -0.30821181313093876] [-0.14573190578744724, -0.26123867634273024, -0.11124123100076141, 0.0982118131309388]
29400 -1.6211884241193693 0.930036667186086 0.96 [0.7139299113856109, 0.25082408423572766, 0.027281502299988353, 0.9279645020786731] [0.24607008861438892, 0.7091759157642723, 0.9327184977000116, 0.03203549792132734]
29500 -1.3001792164760793 0.6765141616008922 1.0 [0.07775325583109904, 0.9222973193754769, 0.014893052124574006, 0.9850563726688505] [0.922246744168901, 0.07770268062452311, 0.9851069478754259, 0.014943627331150037]
29600 -2.864442807820873 1.2379333744174899 0.94 [0.5160537500593272, 0.3463038631554203, 0.09701861359096801, 0.9206237731942848] [0.42394624994067287, 0.5936961368445798, 0.8429813864090311, 0.019376226805715543]
29700 -2.463903264009757 1.2629215186927008 0.56 [0.4117249492488225, 0.377388754333072, 0.18765720417888654, 0.14322909223921884] [0.1482750507511776, 0.1826112456669278, 0.37234279582111335, 0.41677090776078146]
29800 -1.3538163148404232 0.6259045851853088 0.92 [0.46592401228971914, 0.9115497581121911, 0.45254932884675386, 0.009976900751336053] [0.45407598771028057, 0.008450241887809077, 0.46745067115324596, 0.9100230992486635]
29900 -0.5200275264387763 0.35544556204302064 -0.11 [-0.14875253876126054, 0.027383988336403348, 0.046458030647597987, -0.14508948022274054] [0.038752538761260585, -0.13738398833640328, -0.1564580306475979, 0.035089480222740485]
30000 -1.5329247101245858 0.6191780430699277 0.59 [0.4476326432475892, 0.0162844740377111, 0.1314324621519587, 0.5846504205627407] [0.14236735675241063, 0.5737155259622884, 0.4585675378480414, 0.005349579437259209]
