step Ek EV sign nup ndn
100 0.9702888878440938 -0.3293472285864295 -0.21 [-0.00038574710935714804, -0.10419250679372885, -0.20925837145402312, -0.10616337464289087] [-0.20939773813745177, -0.10698671365473465, -0.00104157012204389, -0.1025739780857697]
200 0.22027609238206583 -0.10836678295015542 -0.13 [-0.11320666856249045, -0.11816218437630643, -0.016628629069612124, -0.012002517991590845] [-0.01679333187343327, -0.011837815525391935, -0.11337137047981483, -0.11799748212135994]
300 -1.6752087849224209 0.704743098509985 0.41 [0.00804034101801034, 0.4014800590360565, 0.30588907920684105, 0.10459052073909189] [0.4019596589552867, 0.008519940965162625, 0.10411092075857291, 0.30540947932097795]
400 -1.0727115239532399 0.5317622183364745 0.56 [0.037471422770970576, 0.5182652668278851, 0.5582261061344873, 0.0060372042666570445] [0.522528577228556, 0.041734733172093724, 0.0017738938661065228, 0.5539627957332435]
500 -0.8983265621889087 0.3564276709172142 0.7 [-0.0034474949559452107, 0.6918981865553413, 0.7028691841644529, 0.008680124236150739] [0.7034474949405884, 0.008101813443124448, -0.002869184149464159, 0.6913198757657513]
600 -1.0129244280299987 0.4178890083303342 0.88 [0.012633016097061966, 0.8725237594090618, 0.8701482395020591, 0.004694984991817872] [0.8673669839045586, 0.007476240664360311, 0.009851760347800853, 0.8753050150832802]
700 -0.9215475740211388 0.5249736640784872 0.42 [0.008877751377317883, 0.4126877924031907, 0.1366150373744598, 0.28181941884503187] [0.41112224858099067, 0.007312207623391211, 0.2833849626421881, 0.13818058115343004]
800 -1.9211094216855635 0.7526593506729591 0.82 [0.02680401012990137, 0.7930100387804874, 0.46255592659820566, 0.3576300244914055] [0.7931959898056511, 0.02698996124778114, 0.3574440734499001, 0.4623699754966679]
900 -1.6600043470310408 0.9102245737346945 0.96 [0.05038348835364614, 0.9194965542359022, 0.9309764698226753, 0.01914348758777654] [0.9096165119422531, 0.04050344548705551, 0.029023530188307393, 0.9408565123823845]
1000 -1.322741093335597 0.6830623867702131 0.88 [0.21135027158328026, 0.6692400508806307, 0.8665045828194361, 0.012905094716653211] [0.668649728416894, 0.2107599491191532, 0.013495417180126892, 0.8670949052838259]
1100 -0.9168119929760598 0.4873320084726128 0.65 [0.008877493550538261, 0.6412166005210718, 0.6368807193601058, 0.013025186568283852] [0.6411225064495468, 0.008783399478864768, 0.01311928064033951, 0.636974813431249]
1200 -0.7695327145291633 0.3896290968560343 0.55 [0.010152540355964516, 0.531762192214285, 0.5421530982771452, 0.015932169152604786] [0.5398474596376106, 0.018237807784906242, 0.007846901730222004, 0.5340678308472613]
1300 -2.2381918707671677 1.009740762956412 0.9 [0.026965800246096915, 0.8885906160549556, 0.756769097742479, 0.12767448595646924] [0.873034199707859, 0.011409384023049132, 0.14323090159131893, 0.7723255146777729]
1400 -0.2548007594330915 0.16202610633376655 0.4 [0.02118515060708661, 0.3939485205219801, 0.37475960994053925, 0.010106718930393842] [0.3788148396812844, 0.006051478856654247, 0.0252404001590511, 0.3898932813030101]
1500 -0.3803512050054411 0.18440847007305824 -0.08 [-0.07420482746687636, -0.08404346331350679, -0.006975951069405291, 0.00522424184978866] [-0.005795635433657725, 0.004043433347194755, -0.07302356925475864, -0.08522422865877849]
1600 0.010443784442753188 0.000661200575455021 0.01 [0.0027384254057350645, 0.01211726967445356, 0.0008097103939117964, 0.004334594525899562] [0.007261574749004617, -0.002117267663347459, 0.009190288103106159, 0.005665404811236663]
1700 -0.7287928542985566 0.4320470697515426 0.5 [0.43919127943340674, 0.4945579022007866, 0.061134099305917594, 0.005116719059889082] [0.060808720695909146, 0.005442097823351916, 0.43886590054713215, 0.494883280933607]
1800 0.8405210790020987 -0.32412055440595855 -0.41 [-0.38624775319400667, -0.4074548029941951, -0.023922555177827643, -0.0023748886339708666] [-0.02375224680810795, -0.002545197064616222, -0.3860774447603651, -0.40762511136691065]
1900 -1.3301794946784395 0.7009580164804615 0.8 [0.043965871828802586, 0.7070104662401614, 0.7590473692472066, 0.08997629268382937] [0.7560341281737729, 0.09298953388782133, 0.0409526307327338, 0.710023707205672]
2000 -1.3157198638518732 0.6318812010750365 0.92 [0.01723807537542546, 0.9036464283105782, 0.9064849226857165, 0.012630573628280763] [0.9027619246247578, 0.016353571690230204, 0.013515077314113605, 0.9073694263708982]
2100 -1.2105180779832607 0.6098792038999522 0.9 [0.22801125184521548, 0.669123251674506, 0.8874174470110502, 0.015448049469228538] [0.6719887481547184, 0.2308767483255512, 0.012582552989535565, 0.8845519505301942]
2200 -1.7853161691060884 0.932684044242627 1.0 [0.7082888985407284, 0.2906700555508076, 0.992279015880263, 0.008762030028201397] [0.29171110121340116, 0.7093299446778607, 0.0077209841232973985, 0.9912379699854412]
2300 -0.8590078041413011 0.40372195634780367 0.7 [0.3446566393806571, 0.3561530965101661, 0.6956988737934059, 0.0034913903157708336] [0.3553433606189922, 0.3438469034905878, 0.004301126206169469, 0.6965086096842509]
2400 -0.8706151801642235 0.46722027129908084 0.63 [0.007145058959874883, 0.6185291125995575, 0.6105537633040985, 0.023772065136469674] [0.6228549410399187, 0.01147088740061048, 0.019446236695879183, 0.6062279348635915]
2500 0.12088889842144177 -0.10696894666279377 0.01 [-0.005615805021550052, 0.007906848430978356, 0.022739293311122434, -0.0050303367205506945] [0.015615805024286467, 0.002093151569913507, -0.012739293310892595, 0.015030336716692596]
2600 -1.5803309098676397 0.8228653077627164 0.96 [0.03565842538673661, 0.94487153577271, 0.6782768854495224, 0.2611931533910306] [0.9243415745852022, 0.01512846420409207, 0.2817231145468307, 0.6988068466638745]
2700 -0.44201587696341704 0.08217989464630528 0.1 [-0.0009829603426541598, 0.10478871095694015, 0.059854652007006216, 0.036339597378707775] [0.10098296041403662, -0.004788710844021099, 0.04014534799253358, 0.06366040243745087]
2800 -0.19004116850452626 0.13991939051176505 0.24 [0.0021725006221201978, 0.2544499737718428, 0.23697873474097175, -0.013601209134934901] [0.2378274993780478, -0.014449973771789195, 0.0030212652591770956, 0.2536012091345643]
2900 -1.3767992200768862 0.6835592608799473 0.88 [0.01181230743326052, 0.8565684012198396, 0.8673030572014235, 0.02431623414547693] [0.8681876925663796, 0.023431598780432862, 0.012696942798590148, 0.855683765854597]
3000 -1.5741279451126673 0.8335793807825571 0.94 [0.08500735515852614, 0.8518421860208549, 0.887003052279006, 0.056147406541613334] [0.8549926448380386, 0.08815781398306168, 0.052996947721299766, 0.8838525934575991]
3100 -0.10746713603008169 0.09789101726084642 0.02 [0.04681029625896623, 0.10105960147826483, 0.011389826525981011, -0.11925972426321194] [-0.026810296254172857, -0.08105960144785197, 0.008610173472948466, 0.13925972422907637]
3200 -0.6452937410028683 0.2602553150033839 0.5 [-0.07435197972436366, 0.4923159447185979, 0.5719889473612952, 0.010047087644470841] [0.574351979725838, 0.007684055280595157, -0.07198894736147218, 0.4899529123550389]
3300 -0.37693706287265827 0.05304611365234409 0.08 [0.011288321236697414, 0.08347867894973163, 0.07093974925308763, -0.005706749439516747] [0.06871167868210253, -0.0034786789344184487, 0.009060250825921844, 0.08570674942639413]
3400 0.22392037041149954 -0.08494741187551991 0.0 [-0.049719299551169875, -0.001690357929171582, 0.04958299004354424, 0.0018266674367973228] [0.049719299553506395, 0.001690357943027008, -0.04958299002334435, -0.0018266674731887732]
3500 0.960590322960894 -0.46008598707240267 -0.51 [-0.3140625580092629, -0.5057843621209573, -0.19678998039947845, -0.003363099470301252] [-0.19593744201008279, -0.004215637936309593, -0.3132100195465053, -0.5066369005071024]
3600 0.139761983799587 -0.13775787208200402 0.3 [0.3275513224517644, 0.2981102576101954, -0.02788672291448186, 0.002225142852522149] [-0.027551322528044882, 0.0018897423765778041, 0.3278867229891746, 0.2977748571622923]
3700 -0.790366720304161 0.2778255723132203 0.19 [-0.07818306850608142, 0.1485876072445054, 0.2679646705282383, 0.04163079073333765] [0.2681830695233327, 0.041412392552671345, -0.07796467155227989, 0.14836920947627597]
3800 -1.2180370750896103 0.5912092621003001 0.76 [0.015156479316609324, 0.7429048821635117, 0.7421446842691569, 0.01979395425072149] [0.7448435207036965, 0.017095117814645892, 0.017855315732681877, 0.7402060457489756]
3900 -1.2347855854252703 0.6313511986490853 0.96 [0.035700622578308285, 0.9457609199766844, 0.9255412004011412, 0.012997257043866527] [0.9242993774216964, 0.014239080023309803, 0.034458799598850315, 0.9470027429561441]
4000 -1.005971517339398 0.5384051038279901 0.61 [0.01536501671617179, 0.5965774940036283, 0.5969214039154359, 0.01113608536476345] [0.5946349832817187, 0.013422505998321984, 0.013078596084571016, 0.5988639146353887]
4100 -1.2453683976614252 0.6952729833427231 0.78 [0.026778803693506204, 0.7521296926741468, 0.7666563352516067, 0.014435168380741515] [0.7532211963060721, 0.027870307325801858, 0.013343664748847817, 0.7655648316192782]
4200 -0.986321440149405 0.4877067305051221 0.74 [0.1215303025186072, 0.7320295017583205, 0.6164017832780405, 0.010038412445031683] [0.6184696973536907, 0.007970498274849632, 0.12359821684542198, 0.7299615875260378]
4300 0.8375142028936783 -0.3244057044538083 0.05 [-0.07557947298003415, 0.042860895167964805, 0.13002760476752878, 0.0026909730445405055] [0.1255794728978791, 0.007139105843085482, -0.08002761006672922, 0.04730903132576457]
4400 -0.10729789296615078 0.15382190534744974 0.38 [-0.0022416983994946464, 0.37509312991078736, 0.39292856618425753, -0.00577999769555021] [0.3822416983478126, 0.004906869923625786, -0.012928566918005655, 0.3857799986465673]
4500 -0.8020832850162027 0.4755303625766269 0.5 [0.015092696045396852, 0.5146939480920397, 0.4847237339354318, -0.014510378072868098] [0.4849073038651053, -0.01469394808351857, 0.015276266109270822, 0.5145103781091426]
4600 -1.1498767815623698 0.5919600441045729 0.8 [0.00692114996478182, 0.7421864493502096, 0.7872350347029793, 0.06365736598202915] [0.7930788501765713, 0.05781355261039188, 0.012764965262458046, 0.7363426319505778]
4700 -0.4321728883478081 0.11052685249627942 -0.07 [-0.22967783655644705, 0.014802152375282674, 0.15961541910905283, -0.08473973492788842] [0.15967783655505885, -0.08480215237174374, -0.22961541910778321, 0.014739734924468091]
4800 -0.7429748009120165 0.18206512024302426 0.41 [0.4095565601157103, 0.001936804312786051, 0.00451300132850432, 0.4039936342429992] [0.0004434399188888744, 0.40806319569054794, 0.405486998673534, 0.006006365717029371]
4900 -2.115175846809879 0.8531421300833748 0.76 [0.6769375732859213, 0.08578702332917967, 0.00866453257037485, 0.7486108708145238] [0.08306242671400225, 0.674212976659622, 0.7513354674324161, 0.011389129193959648]
5000 -2.2252471928562954 1.0155485212940898 0.92 [0.14384190926270635, 0.7724070755290289, 0.3459071919175053, 0.5778438232907599] [0.776158090298662, 0.14759292485414657, 0.5740928080764441, 0.34215617677074806]
5100 -0.9484711153805752 0.4356406636075388 0.54 [0.012731285544918784, 0.5300927614341697, 0.5233359828716763, 0.013839970149235659] [0.5272687144549095, 0.009907238566097903, 0.016664017127762214, 0.5261600298512308]
5200 -1.367668610128441 0.6640741834617616 0.76 [0.03462776368989292, 0.7264482831004215, 0.7475031940912303, 0.011420759118455354] [0.7253722364609106, 0.033551716997294714, 0.012496805912695832, 0.7485792406290988]
5300 -1.8969121269663978 1.1194921078807096 0.82 [0.03285824448747905, 0.7908901148110362, 0.6641671146105332, 0.1520845260909511] [0.7871417555139371, 0.029109885214705124, 0.15583288525096037, 0.6679154740203976]
5400 -0.864273265956643 0.5102008290278757 0.47 [0.017090345585088186, 0.45197544207896956, 0.4439208914535946, 0.0270133208823475] [0.45290965409913175, 0.018024554683369404, 0.026079108723584477, 0.4429866824939144]
5500 -0.830476914506992 0.3934873947476134 0.49 [0.006002191894783911, 0.4840661347846145, 0.47286448378587315, 0.01706718953472786] [0.4839978080289454, 0.005933865176699238, 0.01713551621293166, 0.4729328105814238]
5600 -1.2051028529307757 0.6902036483363702 0.74 [0.29668515592868033, 0.4545807752242712, 0.6000939424817253, 0.12864012636532357] [0.4433148443553693, 0.28541922948785237, 0.13990605788685678, 0.6113598682699212]
5700 -0.7697686569112703 0.3357051533701393 0.72 [0.31246169663739015, 0.39274168670169296, 0.7128611826318185, 0.02193543402909827] [0.4075383035306899, 0.3272583131175493, 0.007138817424784248, 0.6980645659269764]
5800 -0.9814227451289378 0.5702966426914116 0.56 [0.011837091973261995, 0.540835012660443, 0.5486544966676881, 0.018673398698606798] [0.5481629080130976, 0.019164987400408656, 0.01134550309813935, 0.5413266014883551]
5900 -1.0122977685790344 0.5013499369351124 0.98 [0.008685716148234792, 0.9718891968949585, 0.19720994782152385, 0.7822151391352833] [0.9713142841310889, 0.008110798515813124, 0.7827900634969551, 0.19778485385614325]
6000 -1.7257476591051186 0.913540894014791 0.92 [0.06996464913620089, 0.8563610165675024, 0.7220244416927046, 0.191649892603592] [0.8500353478392971, 0.06363898258549902, 0.1979755621631373, 0.7283501074120674]
6100 -1.072668550517922 0.49499550533435055 0.94 [0.9139328018384633, 0.026128601288097342, 0.9335948280638741, 0.006343768809565619] [0.026067202035498938, 0.9138713948411881, 0.006405171878475986, 0.9336562312448377]
6200 -0.8216589215960187 0.41596094938288247 0.98 [0.9281059776938217, 0.05297909447575675, 0.9716950420715618, 0.007219885758859472] [0.05189402234364491, 0.9270209055181976, 0.00830495795129373, 0.9727801141868643]
6300 -1.4446714712815913 0.7326350915064691 0.96 [0.9002589122743904, 0.059080124540462936, 0.8551349385736551, 0.10552602461149169] [0.0597410877198061, 0.9009198754860068, 0.10486506133752, 0.8544739754566676]
6400 -1.907385175596568 0.7975770099757957 0.88 [0.8751580495805165, 0.0045859090361726335, 0.7995336287554313, 0.08072241262787933] [0.004841950412971915, 0.8754140909710166, 0.08046637124569381, 0.7992775873703185]
6500 -1.4674387252766112 0.656819648970541 0.71 [0.6059484499518668, 0.11516856350725987, 0.07877187410970313, 0.6201111124311698] [0.10405155004694304, 0.5948314364921735, 0.6312281258946912, 0.08988888756619273]
6600 -1.701695885614736 0.58282155602113 0.53 [0.40286395573505834, 0.36763277362952546, 0.2437760185993442, 0.04572725203607202] [0.12713604392203587, 0.1623672262552154, 0.2862239820183771, 0.48427274780437196]
6700 -1.029040670182605 0.4770253966644347 0.8 [0.009870486857059643, 0.7900224248899852, 0.78926413109903, 0.010842957153924313] [0.7901295131923406, 0.009977575064667933, 0.010735868902852299, 0.7891570428401389]
6800 -1.7038894872744785 0.8648817683359088 0.76 [0.12919515409028884, 0.6404214547659403, 0.7396039020867624, 0.01077948905700799] [0.630804897000074, 0.1195784819182135, 0.02039611191675829, 0.7492205091649538]
6900 -1.587403359331766 0.7562640345242926 0.98 [0.702953846052116, 0.2780880600758737, 0.9584301892998128, 0.02052790457219705] [0.2770461540783551, 0.7019119397812591, 0.021569810722827428, 0.9594720954175588]
7000 0.9510875936156026 -0.4804257810089551 -0.59 [-0.5241598016873275, -0.5626149203413917, -0.06617180234747658, -0.027053475623804238] [-0.06584019786650556, -0.027385079655278456, -0.5238281980948588, -0.5629465243833573]
7100 -0.13565987948251157 0.2089655145863886 -0.01 [-0.11129009529156293, -0.05871874560985241, 0.11901674400078617, 0.030992096900629013] [0.10129009594962776, 0.04871874463564662, -0.1290167436775379, -0.04099209690773645]
7200 0.1717956374154752 -0.06692082506220808 0.26 [-0.06756441981478843, 0.2526945727397688, 0.3316536086447248, 0.0032162384302946855] [0.32756441980485007, 0.007305427262877435, -0.07165360863738725, 0.25678376156965893]
7300 -1.1750968432812008 0.4957964659367302 0.36 [0.23989490212492875, 0.23473559753085624, 0.30947120793056604, -0.06410170758635104] [0.12010509746569131, 0.12526440238918038, 0.05052879263833545, 0.42410170750679266]
7400 -0.09231385411425469 -0.019435445726000172 0.24 [0.030308426875279078, 0.21290976445573928, 0.3031736479414307, -0.06639183927244895] [0.20969157311280323, 0.02709023548991819, -0.06317364809583922, 0.3063918394931177]
7500 -1.4196873934143244 0.7150424573047117 0.84 [0.02636332547160871, 0.8208201165653218, 0.8245613506154131, 0.00825520734765564] [0.8136366745767712, 0.01917988345497109, 0.015438649375813582, 0.831744792592444]
7600 -2.17119801319437 0.9795488306743663 0.98 [0.08907951303723136, 0.9692353886094445, 0.8909490521611982, 0.010736046192126267] [0.8909204869621824, 0.010764611389508249, 0.08905094783909563, 0.9692639538092136]
7700 -1.373701481375455 0.6705241257371728 0.8 [0.033735139482592824, 0.7888440143894104, 0.7630182641311559, 0.014402581996841484] [0.7662648605090804, 0.011155985631400354, 0.0369817358424994, 0.7855974180170187]
7800 -2.486771986494857 1.0709661218984903 0.88 [0.30285595776950763, 0.5856506900766272, 0.7913875784275483, 0.08010577372631708] [0.577144040767279, 0.29434931144200727, 0.0886124214861976, 0.7998942263045151]
7900 -1.9175948411933939 0.9335604747851012 0.72 [0.6596405301730982, 0.11872794790209924, 0.14636642468030686, 0.5152650972444954] [0.06035946984742199, 0.6012720520980724, 0.5736335753119054, 0.20473490274260023]
8000 -0.6073507565354432 0.3051425683241208 0.48 [0.47958346829186604, 0.0011753056730654582, 0.007269412473194382, 0.47197181356187373] [0.0004165317212744102, 0.47882469431290003, 0.4727305875283072, 0.008028186437518882]
8100 -0.4936282843908066 0.2792956086207139 0.56 [0.5400976646698786, -0.0804305523933698, 0.008616322345476869, 0.6517165653780134] [0.019902335318391744, 0.6404305524117507, 0.5513836776473682, -0.09171656537751062]
8200 1.4458236439952046 -0.637611592171019 -0.66 [-0.6947966288646092, -0.20846098413031514, 0.03487697815535456, -0.4516193651604302] [0.03479662886165526, -0.451539015866506, -0.6948769781531909, -0.20838063484195818]
8300 0.1507049724539507 -0.07778106007375105 -0.41 [-0.5081571859167573, -0.4063825635892554, 0.09779958146103221, -0.0032598319550194476] [0.09815718594979991, -0.0036174366500356546, -0.5077995815249671, -0.40674016777479693]
8400 -1.186803523576549 0.5250609023087648 0.43 [0.4167129482054962, -0.09817516501075411, 0.014270665234668203, 0.5271915515705896] [0.013287052077735667, 0.5281751653326133, 0.4157293362854986, -0.09719155369584759]
8500 -1.5248612026990904 0.7355145656080316 0.22 [0.12551158259591605, 0.09344457638130729, 0.10240561481333717, 0.11863822620943937] [0.0944884165841137, 0.12655542339057155, 0.1175943842681459, 0.10136177575716872]
8600 -0.9562370934733768 0.36102265085842455 0.5 [0.02656017418837219, 0.43428317633608565, 0.5181328777464305, 0.02102377172911141] [0.47343982577733434, 0.06571682364675752, -0.018132877730987092, 0.47897622830689524]
8700 -0.3962597447862059 0.2226536980051872 -0.01 [-0.005179150041060446, 0.03978932392464576, -0.004111830300385692, -0.050498343583199656] [-0.004820849958587111, -0.04978932390502142, -0.005888169703246218, 0.040498343566854667]
8800 -1.0084596289477856 0.4706829247432301 0.53 [0.05705770530520156, 0.053932472785405965, 0.47338615686863655, 0.47562366504075565] [0.4729422948801166, 0.47606752717642137, 0.056613842942266374, 0.05437633500119576]
8900 -0.7256287438891692 0.3640569045598444 0.42 [0.3472871640853073, 0.006599898409363416, 0.07081141235050871, 0.41530152515482066] [0.07271283591309018, 0.4134001016070002, 0.34918858760589044, 0.004698474874019773]
9000 0.08057183503843249 -0.07603505236615035 0.07 [0.06812487733393614, -0.01709904089937627, 0.0010768455537007997, 0.08789731801173944] [0.0018751226660794651, 0.0870990408992758, 0.06892315444651305, -0.017897318011868037]
9100 -0.7761839243919556 0.2893888874425863 0.53 [0.5061967177426762, 0.02606498265095085, 0.002276161966074108, 0.5254621376402989] [0.023803282286981486, 0.5039350174061905, 0.5277238380241827, 0.004537862282645444]
9200 -1.3498561476989759 0.5914414064727498 0.88 [0.8681232731887739, 0.01094671374343269, 0.017091617490009373, 0.8638383955777836] [0.011876726833329333, 0.8690532866817583, 0.8629083823724377, 0.016161604112475036]
9300 -1.1050395794658152 0.5710117391573512 0.72 [0.6505356158069272, 0.014009109983565013, 0.07350442708857721, 0.7019508471209309] [0.06946438423074357, 0.7059908900094714, 0.6464955729086062, 0.0180491528511781]
9400 -0.47008050648175326 0.25034133819170246 0.26 [0.1538199092749847, 0.042393261804058904, 0.07171129393612455, 0.2520755349848321] [0.10618009077405999, 0.21760673822469281, 0.18828870600559655, 0.00792446499565058]
9500 -1.6736011149340089 0.9793251568509129 0.79 [0.647364208290736, 0.13557277633543272, 0.0210961103348409, 0.7759669050389898] [0.1426357916868338, 0.6544272236966913, 0.7689038896424514, 0.01403309497402409]
9600 -1.1516114044661299 0.39325900646380546 0.22 [0.04676618053193488, 0.008701679621350926, 0.17418646927823517, 0.2103456705684791] [0.1732338194285692, 0.21129832049628636, 0.04581353055636695, 0.00965432951877741]
9700 -0.6386484650831562 0.33950180150912923 0.49 [0.005122036416369888, 0.03600592847785527, 0.4853466481667298, 0.45352538693904504] [0.484877963543072, 0.45399407147549203, 0.004653351872514023, 0.036474613108921916]
9800 -0.9862087730881854 0.4356125304533504 0.52 [-0.028251408038286532, 0.5659360009254759, 0.549108509762821, -0.046793102650010174] [0.5482514008327961, -0.045936001001448706, -0.029108504831939164, 0.5667931050005918]
9900 -1.0809580927146027 0.5365776375728146 0.8 [0.012105533557850757, 0.7869960191773252, 0.788983551089026, 0.011914896175798209] [0.7878944664546796, 0.013003980898117627, 0.011016448888843098, 0.788085103758359]
10000 -0.18417264604815597 0.02070928601954006 -0.32 [-0.16318208316129718, -0.06411752733622728, -0.1563715100259198, -0.25632887947655575] [-0.15681791686904775, -0.255882472667157, -0.163628489941657, -0.06367112052213822]
10100 1.5579995923030914 -0.7152520688400366 -0.64 [-0.6342847631475997, -0.3073985741035694, -0.005749733671301842, -0.3325669290775292] [-0.0057152368352748895, -0.33260142574780366, -0.6342502664493231, -0.3074330709675983]
10200 0.45734786697815183 -0.1959588280624139 -0.44 [0.08147111450948426, -0.06272921393648052, -0.5220177937678343, -0.3767241068051691] [-0.5214711145715137, -0.3772707859873741, 0.08201779382174604, -0.06327589326285837]
10300 -0.37119772537515017 0.337969461801183 0.34 [0.15819697706160324, 0.33267565258959697, 0.1825035332471682, 0.006623837101631505] [0.1818030230151678, 0.007324347413960003, 0.15749646667774914, 0.3333761628931226]
10400 0.5177409728023782 -0.27746458087100473 -0.1 [-0.07813903129533212, -0.09983116532277782, -0.022119814425599457, 9.001104370919507e-5] [-0.021860968341175065, -0.00016883470911488918, -0.07788018595407381, -0.10009001099563639]
10500 0.05279771559523287 0.026295183436553186 0.44 [0.3226140611325746, 0.08446845015074482, 0.46872579199613335, 0.004191696720547134] [0.11738593887597862, 0.3555315498415925, -0.02872579199857106, 0.43580830328099956]
10600 -0.15459011965446406 0.007642130210618623 0.11 [-0.004150435523747342, 0.29719403326366534, 0.10819073777723462, -0.18123433551715248] [0.11415043552665201, -0.18719403325128817, 0.0018092622153225032, 0.2912343355093138]
10700 0.03507843804688961 0.1586060968730601 -0.01 [-0.004692169484794654, -0.012704263826980573, -0.0011664486458270896, -0.001437118042397676] [-0.0053078305148091965, 0.0027042638066980896, -0.0088335513407369, -0.008562881951151983]
10800 -1.2682379854695143 0.6375175597414878 0.6 [0.3767023085169356, 0.22455273375590232, 0.007872041750645303, 0.5908729159765168] [0.22329768961611926, 0.3754472704621224, 0.5921279571280159, 0.009127082793742467]
10900 0.014157813158764836 0.009518365068911632 0.3 [0.32180176526331516, -0.04394368940361182, -0.021359775377104005, 0.3435016995174006] [-0.021801765265978497, 0.3439436894042547, 0.321359775375869, -0.04350169951414493]
11000 -0.999469703574186 0.5109084037576901 0.58 [0.5696559641366578, 0.01870442972002773, 0.00960533056701116, 0.5620342755763036] [0.010344035863371983, 0.5612955702799598, 0.5703946694330009, 0.017965724423667152]
11100 -1.1027852414440065 0.4646424799273353 0.72 [0.7113219435257031, 0.013543129479045436, 0.009388595796600818, 0.7057463311986507] [0.00867805671551358, 0.7064568720735841, 0.7106114040727559, 0.014253667138146096]
11200 -2.1847256701364213 1.1715780500516961 0.98 [0.7980430296915135, 0.18163798173799467, 0.022729794440806018, 0.9575891941296857] [0.1819569703360011, 0.7983620182273912, 0.9572702055724511, 0.0224108058641564]
11300 -0.830470502031631 0.43961354289842414 0.72 [0.05000427595149996, 0.6699690213001955, 0.004591800029630907, 0.7154349027186742] [0.6699957245876695, 0.05003097815887803, 0.7154081998633645, 0.004565097390088011]
11400 -1.7401014483661754 0.951591991214663 0.74 [0.4593805127383069, 0.2813487085215941, 0.007149816572996999, 0.732120962167102] [0.28061948726465885, 0.4586512914785957, 0.7328501834245068, 0.007879037832238452]
11500 -0.9701031246221354 0.4879131146050088 0.56 [0.5529721193043722, 0.009812903236924301, 0.013165638505576163, 0.5440493389531275] [0.007027863561269373, 0.550187096477464, 0.5468343783619056, 0.015950661599361104]
11600 -1.2043421617803975 0.48549883850400666 0.58 [0.4903554390381618, 0.06228206993950099, 0.03172041884093682, 0.5756420721814002] [0.08964456097096826, 0.5177179300517226, 0.5482795811635107, 0.004357927813798336]
11700 -1.0877752732669956 0.6061059061181794 0.57 [0.5409113060770856, 0.028324557646643152, 0.009775259554286335, 0.560988876721985] [0.029088694113011012, 0.5416754422654412, 0.5602247404642079, 0.009011123157339844]
11800 -1.477247004867751 0.6856298233529534 0.67 [0.6277159715682976, 0.004849842101069846, 0.1725902401493979, 0.5348439461812344] [0.042284028591750636, 0.6651501522400219, 0.49740976687733285, 0.13515605229089458]
11900 -0.8677127310063685 0.3599738987265881 0.73 [0.7201369346462608, 0.010348352387166637, 0.08473540874258542, 0.6447793042239865] [0.009863065199859834, 0.7196516475995606, 0.6452645914207232, 0.08522069577985615]
12000 -0.3944249920482934 0.17114280375182772 0.49 [0.03160486505744867, 0.4627390558940214, 0.007451423094024019, 0.478204655954506] [0.4583951348017908, 0.02726094423998742, 0.48254857693765774, 0.011795344020563925]
12100 -0.8897686837837988 0.41137040439715283 0.62 [0.012840836630452762, 0.6111417163891055, 0.6072669267064641, 0.008750520273977692] [0.607159163369866, 0.00885828361115105, 0.012733073293576723, 0.611249479725406]
12200 -0.7792472007022627 0.3877703791572413 0.78 [0.45576784947363685, 0.322951140053688, 0.7732963861318674, 0.007984624340807555] [0.3242321502807559, 0.4570488601860932, 0.006703615241335686, 0.772015374291815]
12300 -1.0447266871513543 0.5217292423976655 0.98 [0.9687006002537559, 0.01068912247134818, 0.7073437293691397, 0.273266547905756] [0.01129939995234134, 0.9693108778123488, 0.27265627052744235, 0.7067334517078675]
12400 -0.13637786060627743 0.08245400169632636 0.06 [0.03212765560724266, 0.12477694362792009, 0.11979857531857452, -0.15670317455373733] [0.027872344415801425, -0.06477694381018195, -0.05979857531438319, 0.2167031747087636]
12500 -1.5140427040531248 0.6525587890118131 0.96 [0.00819459816323761, 0.9516211548069851, 0.09913895163233112, 0.8610452953974468] [0.9518054017867427, 0.008378845238387585, 0.8608610483853496, 0.0989547045895207]
12600 -1.1334862975958662 0.4266466954912886 0.4 [0.009958703358283857, 0.5362465168181069, -0.014131556448468634, 0.26792633627207746] [0.390041296526383, -0.13624651717908282, 0.4141315557972135, 0.1320736648554864]
12700 -1.8980151706586406 1.1204642768088957 0.78 [0.4282269249840337, 0.08716326050533922, 0.32102574715273346, 0.7235840673578935] [0.35177307284712156, 0.6928367347951611, 0.45897426030158717, 0.056415932056129964]
12800 -2.2232995457135405 0.9963359694381714 0.96 [0.9495186853997175, 0.009404276265285174, 0.21731510386442018, 0.7437619344705767] [0.010481314511928403, 0.9505957237537274, 0.7426848965568296, 0.21623806517751487]
12900 -0.9208717918836516 0.49041827223012807 0.5 [0.4789421028368357, 0.013771477598653287, 0.013972191499872959, 0.49331422806463765] [0.021057897159000707, 0.48622852242399717, 0.4860278084788191, 0.006685771938182569]
13000 -0.20429577589320702 0.057884478705996265 0.28 [0.35304821419396676, 0.24833895138701625, -0.01554736186641318, -0.025839803714569714] [-0.07304833511153283, 0.03166105108085959, 0.29554748463387687, 0.30583979939679656]
13100 -0.7677022313291908 0.2586257442604396 -0.01 [0.024610703326559614, 0.02705401036515046, -0.025596435685330193, -0.04606827800637995] [-0.03461070424095756, -0.03705401129272847, 0.015596437468279975, 0.036068278065406044]
13200 -1.7254915632925638 0.8040581750358671 0.75 [0.7408304395479343, 0.00937125087039677, 0.38955013083790196, 0.3602481787437671] [0.009169560454562018, 0.7406287491283089, 0.3604498691664995, 0.3897518212506301]
13300 -0.9008955732781655 0.40109167512283356 0.44 [0.37651428432005074, 0.06500506671545753, 0.43365935174138903, 0.004821297223102956] [0.06348571567988556, 0.3749949332842504, 0.0063406482589422756, 0.4351787027769216]
13400 -1.1381468538841528 0.5602337023159084 0.8 [0.016396836212600935, 0.785983595366734, 0.7877948853351247, 0.009824683085541073] [0.7836031637905377, 0.014016404632246557, 0.012205114665064883, 0.7901753169121506]
13500 -0.4617911113909824 0.23561858927149334 0.46 [0.2777278554232042, 0.18139666519192374, 0.43909539426005284, 0.02178008512481921] [0.18227214454442422, 0.2786033348410421, 0.020904605742471216, 0.4382199148720624]
13600 1.0449243729220532 -0.3519919370275075 -0.16 [-0.15685401164382815, -0.0005026297226674262, 0.013389725886498598, -0.17603308452000288] [-0.0031458302066586603, -0.15949749111270511, -0.17338982012849324, 0.016033141447857044]
13700 -2.0353760542908357 0.892322212155558 0.92 [0.6187346401528913, 0.3310349124996215, 0.06079013444737859, 0.8294403129001076] [0.3012653614030525, 0.5889650906742273, 0.8592098653624463, 0.09055968256027341]
13800 -0.6458349363066047 0.23952970535691795 0.58 [0.5739176455777709, 0.006425981493180834, 0.003083575798068949, 0.5765727971309794] [0.006082354366777794, 0.5735740185414765, 0.5769164238407432, 0.0034272032510027023]
13900 -0.3252288477667276 0.10088898302985948 0.32 [0.318784563482678, 0.0007443727411592805, 0.00400812341063827, 0.31646294036552447] [0.001215436515078829, 0.3192556272619812, 0.3159918765893869, 0.0035370596335529253]
14000 -1.2637094118203263 0.6373718571167809 0.9 [0.8880105980112867, 0.011975238118434189, 0.016667459611992678, 0.8833467042582868] [0.011989402169265893, 0.8880247617393192, 0.8833325404348522, 0.016653295656561692]
14100 0.017269723399374635 -0.1256892970590403 0.06 [0.060307432504058865, -0.11382477877861576, -0.00037693128960607095, 0.1738942775641632] [-0.00030743249756257627, 0.17382477888397097, 0.060376931290731725, -0.1138942776771403]
14200 -0.2443692623846284 0.1896374666636482 0.13 [0.1280443544511932, 0.0028187346131244755, 0.006236399854611804, 0.12290051108107031] [0.0019556457512227565, 0.12718126541410618, 0.12376359987787491, 0.007099488956796267]
14300 -0.0247101969946604 -0.05869598999964616 0.08 [-0.018097906976056014, -0.007814793998343467, 0.10638602356996817, 0.07952667740443134] [0.09809790698389613, 0.08781479398520847, -0.026386023577900885, 0.0004733226087963536]
14400 0.2614286299833767 -0.21109905914544297 -0.01 [-0.004609506415410972, 0.1715945777779539, -0.007042594591776825, -0.17994247677076608] [-0.005390493650480348, -0.1815945777749863, -0.002957405452982265, 0.16994247687844857]
14500 -1.359242816007371 0.6465783654551054 0.88 [0.010906491173222262, 0.8547617985691054, 0.8667379948178531, 0.027593715439819325] [0.8690935088268091, 0.025238201431041184, 0.013262005181499621, 0.8524062845606508]
14600 -1.540445780962635 0.7490279737194143 0.82 [0.10459459295923652, 0.7963519130169032, 0.7132675313859579, 0.025785962637901626] [0.7154054070390816, 0.023648086981230207, 0.10673246861517256, 0.7942140373645158]
14700 -1.0371965102622618 0.4001358207086063 0.72 [-0.005398806622386485, 0.7221214992678772, 0.7122128960135867, 0.011064411340922328] [0.7253988067614233, -0.0021214993960176082, 0.0077871039734562705, 0.7089355886611375]
14800 -1.2251984976220966 0.6688880059197997 0.9 [0.016872217991512874, 0.8838503694775005, 0.8859211035557354, 0.013356308975250013] [0.883127782013773, 0.01614963052334187, 0.014078896444567654, 0.8866436910183176]
14900 -0.8422426366285382 0.42078448017723175 0.5 [0.006780636261187949, 0.5904603324232311, 0.40431833056407607, -0.0015592992484946] [0.4932193703588037, -0.09046033072160535, 0.09568170037415406, 0.501559259988648]
15000 -1.0021137903929391 0.4768667705022257 0.58 [0.011277700599840075, 0.5492590451576426, 0.5697307233117208, 0.029732530930796176] [0.5687222994495237, 0.030740954829707175, 0.010269276702197606, 0.5502674690185715]
15100 0.1810518563868262 -0.10914745645398644 -0.16 [-0.22558536046272287, -0.157878376137856, 0.06466646303716544, -0.00120272643658669] [0.06558536041618705, -0.002121623859884891, -0.22466646299057383, -0.15879727356572812]
15200 0.4897427080620661 -0.2915839968501055 -0.24 [-0.15717500583679392, -0.23666838405218793, -0.08287475630455891, -0.0032818538064593563] [-0.08282499424927892, -0.00333161496981645, -0.1571252435621334, -0.2367181472187714]
15300 -0.051598378141090924 0.045449059858816004 0.26 [-0.09744674672816567, 0.2539514159967299, 0.36116128019040233, 0.002334050541033535] [0.35744674672853477, 0.006048584004700319, -0.10116128019019519, 0.25766594945696003]
15400 -0.8192503778037121 0.34697818483302234 0.57 [0.006875772558382208, 0.5635391052349559, 0.5621571647236613, 0.007427957483000388] [0.5631242165058825, 0.006460906095933035, 0.007842834777332738, 0.5625720426208519]
15500 0.08793237959548598 -0.029467423226833746 -0.09 [0.00498804271240161, -0.0975971300983481, -0.08712199035507666, -0.00026892225897639144] [-0.09498804285936668, 0.007597130071794285, -0.002878009594796024, -0.08973107761763165]
15600 -0.5722831850225412 0.20663632713926533 0.12 [-0.0017224120113165891, 0.1339274860916156, 0.14654739553047944, -0.038752469610778446] [0.12172241203082841, -0.01392748609124886, -0.026547395550175507, 0.15875246961059564]
15700 0.2566594199546146 -0.12195708075974698 0.16 [-0.12632234741580692, 0.16038472884048857, 0.28513027829132204, 0.0008073402839961481] [0.28632234742465584, -0.0003847288435974296, -0.12513027829851123, 0.15919265971745272]
15800 -0.7973261097860411 0.39993903484919857 0.62 [0.04633624670804233, 0.591362844234968, 0.593824959393263, 0.008475949663726756] [0.5736637532868891, 0.02863715576409369, 0.02617504061210905, 0.6115240503369086]
15900 -1.2651513528554232 0.6015925116830959 0.82 [0.10537846507346316, 0.7258548680729245, 0.7976112545039995, 0.011155412349612535] [0.7146215349238926, 0.0941451319289614, 0.022388745499708703, 0.8088445876474378]
16000 -0.4982060029745947 0.18518776864337283 0.26 [-0.04363241970126461, 0.2591236718658414, 0.2268218794523679, 0.07768686838305552] [0.303632419660892, 0.000876328132077308, 0.03317812058227759, 0.18231313162475302]
16100 -2.4383741089095126 1.0974596954598175 0.9 [0.5505027256162099, 0.35819462725587436, 0.629762588029347, 0.2615400590985686] [0.34949727741425685, 0.5418053707743662, 0.27023741188215666, 0.6384599399292203]
16200 -0.38640773849893073 0.10913707711209902 0.04 [0.06324672632704761, 0.012008462957432152, -0.022790177685290913, 0.027534988400811127] [-0.02324673317243676, 0.027991537038137934, 0.0627901835467355, 0.012465012587563268]
16300 -0.6868207960816666 0.34699759613614894 0.0 [-0.03734198813524084, -0.04483536319246571, 0.036589010049146414, 0.04558834127856011] [0.03734198816881001, 0.044835363939789, -0.03658901027006443, -0.045588341838534586]
16400 -0.5623729716175083 0.22719738703729234 -0.06 [0.042235414531469236, -0.12430033317815997, -0.10094654729334569, 0.06301146594003669] [-0.10223541453583593, 0.06430033317960752, 0.04094654729755391, -0.12301146594132555]
16500 -0.41615406254838727 0.15213985218838272 0.34 [0.003918723340965146, 0.33737415293675455, 0.3364618780929085, 0.0022452456293718913] [0.3360812766634404, 0.002625847941488183, 0.0035381216634665772, 0.33775475373160474]
16600 -0.9854995013186431 0.5526005792233465 0.64 [0.011110205730613174, 0.6302107197187037, 0.6216699400885375, 0.017009134462146216] [0.6288897942695016, 0.009789280286561723, 0.01833005990610293, 0.6229908655378337]
16700 -0.896783940222162 0.522953244324332 0.66 [0.013378271404709976, 0.6022416455487213, 0.6450024216317726, 0.05937766141479596] [0.6466217285636279, 0.05775835415066602, 0.014997578364123495, 0.6006223389215826]
16800 0.17160362687400446 -0.26831629456322603 0.05 [0.002370264075293579, 0.13487005379092915, 0.04964704590533452, -0.0868873637715569] [0.04762972654862446, -0.08487004239621515, 0.000352951829046437, 0.13688736401854432]
16900 -0.90205533027693 0.4307512614810951 0.57 [0.226090132241673, 0.4075261509385239, 0.47802724190383217, 0.028356474915971222] [0.34390988747961, 0.16247382824019818, 0.09197275769405834, 0.541643526586133]
17000 -1.9012529790775818 0.7923840926740761 0.66 [0.06778793519240922, 0.6494695307077236, 0.5697322899492083, 0.03301024415065847] [0.5922120648088111, 0.010530469298232661, 0.09026771005246878, 0.6269897558404876]
17100 -1.1171701318123162 0.5109274826438238 0.96 [0.010623052133308138, 0.9483808549141393, 0.6824503136936358, 0.2785457792589166] [0.9493769478679084, 0.011619145082727645, 0.27754968630524623, 0.6814542207441177]
17200 -1.2861438376832535 0.6017163289145041 0.94 [0.09971538652983768, 0.9304535210858161, 0.7520346980937365, 0.0977963942906097] [0.8402846134892088, 0.00954647889306835, 0.18796530197753414, 0.842203605640189]
17300 -1.5796562894467447 0.7416736862920249 0.77 [0.532987793528972, 0.23574832440400745, 0.7621851827203487, 0.009078699346672499] [0.23701221466956632, 0.5342516643970612, 0.007814819730333404, 0.7609213012030395]
17400 -0.419581445226882 0.29013379911954923 0.67 [0.6882373377499937, -0.017781990214039024, 0.5901340803026474, 0.07941057216139734] [-0.018237338037819836, 0.6877819905124377, 0.07986591969012896, 0.5905894278352534]
17500 -0.7688464262834793 0.32547815486699583 0.96 [0.9490597848565117, 0.010939446490712273, 0.9538097789984212, 0.006190989654354932] [0.010940214577753196, 0.9490605540990101, 0.006190221678637559, 0.953809009644599]
17600 -1.359021629643355 0.65600073823424 1.0 [0.988980918056648, 0.011776964625623491, 0.9656016288192352, 0.03364048849849349] [0.011019081933110155, 0.9882230353810963, 0.034398371181483506, 0.9663595115043094]
17700 -1.2456215509233801 0.6852806725075198 0.96 [0.9177129611827967, 0.041706908769687114, 0.519750764750879, 0.44082936529663647] [0.04228701322343273, 0.9182931208467019, 0.440249248401137, 0.519170617528729]
17800 -1.4624762386064483 0.7454664851954388 0.98 [0.9613651091483812, 0.026466667638510098, 0.015539602923670563, 0.9566286202894382] [0.018634890851391715, 0.9535333323605018, 0.9644603970765806, 0.023371379711526346]
17900 -1.3690563651444472 0.6644206233415219 0.76 [0.6362168842673933, 0.12172307600700155, 0.008900449968897352, 0.753159589756708] [0.12378311521186075, 0.6382769249166439, 0.7510995496012743, 0.0068404102702205915]
18000 0.04998743649778201 0.03189373570261511 -0.22 [-0.17816630997283173, -0.30087118736448754, -0.037949862605371296, 0.07698735994269047] [-0.04183368974070517, 0.08087118774092207, -0.18205013771462009, -0.29698736028559664]
18100 -0.5865388915480543 0.32455340815035655 0.16 [0.20763226761614326, 0.1433361867437723, -0.03173424243292013, 0.0007657880730046864] [-0.04763227086284069, 0.016663814616924198, 0.1917341215604778, 0.15923433468543866]
18200 -1.8102914650707382 0.9085661733904721 0.88 [0.3428825855388542, 0.6869988479375205, 0.6952035246773633, 0.03491504184626203] [0.537117414452947, 0.19300115204796595, 0.184796475324386, 0.8450849581747011]
18300 -0.9821001918012398 0.47628570773130596 1.0 [0.976693153839091, 0.023545879740024818, 0.9738746372382354, 0.025886329182648195] [0.02330684620554592, 0.9764541202928371, 0.026125362260142823, 0.9741136712414746]
18400 -1.3309257832234949 0.6355278049471943 0.86 [0.5163241945455077, 0.3445001151156206, 0.8513466617331867, 0.007829028605685346] [0.34367580557020255, 0.5154998847862872, 0.008653338207169957, 0.8521709714363402]
18500 1.009175332016616 -0.5176342740872307 -0.45 [-0.3147282993004895, -0.4457503753304198, -0.1390244701604233, -0.0004968552086674718] [-0.13527170070347125, -0.004249624671511015, -0.3109755298332037, -0.449503144791814]
18600 2.0766636585536085 -0.6734558475987071 -0.35 [-0.32398626303979094, -0.34098763907922247, -0.034873291143745336, -0.00015280673724112705] [-0.02601373696819733, -0.009012360915669454, -0.3151267088572692, -0.3498471932588641]
18700 0.04049859130555282 -0.07386531499731937 0.24 [0.30482167528905124, 0.2384535094173678, -0.06570628979284666, 0.002431105086427998] [-0.06482167528262668, 0.0015464905821925864, 0.30570628978642866, 0.23756889491400518]
18800 -0.7567418128998366 0.35435766402469904 0.36 [0.013131960444809744, 0.35441069298994876, 0.34173531573973226, 0.010722030825509132] [0.34686803955489154, 0.0055893069910514705, 0.01826468427955669, 0.34927796917450027]
18900 -1.887690863962631 0.892932123143406 0.94 [0.10335131635499831, 0.8471150818740266, 0.9092797320357116, 0.02025386973526373] [0.8366486836319923, 0.09288491777421097, 0.030720267982707328, 0.9197461306110888]
19000 -1.0698201177876676 0.48352498903475555 0.86 [0.009733692925836653, 0.8489486343580842, 0.8498948489032615, 0.011422823812817631] [0.8502663070753568, 0.011051365782572738, 0.010105151100974872, 0.8485771760410954]
19100 -1.857242735573605 0.7631349601722641 0.98 [0.6178759013038383, 0.3630991497854039, 0.9723974252311368, 0.00662752367962053] [0.3621240986943691, 0.616900850217624, 0.0076025747569386905, 0.9733724763310686]
19200 -1.658569687687002 0.8923318069480578 0.8 [0.31756723532968845, 0.4806369674505388, 0.7894531095609031, 0.01234268765886979] [0.48243276469273716, 0.3193630325432756, 0.010546890374247952, 0.7876573123897388]
19300 -0.9625264024783895 0.45728972146180263 0.7 [0.01810226867682335, 0.6884421781179395, 0.689874930053087, 0.0035806231521503373] [0.6818977313166621, 0.011557821881728643, 0.010125069954440997, 0.6964193768471688]
19400 -1.9342574966362693 0.9584692908784088 0.65 [-0.001574213964070392, 0.6628904056220692, 0.47445906278737476, 0.16422474555462632] [0.6515742139696808, -0.012890405622440766, 0.17554093716480274, 0.485775254487957]
19500 -0.853396182337312 0.4035040448884658 0.63 [0.005040533935844301, 0.6253264731902574, 0.6181348082969661, 0.011498184576932418] [0.6249594660629986, 0.004673526804508, 0.011865191708399751, 0.6185018154240943]
19600 -0.03795675186606723 0.020229592026502832 0.14 [-0.00796267351570586, 0.13675193664224738, 0.14573737038824544, 0.005473366485213017] [0.1479626737718108, 0.0032480633915537905, -0.005737370613624925, 0.13452663345026047]
19700 -1.3813457001533676 0.6331983198434704 0.94 [0.013696485295363454, 0.9199827364611574, 0.9240339194672803, 0.022286858776198928] [0.9263035147048154, 0.02001726353989977, 0.015966080537011425, 0.9177131412182731]
19800 -1.2792545264570863 0.7041164224688851 0.86 [0.01032021684157041, 0.841413385598071, 0.8436768316362218, 0.024589565924136855] [0.8496797831595856, 0.018586614467792414, 0.016323168307577643, 0.8354104340650447]
19900 -1.9439688348345434 1.0478441928407125 0.94 [0.011699471568338133, 0.928650302640868, 0.6832040980247993, 0.25644612776599407] [0.9283005284258189, 0.01134969729607295, 0.25679590216868703, 0.6835538721094204]
20000 -1.7849360327159718 0.9495295792902168 0.96 [0.03582201500950537, 0.9231758971643468, 0.9264219168370134, 0.03458017098913404] [0.9241779849837047, 0.03682410285543642, 0.03357808290120578, 0.925419829259654]
20100 -1.3523501067018666 0.7587136157800718 0.94 [0.02872083081776432, 0.9217856250079056, 0.9175995696014596, 0.01189397457287017] [0.9112791691746506, 0.018214375001758154, 0.022400430348963423, 0.9281060254746287]
20200 -1.191149585105684 0.5745501321217008 0.9 [0.009223028060395605, 0.7813257171029647, 0.8915100686959165, 0.11794118614072309] [0.8907769719946228, 0.1186742827858353, 0.008489931256200648, 0.7820588139633415]
20300 -1.1791538562643435 0.6153962536695536 0.8 [0.020148529469074, 0.741812836716483, 0.7874996635925144, 0.0505389702219287] [0.7798514703178739, 0.05818716207351206, 0.012500336704620507, 0.7494610309039935]
20400 1.0851529864249854 -0.6768594786784122 -0.29 [-0.2335656127590751, -0.28838022031355, 0.10126226431724968, -0.15931643124462466] [-0.05643438723417881, -0.0016197796883321127, -0.3912622643234279, -0.13068356875406117]
20500 -0.6377149527919125 0.41530226784438595 0.31 [-0.06427164647973757, 0.30168947841221877, 0.32746124535974114, 0.05512092270777761] [0.37427164648015143, 0.008310521586875912, -0.017461245360063056, 0.2548790772930357]
20600 -1.0155104818873524 0.48728548685996037 0.62 [0.009427747327388688, 0.6030556499601789, 0.6121409640620189, 0.01537563865041323] [0.6105722526697012, 0.016944350049918108, 0.007859035936377448, 0.6046243613440027]
20700 -2.017478945870538 0.9413902841716114 0.86 [0.4694338857575592, 0.38618671557743284, 0.8508754012293199, 0.013503997435687887] [0.390566114810325, 0.4738132839375613, 0.009124598705954536, 0.8464960025461599]
20800 -1.9157272201337627 0.9509094147107975 0.86 [0.027056384420057297, 0.8342662486161001, 0.7883916638808678, 0.07028570308297472] [0.8329436241249969, 0.025733744905956087, 0.07160833670144373, 0.7897142942676034]
20900 -2.2209371978015313 1.0935039857870867 0.94 [0.35526302983748775, 0.585025064933216, 0.8929082714714143, 0.046803633757882886] [0.5847369708995797, 0.3549749342946927, 0.047091728287984, 0.8931963665177437]
21000 -0.8415307308395172 0.39671555360313426 0.66 [0.01671482116665916, 0.6493466143472076, 0.6507537164983614, 0.0031848479877713363] [0.6432851788304143, 0.010653385636998892, 0.009246283519876143, 0.6568151520127107]
21100 -1.2042913018981676 0.6601935402895281 0.92 [0.01280518863530801, 0.9087905516723747, 0.6538726526237681, 0.26453160706855017] [0.9071948042377173, 0.011209444347181307, 0.2661273577208861, 0.6554683936942157]
21200 0.09703852645240092 0.0719304979211972 0.58 [-0.010065134518383615, 0.590096156275439, 0.0064224458219214915, 0.5735465324210234] [0.5900651417871517, -0.010096156113075579, 0.5735775492047317, 0.006453465121192218]
21300 -1.675013668873836 0.7942045191824663 0.76 [0.48519488759520113, 0.08655580060935059, 0.19538858574305223, 0.7528607260523964] [0.27480511242058997, 0.6734441991571937, 0.5646114143425749, 0.007139274079641943]
21400 -1.1952135486396451 0.6093063882840669 0.7 [0.13079422119547132, 0.5670440514394375, 0.04644052263143795, 0.6557212047336534] [0.5692057787744738, 0.1329559485873643, 0.6535594774143726, 0.04427879522378946]
21500 -1.6815924154431228 0.9397111948878429 0.88 [0.03088328197167924, 0.8526133406942935, 0.705466844109111, 0.17103653322491652] [0.8491167180284375, 0.027386659305894404, 0.17453315589089885, 0.7089634667747697]
21600 -0.9225719517772641 0.49499001944323767 0.66 [0.012037643785214568, 0.641579910530189, 0.6481304869982778, 0.01825195868631917] [0.6479623562254488, 0.01842008944078375, 0.011869513019321314, 0.6417480413144462]
21700 -1.025943103435243 0.44101313781870066 0.83 [0.008770548206939588, 0.8199712483073833, 0.8209810736516893, 0.010277129833988015] [0.8212294517895772, 0.010028751685089718, 0.009018926358479874, 0.819722870166852]
21800 -0.6278457671760596 0.38598865170257746 0.09 [0.07669271054745154, 0.019856398541285535, 0.04977183005420605, 0.03367906085705708] [0.01330728944591588, 0.07014360146276677, 0.040228169946049185, 0.056320939145268284]
21900 -0.6368174590303121 0.35273260928204403 0.42 [0.01854930899445241, 0.4200927346049072, 0.3951281478588433, 0.006229808541797003] [0.4014506910020559, -9.273460720085163e-5, 0.024871852146877604, 0.41377019145826677]
22000 -0.8313098377699039 0.4172773574325596 0.51 [0.008978167005506634, 0.4961551114009842, 0.5040358630642409, 0.010830858529268114] [0.50102183299763, 0.013844888597506511, 0.005964136936190587, 0.4991691414686729]
22100 1.1180936739168152 -0.6293953314366949 -0.42 [-0.1757274214730158, -0.37007432826260894, -0.24475659067726913, -0.04944165958710576] [-0.2442725790370427, -0.049925671181426594, -0.17524340885999107, -0.37055834092154]
22200 -0.012698526994399089 0.05759687585712294 0.19 [0.007053803058753717, 0.1982926699479678, 0.18678641392346187, -0.012132886930183398] [0.1829461972429063, -0.008292658338688608, 0.0032135856022469985, 0.20213287549353523]
22300 -0.2222728465500707 0.07291971497253752 0.3 [0.01763648623218707, 0.1873377273648488, 0.28466808642793207, 0.11035769997503186] [0.2823635147114507, 0.11266227303772165, 0.015331912823227132, 0.18964229942760052]
22400 -1.371655851620133 0.7467316947444509 0.88 [0.020264406519190207, 0.7911634659698464, 0.8634740863736887, 0.0850980411372748] [0.859735593402085, 0.08883653401499067, 0.01652591361809196, 0.7949019589648323]
22500 -1.3001061940140293 0.6416909753478091 0.9 [0.010024645167919802, 0.8418199748998033, 0.8851428200235247, 0.06301255990875178] [0.8899753545536209, 0.05818002530718833, 0.014857180244465364, 0.8369874398947253]
22600 -1.6153760073965493 0.8430359315836614 0.84 [0.11759553906000003, 0.5187138216573138, 0.8306206879615685, 0.21306995132111756] [0.7224044609332665, 0.32128617827813777, 0.009379312109536358, 0.6269300486790591]
22700 0.013274127326070523 0.07905231237791466 0.3 [0.27674723117892724, -0.0009971095838810751, 0.3225872097935767, 0.0016626686113771218] [0.023252768798341306, 0.30099710958515624, -0.022587209771988925, 0.29833733138849144]
22800 -1.3879456581409562 0.676350171660266 1.0 [0.9909228926077748, 0.006880192504516951, 0.800978037506598, 0.20121887738111022] [0.009077107458769136, 0.9931198074633394, 0.1990219674229573, 0.7987811176549348]
22900 -1.014234279959681 0.49847550355925285 0.3 [0.25886272875456334, 0.02528897948816566, 0.14801300140548623, 0.16783529035178493] [0.04113727124704271, 0.27471102051033525, 0.15198699859557357, 0.13216470964704846]
23000 0.03261354838358573 -0.03481978963563115 0.28 [0.32496734520348275, 0.0018772234389625, -0.04180891949928239, 0.2749643508568371] [-0.044967345203939, 0.27812277656654955, 0.3218089194909413, 0.005035649146447886]
23100 0.47663458004827475 0.12723291185393212 0.48 [0.31823169927235023, 0.17772080497617865, -0.18895102058890853, 0.6529985163403795] [0.1617683019007064, 0.3022791941486893, 0.6689510206685847, -0.17299851671798105]
23200 -0.8698335312495815 0.4237958952926335 0.18 [-0.12875713896862764, 0.04737328569537076, 0.17894015710910025, 0.2624436961641569] [0.3087571389608834, 0.13262671429567738, 0.0010598429012473748, -0.08244369615780808]
23300 -0.9653454390190379 0.5692808571071007 0.66 [0.1275219131707602, 0.5185975953587064, 0.6378582309457412, 0.03602226052479278] [0.5324780871356275, 0.14140240414461702, 0.0221417691825949, 0.6239777395371605]
23400 -1.5860874990066274 0.9187899814498427 0.98 [0.16931202415724417, 0.8162382033406287, 0.9557526317278896, 0.018697140774238046] [0.8106879758355329, 0.16376179666572857, 0.0242473682688485, 0.9613028592298903]
23500 -1.3102520578789636 0.5571274745732954 0.9 [0.011238391706356354, 0.8901616334906423, 0.8457028443378429, 0.052897130465158496] [0.8887616082924663, 0.009838366510727175, 0.0542971556618196, 0.8471028695349867]
23600 -1.2607799890382756 0.5997181148684576 0.9 [0.026784980635816077, 0.8873793823690221, 0.8737026676058128, 0.012132969389349013] [0.8732150193647062, 0.012620617632922281, 0.02629733239479683, 0.8878670306075752]
23700 -1.0821216501208466 0.5442555408679439 0.7 [0.011650113181595794, 0.6904762221840421, 0.6843011687353997, 0.01357249589896214] [0.6883498868438044, 0.009523777789964782, 0.015698831266250497, 0.6864275040999804]
23800 -3.417771751626391 1.713450054425509 1.0 [0.5917557325808223, 0.40883036414361373, 0.5508249952244659, 0.4485889080510978] [0.40824426741810216, 0.5911696358580344, 0.4491750047751981, 0.551411091948665]
23900 -0.38221410042158543 0.2593424425815835 0.07 [0.06624616086968628, 0.007089288005307556, -0.045066588398038274, 0.11173113952304442] [0.0037538391190211364, 0.06291071199515096, 0.11506658839098886, -0.04173113950516092]
24000 -0.7446524579282028 0.4081882398672746 0.57 [0.5642767092592986, 0.0047822549695894345, 0.015518205831462874, 0.5554228299396493] [0.0057232907404335, 0.5652177450219736, 0.5544817941085792, 0.014577170129014008]
24100 -1.6766556693477113 0.8792567830364526 0.89 [0.7914836262530026, 0.11323056385460979, 0.011720928869806907, 0.8635648810225807] [0.09851637152220402, 0.7767694384311576, 0.8782790710898821, 0.026435118956756515]
24200 -2.431034719094982 1.067772280658507 0.77 [0.2968886080740937, 0.523116621818836, 0.06292690717699251, 0.6570678629300778] [0.4731113919226901, 0.24688337818398914, 0.7070730928497236, 0.11293213704359725]
24300 -1.2029010825868 0.49337090111638227 0.44 [0.2982208849884722, 0.07664181810798969, 0.4023916283159844, 0.10274566858755385] [0.14177911517132824, 0.36335818181826907, 0.03760837159573017, 0.3372543314146722]
24400 -0.1912284527112787 0.05030727414364283 0.37 [0.3694776145618441, 0.36880339518466293, 0.0005521703857807249, 0.0011668198677124127] [0.00052238545157435, 0.0011966048088490314, 0.3694478296031582, 0.36883318013641825]
24500 0.14481998101998417 -0.0027004231030323695 0.08 [0.06873998003393411, 0.09278056565739506, 0.01124309351542534, -0.012763639206754426] [0.01126001990131385, -0.012780565520906546, 0.06875690655553107, 0.0927636390640615]
24600 0.3918957503981909 -0.13855318509613798 -0.2 [-0.16776996598354085, -0.19832590654372603, -0.03279097980514502, -0.0011131476675884401] [-0.032230034165516445, -0.0016740934384540521, -0.16720902004269014, -0.19888685235333925]
24700 -0.10053474713044533 0.05450306517325672 0.33 [-0.0520287978448143, 0.3255044212485538, 0.3845282412939979, 0.0019961353022625514] [0.3820287978522427, 0.004495578755749747, -0.05452824130115424, 0.32800386469316173]
24800 -1.9211924204553261 0.8517489276581389 0.96 [0.01586463660721097, 0.9344557378381115, 0.9079003144582924, 0.06177931109638484] [0.9441353633907015, 0.02554426216192833, 0.05209968553985502, 0.8982206889075147]
24900 -0.9843399113801439 0.3426920519939454 0.39 [-0.027614466946748656, 0.37820279771606813, 0.41180352598422365, 0.01760814324645705] [0.41761446670183, 0.011797202267418642, -0.02180352552660975, 0.372391856557361]
25000 -1.1797464145790781 0.5597659463014636 0.71 [0.004170384114567957, 0.7077443036305279, 0.15631488901795437, 0.5517704232369499] [0.7058296176370676, 0.0022556981709761807, 0.5536851109539452, 0.15822957323801112]
25100 -1.216338967051584 0.5484239244668864 0.56 [-0.013100017121474357, 0.5754734944378197, 0.1204190242983867, 0.43720749838526757] [0.5731000171763887, -0.015473494493241851, 0.4395809756863812, 0.12279250163047223]
25200 -0.747155398214667 0.4031687517813959 1.0 [0.007363357019211241, 0.9926081927322321, 0.027600972144209715, 0.9724274781043468] [0.9926366428797295, 0.007391807380148534, 0.9723990278795376, 0.02757252186058444]
25300 -2.1979492806760716 1.0539922300457438 0.94 [0.667875117856466, 0.2787121483271967, 0.012825078312229711, 0.9205876555041077] [0.2721248821432451, 0.6612878516716346, 0.9271749216886839, 0.019412344496436463]
25400 -1.2156105026464115 0.5555570106052771 0.88 [0.8632015099549831, 0.01636078921456502, 0.0116589744724893, 0.868778726357964] [0.016798490039852978, 0.8636392107854333, 0.8683410255322666, 0.011221273642447396]
25500 0.2826908945014289 -0.23213095335102474 0.18 [0.17567680202968144, 0.003276263214983728, -0.16633357912362898, 0.3473805138789639] [0.004323198868355643, 0.1767237359775662, 0.3463335290789691, -0.16738046392489075]
25600 -0.23120527426729787 0.12932588370281314 0.44 [0.43373551007551936, 0.008750696308649027, -0.03614560140565657, 0.4736593950214881] [0.006264489930793375, 0.43124930367660935, 0.4761456016733412, -0.033659395280743694]
25700 -1.5295202438874866 0.8076916230340692 1.0 [0.28813795105412976, 0.7123064991074898, 0.007802884105673497, 0.9917526657327077] [0.7118620489184464, 0.2876935009070545, 0.9921971158285281, 0.008247334345970803]
25800 -1.6277452672005694 0.82738412268201 0.69 [0.006325534492267501, 0.675423897365247, 0.4300276055258876, 0.26822296261659806] [0.6836744655092833, 0.014576102634289784, 0.2599723944700254, 0.42177703738640204]
25900 -0.632139350102563 0.2771870586657613 0.41 [0.039359338811633955, 0.37706584850690844, 0.43150337333541144, -0.027928560653953615] [0.3706406610312525, 0.03293415154680282, -0.021503373188705006, 0.43792856061064944]
26000 0.6114276721660551 -0.3139488102074362 -0.45 [-0.4460584676495619, -0.16874505205950618, -0.004836759637961868, -0.2803597206529706] [-0.003941532349384619, -0.2812549479420347, -0.44516324036185284, -0.16964027934672798]
26100 -0.9241255083381169 0.4437956367060203 0.45 [0.10828549007676108, 0.43970735483364365, 0.3400052612930176, 0.012001893796577739] [0.3417145099290262, 0.010292645150325255, 0.1099947387064933, 0.4379981062141552]
26200 -0.003928422142869173 0.055210020429422385 0.06 [0.007216359694166564, 0.04399329558604207, 0.052377259049417584, 0.01641308567037356] [0.05278364012954399, 0.016006705878413973, 0.007622732358526213, 0.043586921633515935]
26300 -0.5283277746893765 0.17665425982169666 0.5 [0.07169744860022367, 0.49679098053222176, 0.42747816480978124, 0.0040334060577733866] [0.4283025514460261, 0.0032090194424496056, 0.07252183512196952, 0.4959665939895548]
26400 -1.355176539093029 0.6376057203268829 0.58 [0.1270050528883577, 0.4261384135265014, 0.599828306688002, 0.007028226897138311] [0.45299494711959554, 0.15386158646717518, -0.019828306687280656, 0.57297177310051]
26500 -1.6001398195361372 0.7603492783030584 0.64 [0.6239497275395729, 0.01490675453706326, 0.460115964758397, 0.181027553164966] [0.016050272462925584, 0.6250932454629237, 0.1798840351452206, 0.45897244692893013]
26600 -1.1812598124530909 0.5710666069006453 0.94 [0.23317154104496524, 0.71532671095826, 0.9218675337814699, 0.009634214215305623] [0.7068284589544227, 0.22467328904185116, 0.018132466217580502, 0.9303657857861455]
26700 -0.6412788471714771 0.347455259411541 0.32 [0.0093461765536881, 0.5339393837275961, 0.3106831264923162, -0.21396868677360054] [0.310653822440007, -0.213939383691743, 0.009316874504831062, 0.5339686867469051]
26800 -0.4905472077580558 0.2931216020595514 0.38 [0.018812377129975365, 0.39154368272366574, 0.3578177305807626, -0.008173790434404032] [0.3611876228724896, -0.01154368272299411, 0.02218226941930016, 0.38817379043120454]
26900 -2.012832420807424 1.0472467385339819 0.84 [0.008800466419403, 0.8168297732187081, 0.6419372359712825, 0.2124325243906063] [0.8311995335798967, 0.023170226781587786, 0.19806276402616088, 0.6275674756123544]
27000 -2.1101241539462614 1.1060289335060336 0.9 [0.7235706319050671, 0.16825562587668105, 0.7391714824500377, 0.16900225976821384] [0.17642936812951784, 0.7317443740880282, 0.1608285175522267, 0.7309977402302266]
27100 -0.6246375292009984 0.28688426611124296 0.92 [0.9118775825603752, 0.008138024913854238, 0.9154419153156487, 0.004542477210121145] [0.00812241741378192, 0.9118619750988899, 0.004558084562874084, 0.9154575229244536]
27200 -0.26174844568858274 0.06726642088388578 -0.08 [-0.08220498061783685, -0.21834903326269633, 0.14550468691357177, -0.0049506730330384895] [0.0022049801807879363, 0.13834903367881266, -0.22550468679416902, -0.07504932706543134]
27300 0.6678243387128989 -0.3425586701911731 -0.1 [-0.2254686511371824, -0.09987182575958695, 0.12410673752022296, 0.001233739376546786] [0.12546865110680377, -0.0001281741679907169, -0.22410673748213272, -0.10123373945668032]
27400 -1.1566672307699595 0.5877113249880999 0.82 [0.013482890279323853, 0.8035465047803594, 0.80935215356429, 0.013618451376027194] [0.8065171097198448, 0.01645349521934343, 0.010647846435652556, 0.8063815486251587]
27500 -1.3765323216252083 0.824179678825432 0.88 [0.01694164006429614, 0.8487504051461587, 0.8652869146943124, 0.02902104009523292] [0.8630583599357712, 0.031249594853752255, 0.014713085305714796, 0.8509789599047614]
27600 -1.6009840728880638 0.5717582005283016 0.9 [0.00787421870094597, 0.8913181239718649, 0.1799448066360598, 0.7208628506911287] [0.8921257813155588, 0.008681876012192195, 0.7200551933436258, 0.17913714932862257]
27700 -0.890901096975023 0.4068377420941669 0.92 [0.00998872088848729, 0.9097666154948183, 0.12018683221467731, 0.800057831402017] [0.9100112791590348, 0.010233384454191849, 0.7998131677653229, 0.1199421686214502]
27800 0.4239115166435454 -0.15144606258997573 -0.24 [0.0068137909442967885, -0.2230865786774861, -0.24806588261945112, -0.015661329647359556] [-0.2468137909527379, -0.016913421160335704, 0.008065882623100006, -0.22433867051002643]
27900 -1.318908163068281 0.6552209373606247 0.88 [0.013810521208395815, 0.8654530591045878, 0.8649237903058278, 0.01581262938118837] [0.866189478791665, 0.01454694089529526, 0.015076209694206512, 0.8641873706188338]
28000 -1.2121939719279327 0.5715877450275427 0.86 [-0.030674190577924167, 0.8879294530439225, 0.33259153552572873, 0.5301532020082727] [0.8906741905372634, -0.0279294530237478, 0.5274084644465126, 0.3298467980399723]
28100 -1.3931734948514056 0.6319931347076492 0.7 [0.5896557242542424, 0.0212328654442429, 0.12789991130541972, 0.6612114989960951] [0.1103442757461761, 0.6787671346895743, 0.5721000886600217, 0.038788500904228196]
28200 -0.7745382319583265 0.3100160135009379 0.56 [0.6048244541570154, 0.009168468199336843, -0.047941456442040835, 0.5539485340856887] [-0.044824454156039605, 0.5508315317999202, 0.6079414564420651, 0.006051465914054639]
28300 -1.277873334494752 0.6641740148525528 0.9 [0.01711131906133386, 0.7856015075684959, 0.8881973867745475, 0.10908978659562239] [0.8828886809392062, 0.11439849243067154, 0.011802613224845982, 0.7909102134052768]
28400 -1.7486071990811483 0.8192446268513334 0.95 [0.015281850376642663, 0.940190670710876, 0.8606855358159082, 0.0838419430965729] [0.9347181496668743, 0.00980932925571579, 0.08931446418447646, 0.8661580568929327]
28500 -0.3275475435165531 0.13393796175920125 0.09 [0.13733903536966915, -0.20903117901694052, -0.03395944876939352, 0.2856515924166648] [-0.047339035672081066, 0.2990311800824502, 0.12395944809588094, -0.1956515925062498]
28600 -1.1068690843811664 0.4061548955834885 0.48 [0.13922891406512522, 0.3416788114069512, -0.0004033947963705015, 0.47949566932429394] [0.34077108597123607, 0.1383211885559578, 0.4804033947920223, 0.0005043306807839549]
28700 -2.16101609536266 1.1349635438079408 1.0 [0.044927149150263315, 0.9579358690197131, 0.4361350657344351, 0.5610019160955887] [0.955072851077675, 0.042064130764637324, 0.563864932577491, 0.4389980855801967]
28800 -1.3422560994147341 0.6673540877287408 0.74 [0.012715170461707153, 0.689717008327925, 0.7077075027944794, 0.06986031841588793] [0.7272848295373286, 0.05028299181148387, 0.0322924971715208, 0.6701396814796666]
28900 -1.7918410463513097 0.9032648637928866 0.82 [0.261208154441857, 0.5588236304654269, 0.8112103342714252, 0.008757880821290644] [0.5587918455572474, 0.2611763695328214, 0.00878966572873977, 0.811242119181191]
29000 -1.8624428722333426 0.9793160041233966 0.68 [0.07254601702868597, 0.6087831017894536, 0.6783373579639843, 0.0003335232178762453] [0.6074539829517813, 0.07121689847622927, 0.0016626417041031541, 0.6796664768678861]
29100 1.6671453244611363 -0.6956394487812063 -0.78 [-0.34053978039577343, -0.7724030252841626, -0.4376775214497714, -0.009379672870292087] [-0.4394602192168789, -0.007596975097224282, -0.3423224789385651, -0.770620326747332]
29200 -0.4001720226144802 0.14483420809185876 0.14 [-0.03143376094450621, 0.14000588268364245, 0.17037713065781254, 0.0010507476030512865] [0.1714337612691928, -5.882838835849693e-6, -0.030377130622065086, 0.13894925219170814]
29300 -1.5925436295440512 0.6577930577255455 0.36 [0.3220129167949705, 0.08966189903774896, 0.09955610333215188, 0.20876908083512846] [0.037987083579507044, 0.2703381007677283, 0.2604438966522702, 0.15123091900049448]
29400 -2.02652372334561 1.0089932443828475 0.98 [0.9651388433250173, 0.016877267991019934, 0.16880494692016013, 0.8091789417638021] [0.014861156660472268, 0.9631227319413802, 0.8111950530925358, 0.17082105830561148]
29500 -1.487859165797699 0.6763793579358172 0.96 [0.85997187817989, 0.08979457981051504, 0.5020934587270338, 0.46814008328256074] [0.10002812181830129, 0.8702054201350093, 0.4579065412719138, 0.4918599167747748]
29600 -1.6093943828183894 0.7491658496877643 1.0 [0.793745348638776, 0.20651197877677765, 0.9882347022034144, 0.011507970381032358] [0.20625465132400117, 0.7934880212760445, 0.011765297807750312, 0.9884920295922044]
29700 -1.0185388434774232 0.46629028510628584 0.98 [0.8636523978634751, 0.11587253941761717, 0.8512668200154384, 0.1292082427034697] [0.11634760218268553, 0.8641274605361958, 0.1287331799648869, 0.8507917573162318]
29800 -0.2529244957111248 0.2594170971100343 0.56 [0.4458104535598022, 0.11621585050091751, 0.566334555615775, -0.008360859676494749] [0.1141895456915457, 0.44378412737056744, -0.006334529864103005, 0.56836085680199]
29900 -0.6718824543839794 0.3594132557950602 0.64 [0.5919050855733741, 0.04966785719886615, 0.6288232072977104, 0.009603849930050288] [0.04809491443008906, 0.5903321427976607, 0.011176792701647302, 0.6303961500706032]
30000 -1.5326661118062743 0.6668391748024497 0.52 [0.5157971653407114, 0.003364862703169923, 0.22090954518575295, 0.2999284267703661] [0.004202834639341349, 0.5166351373012681, 0.2990904547670577, 0.22007157329233318]
