step Ek EV sign nup ndn
100 -0.6217304313411379 0.155508295537548 0.21 [0.17862247030635534, 0.006151735719942846, 0.03067205150472264, 0.20455374246897842] [0.031767745203441236, 0.20169274754167016, 0.178919708667016, 0.007619798587871313]
200 -1.2139211755926873 0.5538848777950399 0.92 [0.9099606080013516, 0.012343860033397245, 0.0121195156321456, 0.9055760163331058] [0.01003939199864881, 0.9076561399666027, 0.9078804843678538, 0.014423983666894118]
300 -1.2690878933329923 0.5320204463645117 0.54 [-0.022117417403412797, 0.5614184618116984, 0.34201590102377616, 0.19868305456793792] [0.5621174174034128, -0.02141846181169861, 0.19798409897622388, 0.34131694543206204]
400 -1.7727189470656846 0.9077363319683678 0.76 [0.5794537812137361, 0.504819507357479, 0.1790851314085533, 0.25664158002023196] [0.18054621878626417, 0.2551804926425208, 0.5809148685914471, 0.5033584199797682]
500 0.7831511520727461 -0.3347178945467605 -0.76 [0.0009242153402243403, 0.01928714027880686, -0.7609386952209725, -0.7792726603980583] [-0.7609242153402245, -0.7792871402788072, 0.0009386952209727107, 0.019272660398058482]
600 -2.0455323700843397 0.8540872523322879 0.88 [0.03417058836557947, 0.13014336053341702, 0.8442076531167926, 0.751478397984211] [0.8458294116344208, 0.7498566394665832, 0.035792346883206747, 0.12852160201578974]
700 -1.2373239768995807 0.5594872549680947 0.84 [0.038468197391581624, 0.6365771218350997, 0.7973914310333954, 0.20756324973992302] [0.801531802608418, 0.20342287816490015, 0.042608568966604275, 0.6324367502600771]
800 -0.7165800997510078 0.3509098417286028 0.44 [0.008910205822279289, 0.42916686240800656, 0.4335524837414982, 0.008370448028215825] [0.43108979417772064, 0.010833137591993272, 0.006447516258501797, 0.4316295519717845]
900 -1.2970001816045644 0.6865516881325981 0.94 [0.015657493305528947, 0.9243528135904465, 0.9248038904565239, 0.01518580264750018] [0.9243425066944715, 0.015647186409553225, 0.015196109543475778, 0.9248141973525001]
1000 -1.2775231175582042 0.6359241953964895 0.86 [0.013484989098682763, 0.8527279598184347, 0.8402064346083882, 0.013580616474494602] [0.8465150109013169, 0.00727204018156517, 0.01979356539161209, 0.8464193835255053]
1100 -1.0306915847923432 0.458731745220013 0.8 [0.01251374657313603, 0.7869397187211282, 0.6748110782307866, 0.1257354564749492] [0.7874862534268644, 0.01306028127887165, 0.12518892176921356, 0.6742645435250509]
1200 -0.18437020624270248 -0.06854557034151697 -0.06 [-0.006924486255181102, -0.05268365375660166, -0.14882713541297451, 0.08843527542475682] [-0.0530755137448187, -0.007316346243398524, 0.08882713541297427, -0.1484352754247569]
1300 -0.9502270125958806 0.4666575416813687 0.63 [0.012268523067630552, 0.6197627512042283, 0.6176301706736222, 0.01033855505451899] [0.6177314769323693, 0.010237248795771713, 0.012369829326377755, 0.6196614449454811]
1400 -1.1502216840341568 0.5650187848936961 0.91 [0.0206097785008732, 0.8883664050258361, 0.8987321471466571, 0.012291669326633298] [0.8893902214991266, 0.021633594974163794, 0.011267852853342617, 0.8977083306733671]
1500 -0.3859960354548779 0.14696781287812774 0.16 [-0.13579459735257526, 0.31558084826577093, 0.13789477934720445, 0.0023189697395996607] [0.2957945973525751, -0.15558084826577112, 0.02210522065279555, 0.15768103026040034]
1600 -0.22225892536748793 0.20324175474463094 0.42 [0.4167970337045781, 0.003218188654976967, 0.4131608992077897, 0.0068238784326550925] [0.0032029662954217563, 0.4167818113450229, 0.006839100792210263, 0.4131761215673449]
1700 -0.7513219453907477 0.42882331002104457 1.0 [0.9900820485041473, 0.00995290772849605, 0.9897407025333527, 0.010224341234003773] [0.009917951495852282, 0.990047092271504, 0.010259297466647483, 0.9897756587659962]
1800 -0.14368537286108585 -0.0031147587402110544 -0.2 [-0.28707955287246034, 0.08407752919849351, -0.1799484195390156, -0.017049556787017174] [0.08707955287246055, -0.2840775291984935, -0.020051580460984177, -0.18295044321298295]
1900 -0.7914405290852429 0.38702629006401035 0.1 [-0.16397033304980277, 0.2644714528870894, 0.09864305261591456, 0.0008558275467986262] [0.26397033304980255, -0.1644714528870894, 0.0013569473840854718, 0.09914417245320144]
2000 -1.8170427365299562 0.8570977532511016 0.9 [0.1024659471796247, 0.7990432739325913, 0.8856826254970959, 0.01280815339068828] [0.797534052820375, 0.1009567260674087, 0.014317374502904219, 0.8871918466093112]
2100 -1.1178777900999952 0.509320587356878 0.96 [0.8257137344316641, 0.13409884142897519, 0.9484510329478941, 0.01173639119146653] [0.13428626556833623, 0.8259011585710244, 0.01154896705210564, 0.9482636088085337]
2200 -1.2177535466094997 0.5198534430417309 0.82 [0.7031188602979305, 0.11713981921376847, 0.8152995526323876, 0.004441767855914183] [0.11688113970206974, 0.7028601807862315, 0.004700447367612878, 0.8155582321440856]
2300 -1.6973336165691437 0.8015944041482777 0.68 [0.33314157751672097, 0.34497770407246536, 0.6749630585022343, 0.0069176599085795576] [0.3468584224832789, 0.3350222959275351, 0.005036941497765732, 0.6730823400914203]
2400 -2.02611253636619 0.9403199074191221 0.98 [0.4506004165132365, 0.7796834078961077, 0.6293528791911529, 0.10036329639950319] [0.5293995834867633, 0.20031659210389216, 0.35064712080884725, 0.8796367036004971]
2500 -0.9608388770385043 0.4812972567228404 0.76 [0.7503586973308621, 0.15859230553079723, 0.016578415573323263, 0.5944705815650174] [0.009641302669137854, 0.6014076944692026, 0.7434215844266764, 0.1655294184349825]
2600 -1.0050996630140931 0.5737810008850907 0.54 [0.5306613469224627, 0.01722348231695063, 0.017079889800889023, 0.5150352809596975] [0.009338653077537316, 0.5227765176830493, 0.5229201101991109, 0.024964719040302494]
2700 -1.522965831841095 0.7919853840567549 1.0 [0.97772325517035, 0.015335428033548761, 0.02280716507680536, 0.9841341517192963] [0.022276744829650304, 0.9846645719664514, 0.9771928349231941, 0.015865848280703924]
2800 -0.7988108529985027 0.4191680105112075 0.61 [0.524401391990945, 0.08431196053094787, 0.009916002913465073, 0.6013706445646418] [0.08559860800905496, 0.5256880394690523, 0.6000839970865348, 0.008629355435357951]
2900 -0.6904735246205053 0.3493218877175579 0.85 [0.013943302676258904, 0.8360313239344254, 0.0052915043898108145, 0.8447338689995046] [0.8360566973237414, 0.013968676065574857, 0.8447084956101897, 0.005266131000494881]
3000 -0.7834041567966586 0.44564211541213355 0.53 [0.32031631472938293, 0.2070612604899068, 0.06486101704922609, 0.4677614077314836] [0.20968368527061665, 0.32293873951009344, 0.4651389829507738, 0.06223859226851628]
3100 -1.3995209330916265 0.6977030027295773 0.95 [0.9343293897986381, 0.026091350239765068, 0.010083475002213894, 0.9294957849593831] [0.015670610201361967, 0.9239086497602348, 0.9399165249977852, 0.02050421504061707]
3200 -1.596109239589508 0.8695901991873046 1.0 [0.9759160916739092, 0.02516152494794054, 0.020029452450922948, 0.9788929309272265] [0.02408390832609023, 0.9748384750520594, 0.9799705475490775, 0.02110706907277339]
3300 -1.9671348540156337 0.804636168323878 0.92 [0.908529633288397, 0.011663122915506656, 0.07538735040905545, 0.8444198933870402] [0.011470366711602599, 0.9083368770844936, 0.8446126495909447, 0.0755801066129597]
3400 -1.3406007675651617 0.6641383886245835 0.86 [0.40884941603511904, 0.4500989542170775, 0.09993640727654063, 0.7611152224712634] [0.4511505839648811, 0.40990104578292264, 0.7600635927234591, 0.09888477752873692]
3500 -2.0829827311648437 1.0593889527787899 0.96 [0.16664445688389218, 0.9380082141114062, 0.5278033680542854, 0.28754396095041634] [0.7933555431161081, 0.02199178588859379, 0.43219663194571467, 0.6724560390495838]
3600 -0.8171522405487335 0.3654765464671 0.48 [0.005528694467159804, 0.39213794136228325, 0.47509058489541284, 0.08724277927514355] [0.47447130553284034, 0.08786205863771604, 0.00490941510458712, 0.39275722072485647]
3700 -0.3058869471987882 0.19218279074476527 0.08 [0.38527389561413933, -0.3042398030535676, 0.08355010416254392, -0.004584196723115449] [-0.3052738956141392, 0.3842398030535679, -0.003550104162543879, 0.0845841967231152]
3800 0.32837218575817656 -0.16116722592025173 0.2 [0.1598215032527729, 0.04209626474191865, 0.016395525860198146, 0.18168670614511048] [0.040178496747227024, 0.15790373525808135, 0.1836044741398021, 0.01831329385488971]
3900 -0.838974548029586 0.33505578012508136 0.64 [0.6373526667245362, 0.04396666161586297, 0.002800060873134707, 0.5958806107864664] [0.002647333275463776, 0.5960333383841371, 0.6371999391268651, 0.04411938921353399]
4000 -1.433221431711695 0.6619557050859249 0.66 [0.6036387592372032, 0.11139931912261548, 0.19085564586264941, 0.41410627577753173] [0.05636124076279688, 0.5486006808773843, 0.4691443541373504, 0.24589372422246814]
4100 -1.5769835054004069 0.8339036380265719 0.78 [0.6764029707435674, 0.09895191683939039, 0.3128926162553735, 0.4717524961616688] [0.10359702925643263, 0.6810480831606095, 0.4671073837446265, 0.3082475038383317]
4200 -1.1131956860433863 0.510019454588548 0.66 [0.6421146635460494, 0.01143700490272505, 0.030133966360292842, 0.6363143651909325] [0.017885336453950514, 0.6485629950972757, 0.6298660336397072, 0.023685634809067414]
4300 -0.2769121560451972 0.12585500937588945 0.1 [0.21071100969663323, -0.11703807506582713, 0.005846725733000977, 0.10048033963619281] [-0.11071100969663332, 0.2170380750658271, 0.09415327426699902, -0.00048033963619290287]
4400 -0.571072502770407 0.24123987133112956 0.46 [0.4563730872397368, 0.006185549335741131, 0.0035424699741890956, 0.453898893450333] [0.003626912760263148, 0.4538144506642585, 0.45645753002581096, 0.00610110654966713]
4500 0.3740724368250738 -0.09136201043903892 -0.14 [0.057547364651561114, -0.15952606476263495, -0.030035021964160816, -0.1479862779247656] [-0.19754736465156097, 0.01952606476263488, -0.1099649780358392, 0.007986277924765414]
4600 0.0032698530944230207 0.0016979248701605464 0.24 [0.25834092920795726, 0.006169139072137019, -0.022437827025213575, 0.23792775874511915] [-0.01834092920795735, 0.233830860927863, 0.2624378270252137, 0.002072241254880794]
4700 0.21804987597112985 -0.07449806947004926 -0.2 [-0.19280994016045924, 0.0004532338257015403, -0.004648622430422869, -0.2029946712348196] [-0.007190059839540857, -0.2004532338257017, -0.1953513775695771, 0.0029946712348195253]
4800 -0.7237139542696776 0.3381649881354754 0.37 [0.35770576882986227, 0.0005723852916040788, 0.012269684349143379, 0.3694521615293902] [0.012294231170137693, 0.36942761470839597, 0.35773031565085645, 0.0005478384706097897]
4900 -1.7459649623307052 0.9637654881921267 0.76 [0.5595323820585207, 0.015508285285217518, 0.20195681880319696, 0.7430025138530649] [0.20046761794147966, 0.7444917147147823, 0.5580431811968032, 0.01699748614693509]
5000 -2.4091948909810803 1.2104473412270556 0.91 [0.7361924224199785, 0.009350522676308384, 0.18187407069383618, 0.892582984209876] [0.17380757758002108, 0.9006494773236916, 0.7281259293061637, 0.01741701579012387]
5100 -1.5291129992613701 0.6791840240523829 0.54 [0.4856149428764227, 0.05110439794466732, 0.09152123500344768, 0.45175942417546255] [0.05438505712357777, 0.48889560205533256, 0.44847876499655215, 0.08824057582453726]
5200 0.9486416285866736 -0.45186177862125637 -0.52 [-0.5163938836256733, -0.004234557285917497, -0.2178949063701845, -0.3014766527182252] [-0.0036061163743271248, -0.5157654427140828, -0.3021050936298151, -0.21852334728177503]
5300 0.6020771058422794 -0.3545771255892703 -0.53 [-0.18056679207472887, -0.0784067534258137, -0.35327372856170536, -0.4477527259377523] [-0.34943320792527105, -0.4515932465741862, -0.17672627143829484, -0.08224727406224798]
5400 0.8460879145507196 -0.46421759423607606 -0.21 [-0.20870976480295078, -0.07670496548558299, -0.0020718185169014396, -0.13251345119456479] [-0.0012902351970491572, -0.1332950345144169, -0.2079281814830985, -0.07748654880543542]
5500 -1.3575197937087355 0.6269531766367913 0.86 [0.8299293756660808, 0.02947005387046627, 0.013067064471347594, 0.8475335059921059] [0.030070624333919174, 0.830529946129534, 0.8469329355286525, 0.01246649400789479]
5600 -2.5404595050940944 1.108205643334305 0.94 [0.468206118262964, 0.06229061465262919, 0.44212027020615047, 0.9073829968782563] [0.471793881737036, 0.8777093853473708, 0.4978797297938492, 0.0326170031217442]
5700 -1.3543571955107354 0.7300051130345833 0.8 [0.35497375223178657, 0.4239037304463739, 0.028286934055945512, 0.7928355832658948] [0.4450262477682136, 0.376096269553626, 0.7717130659440542, 0.0071644167341060085]
5800 -0.7337489689783391 0.1701946126310544 0.27 [0.2621640228214889, 0.03526614607398077, 0.0023421253825106707, 0.24022770572201982] [0.007835977178511226, 0.23473385392601917, 0.2676578746174889, 0.029772294277980168]
5900 1.1577518719555107 -0.47273219834658725 -0.15 [-0.24166904312158308, 0.15867972495866392, 0.10281044934288416, -0.31982113117996513] [0.09166904312158301, -0.3086797249586639, -0.2528104493428843, 0.16982113117996525]
6000 -0.8351770371428657 0.46335127700734896 0.6 [0.011723784803430271, 0.5901735572503215, 0.644554226791423, -0.04645156884517477] [0.5882762151965703, 0.009826442749678666, -0.04455422679142325, 0.6464515688451752]
6100 -1.5093913715300074 0.7433151034514289 0.8 [0.007208306491565727, 0.7279042766699806, 0.7297189751247488, 0.1351684417137053] [0.792791693508434, 0.0720957233300195, 0.07028102487525127, 0.6648315582862954]
6200 -1.7949826311497363 0.8008635619534467 0.76 [0.023264191492915583, 0.7492040018800543, 0.6820952330880032, 0.06543657353902745] [0.7367358085070841, 0.010795998119946042, 0.07790476691199681, 0.6945634264609721]
6300 -0.9584871982879778 0.4953908449833779 0.81 [0.015984075883774283, 0.7985803897060856, 0.8041575369436156, 0.0012779974665243327] [0.7940159241162253, 0.011419610293913777, 0.005842463056384779, 0.808722002533476]
6400 -1.3475604599515691 0.6586111794525928 0.79 [0.02495806139167545, 0.7789503633498367, 0.7661613809775798, 0.00993019428090808] [0.7650419386083241, 0.01104963665016361, 0.023838619022419804, 0.7800698057190922]
6500 -1.8653679039130038 0.8415844241192977 0.92 [0.06534886719749688, 0.9007156638741759, 0.8473123719899988, 0.02662309693832935] [0.8546511328025033, 0.019284336125824475, 0.0726876280100016, 0.8933769030616706]
6600 -1.3911509113353697 0.5988092561142966 0.78 [0.09311255568037836, 0.7459674698582934, 0.6818380673854959, 0.039081907075832714] [0.6868874443196215, 0.03403253014170692, 0.09816193261450407, 0.7409180929241679]
6700 0.48954913981577236 -0.16574204100691556 -0.12 [0.0369400796259806, -0.1189723256861598, -0.16769370616868065, 0.009725952228859752] [-0.15694007962598058, -0.0010276743138402445, 0.04769370616868057, -0.12972595222885966]
6800 -1.3276800406175702 0.569046715708737 0.79 [0.08656107882865083, 0.7806693205701508, 0.7057082245379479, 0.007061376063250156] [0.7034389211713497, 0.009330679429849277, 0.08429177546205166, 0.7829386239367498]
6900 -0.7323959831527063 0.5511096366532374 0.55 [0.06807838372260001, 0.48469913198022013, 0.3602041568397925, 0.1870183274573877] [0.48192161627740016, 0.0653008680197798, 0.18979584316020745, 0.3629816725426129]
7000 -1.270232566547808 0.6411455444921532 0.7 [0.3402935263309422, 0.3568051273099418, 0.016305235815440692, 0.6865961105436753] [0.3597064736690578, 0.3431948726900582, 0.6836947641845594, 0.013403889456325011]
7100 -0.5877156399886898 0.25486771395031893 0.26 [0.471724214183334, -0.20937200310125692, 0.005054171411325944, 0.2525936175065971] [-0.21172421418333393, 0.4693720031012571, 0.25494582858867393, 0.00740638249340297]
7200 0.33170229539100143 -0.13682877655091955 0.15 [0.1476138403633434, -0.24343664014063227, 0.005628779513837696, 0.39019402026345096] [0.0023861596366564573, 0.3934366401406323, 0.14437122048616266, -0.24019402026345105]
7300 0.18642510411233285 -0.054712901463430524 -0.34 [-0.3394612422679844, -0.3388661935205423, -0.0005417639168442697, -0.001130800294628876] [-0.0005387577320156147, -0.0011338064794575316, -0.3394582360831556, -0.3388691997053712]
7400 0.3927475137461872 -0.16146278825233182 -0.44 [-0.43660142035143934, -0.4359059711348603, -0.0033864428269494433, -0.004106165686751081] [-0.0033985796485605448, -0.004094028865139961, -0.4366135571730507, -0.43589383431324885]
7500 -0.3967862188479508 0.25245102096867567 0.49 [0.4701576485805734, 0.48494810912433634, 0.019857394618774588, 0.005036847676315843] [0.019842351419426953, 0.005051890875663443, 0.4701426053812259, 0.48496315232368375]
7600 -1.1332193442413139 0.49422679138637693 0.88 [0.6847928382125125, 0.8530191628490073, 0.1950037769754173, 0.02718422196306325] [0.19520716178748765, 0.026980837150992868, 0.6849962230245825, 0.8528157780369373]
7700 -0.29076180636634463 0.08108981958184329 0.2 [0.018638026294085022, 0.07450221211608966, 0.1806853380613898, 0.1261744235284355] [0.18136197370591503, 0.1254977878839103, 0.01931466193861016, 0.07382557647156447]
7800 -1.7289783266842327 0.9663429532458875 0.94 [0.508685983481776, 0.0293875152069837, 0.4329396058956639, 0.9089868954155765] [0.4313140165182241, 0.9106124847930164, 0.5070603941043359, 0.03101310458442348]
7900 -1.0471920218008228 0.6502031963929908 0.82 [0.03574825009129958, 0.2909464655098517, 0.7838416747635399, 0.5294636096353088] [0.7842517499087006, 0.5290535344901482, 0.03615832523646019, 0.2905363903646913]
8000 -2.957573488319042 1.3962158007944094 0.76 [0.36057842658850703, 0.46490563860040046, 0.5821121672542234, 0.11240376755686887] [0.3994215734114932, 0.2950943613995991, 0.17788783274577646, 0.6475962324431309]
8100 -2.140956095673845 1.0123631220283547 0.9 [0.8037858702761649, 0.090656249807279, 0.2733021035686109, 0.6322557763479457] [0.09621412972383578, 0.8093437501927206, 0.6266978964313887, 0.2677442236520542]
8200 -1.2666284575478346 0.6680898202219113 0.88 [0.855408138948524, 0.01491369285060819, 0.021899790775642684, 0.8677783774252259] [0.024591861051476635, 0.8650863071493912, 0.8581002092243569, 0.012221622574774316]
8300 -1.306610989556517 0.6573522885868489 0.62 [0.5678796911937171, 0.023878078302241788, 0.07884688542153859, 0.5693953450825029] [0.05212030880628332, 0.5961219216977584, 0.5411531145784614, 0.050604654917497154]
8400 -1.194788401237669 0.6117573481018912 0.92 [0.9071621552411652, 0.1721326639016321, 0.01741939448998646, 0.7432857863672159] [0.01283784475883419, 0.7478673360983684, 0.9025806055100134, 0.1767142136327845]
8500 -0.6283156226749886 0.41606675556737843 0.3 [0.06138977828552206, 0.23793787492156127, 0.20644433300939669, 0.09422801378351993] [0.2386102217144779, 0.062062125078438724, 0.09355566699060315, 0.20577198621648005]
8600 -0.530150893836509 0.26742357431083763 0.4 [0.005321241384267278, 0.39355604937474564, 0.5281037577636659, -0.12698104852267916] [0.39467875861573254, 0.006443950625254214, -0.128103757763666, 0.5269810485226789]
8700 -2.8046406806050066 1.5905423690104095 0.98 [0.6598580275733876, 0.32187823053886505, 0.7333172289850894, 0.24494651290265795] [0.3201419724266124, 0.6581217694611344, 0.2466827710149103, 0.7350534870973422]
8800 -2.8799630225693518 1.362267948114491 0.96 [0.8370273906772862, 0.12472997391108502, 0.6179366303333462, 0.3403060050782821] [0.1229726093227134, 0.835270026088915, 0.3420633696666535, 0.6196939949217178]
8900 -0.8472516271016627 0.46349448794557696 0.68 [0.6765481996035113, 0.004176378055583645, 0.6292805449163353, 0.04999487742456953] [0.0034518003964886844, 0.675823621944416, 0.050719455083664336, 0.6300051225754308]
9000 -1.3148320463200176 0.6117371819049922 0.86 [0.8482063257052899, 0.015600976966194337, 0.017012061132161794, 0.8391806361963546] [0.011793674294710524, 0.8443990230338049, 0.8429879388678383, 0.020819363803645734]
9100 -1.1525280411719852 0.5805934976584003 0.76 [0.7432875716970421, 0.012158255455394854, 0.01404547753029625, 0.7505086953172666] [0.016712428302957705, 0.7478417445446053, 0.7459545224697033, 0.009491304682733492]
9200 -1.163469962287795 0.5816483758555924 0.78 [0.31755771746278344, 0.5650536466199354, 0.3173434985853965, 0.36004513733188476] [0.4624422825372168, 0.2149463533800646, 0.46265650141460346, 0.41995486266811527]
9300 0.19856319623941424 -0.01932413597716772 -0.01 [-0.04989827804847377, 0.039650611495912876, -0.012680654965167846, 0.0029283215177285543] [0.03989827804847386, -0.04965061149591298, 0.0026806549651677476, -0.012928321517728516]
9400 0.31490857456198346 -0.08319536065773808 0.15 [-0.07426841379569252, 0.22296721376577083, 0.14974461185531046, 0.0015565881746110813] [0.22426841379569262, -0.0729672137657709, 0.00025538814468949243, 0.14844341182538892]
9500 -0.8285058431787461 0.44094295797387134 0.66 [0.47100577284948514, 0.1899065262465979, 0.6164211091281414, 0.04266659177577552] [0.18899422715051464, 0.47009347375340205, 0.04357889087185849, 0.6173334082242247]
9600 -0.7371291644885476 0.4270282591438241 0.98 [0.9669085674876168, 0.013216342787462105, 0.9613048366048753, 0.01857025312004642] [0.013091432512383887, 0.9667836572125378, 0.018695163395124573, 0.9614297468799539]
9700 -0.5497673727691934 0.27744022504292326 0.73 [0.722492950447377, 0.007522423582170478, 0.7252980983982873, 0.004686527572164749] [0.007507049552623181, 0.7224775764178295, 0.004701901601712017, 0.7253134724278353]
9800 -0.6333281427231824 0.20500481750269337 0.31 [0.2689709521509435, 0.04072267168275326, 0.32099128506950053, -0.010684908903197116] [0.041029047849056595, 0.26927732831724693, -0.010991285069500452, 0.3206849089031972]
9900 -0.7518826169821327 0.380866397764037 1.0 [0.9903716472854207, 0.009590013656541059, 0.9923980925865818, 0.007640246471456771] [0.009628352714579465, 0.9904099863434591, 0.007601907413418324, 0.9923597535285428]
10000 -0.9284407087311398 0.5006324299453617 0.92 [0.906417242846192, 0.014666327799454586, 0.7335288963415617, 0.18538753301279193] [0.013582757153808103, 0.9053336722005447, 0.18647110365843836, 0.7346124669872082]
10100 -0.7727800366156337 0.4681577812711572 0.54 [0.5273531728868811, 0.023428644889633286, 0.03306958075525792, 0.49614860146822815] [0.012646827113119015, 0.5165713551103668, 0.5069304192447419, 0.043851398531772244]
10200 -0.3590707589435826 0.16799544929239837 0.48 [0.2708507288111144, 0.22460805180810936, 0.20931385085487247, 0.2552273685259042] [0.20914927118888585, 0.2553919481918908, 0.2706861491451276, 0.22477263147409596]
10300 -0.6046013050680368 0.33282991221137104 -0.02 [0.014125927045290622, -0.0769313151667598, -0.03236825503215396, 0.055173643153623046] [-0.034125927045290626, 0.0569313151667597, 0.012368255032153958, -0.07517364315362302]
10400 -0.8337992886205613 0.4032763913893342 0.7 [0.005026059760180357, 0.700598355212379, 0.6168517849998019, 0.07752380002763927] [0.6949739402398194, -0.0005983552123788122, 0.08314821500019837, 0.6224761999723603]
10500 -0.7319927673721079 0.3549355482596499 0.6 [0.008952691141159045, 0.5859859845664721, 0.5968438457090083, 0.00821747858336017] [0.5910473088588415, 0.01401401543352772, 0.0031561542909914553, 0.5917825214166401]
10600 -1.2647215144964874 0.5856437460990513 0.94 [0.038026450780157525, 0.9016754380308238, 0.6234790655977607, 0.3168190455912577] [0.9019735492198419, 0.038324561969175726, 0.31652093440223944, 0.6231809544087423]
10700 -0.4384838867773535 0.21033155195882092 0.7 [0.003429540072573471, 0.6954750572666144, 0.148429600882515, 0.5526658017782979] [0.6965704599274261, 0.004524942733386276, 0.5515703991174851, 0.14733419822170224]
10800 -0.1432558191019675 0.12039939579283693 0.2 [0.006852825454030777, 0.19756012080114083, 0.2536419306433281, -0.058054876898499475] [0.19314717454596908, 0.0024398791988592848, -0.053641930643328, 0.25805487689849976]
10900 0.8017903966393563 -0.38388186245943395 -0.6 [-0.009306579580401647, -0.5912440065310652, -0.5921049176539627, -0.007344496234570225] [-0.5906934204195982, -0.008755993468934577, -0.00789508234603725, -0.5926555037654299]
11000 0.2680989368805518 -0.18670526451230368 -0.05 [-0.004356036437065187, -0.04485870837758993, -0.044382083123985616, -0.006403172061359288] [-0.045643963562935, -0.005141291622410052, -0.005617916876014375, -0.04359682793864088]
11100 -0.8478348385433024 0.2927480100549807 0.53 [0.010618227952689921, 0.5177005467184397, 0.5275528856506899, 0.00412833967818036] [0.5193817720473102, 0.01229945328156011, 0.0024471143493101275, 0.5258716603218198]
11200 -0.24110389132676274 0.1741031527315756 0.1 [0.006161097757108614, 0.09753594935563353, 0.09169205286830305, 0.004610900018954771] [0.09383890224289146, 0.0024640506443665373, 0.008307947131696804, 0.09538909998104535]
11300 -0.43358780707981054 0.2387301880145715 0.23 [-0.03841079138025426, 0.26196838622196544, 0.22522821230440893, 0.011214192853879623] [0.2684107913802542, -0.03196838622196563, 0.004771787695590903, 0.2187858071461203]
11400 0.49439228836763816 -0.20909184102738756 -0.29 [-0.011831110772421596, -0.279578201648738, -0.2963343864157256, 0.0077436988368850355] [-0.2781688892275783, -0.010421798351261953, 0.006334386415725411, -0.29774369883688484]
11500 -1.4432021661233103 0.6496551558970556 0.66 [0.0481519790788667, 0.617969242178932, 0.6105155174433132, 0.04336326129888782] [0.611848020921133, 0.04203075782106788, 0.049484482556686527, 0.6166367387011126]
11600 -1.728956282450526 0.9544935650206212 0.86 [0.5876734097543255, 0.2829689405805266, 0.25110436256592317, 0.5982532870992244] [0.27232659024567457, 0.5770310594194732, 0.6088956374340763, 0.26174671290077556]
11700 -0.4295738897525411 0.2733007414669709 0.16 [0.14612353242998896, 0.01688475157356006, 0.008554017794176619, 0.14843769820227423] [0.013876467570010948, 0.14311524842644, 0.1514459822058234, 0.011562301797725818]
11800 -0.8160033110593641 0.46819266860326253 0.88 [0.742698393751479, 0.13667073263069976, 0.7639053424055346, 0.11672553121228635] [0.13730160624852078, 0.7433292673693005, 0.11609465759446526, 0.763274468787714]
11900 -3.0113684286859597 1.4265566253766997 0.94 [0.2633608859394972, 0.6141014268080529, 0.3710656571140609, 0.6314720301383885] [0.6766391140605027, 0.3258985731919469, 0.5689343428859389, 0.3085279698616117]
12000 -1.2991597012269165 0.722460031494003 0.96 [0.0224303165851551, 0.9339342185696461, 0.5711835458528143, 0.39245191899238496] [0.9375696834148447, 0.026065781430354432, 0.38881645414718574, 0.567548081007615]
12100 -1.2088612093487245 0.5768615700096545 0.84 [0.013743881044109183, 0.825303682327499, 0.8284145270466137, 0.012537909581778042] [0.8262561189558904, 0.014696317672500618, 0.011585472953386512, 0.8274620904182223]
12200 -0.046460266639513165 0.09374936230583794 -0.06 [-0.16216344255741494, 0.06729358416623255, -0.059270937316549206, 0.034140795707731715] [0.10216344255741495, -0.12729358416623257, -0.0007290626834507424, -0.09414079570773161]
12300 -0.9949685736892796 0.3572266451541535 0.14 [-0.002017979263427406, 0.14276031890336754, 0.11546103921979015, 0.023796621140269866] [0.1420179792634275, -0.0027603189033675157, 0.024538960780209923, 0.11620337885973026]
12400 -2.066533924690873 0.9232187071889801 0.5 [0.155093633066379, 0.492923235239513, 0.3441738824302245, 0.007809249263883398] [0.344906366933621, 0.0070767647604870094, 0.15582611756977535, 0.4921907507361166]
12500 -1.2091794836139877 0.5497278569982447 0.98 [0.014567987387134763, 0.9630062993843704, 0.9693813265649134, 0.013044386663581263] [0.9654320126128652, 0.016993700615629007, 0.010618673435086934, 0.9669556133364183]
12600 -0.6732403241471608 0.31868520157850194 0.6 [-0.00799810718484152, 0.6106290107425146, 0.5463939532080089, 0.05097514323431814] [0.6079981071848416, -0.010629010742514907, 0.05360604679199138, 0.5490248567656821]
12700 -1.2844899511755843 0.5564847771421836 0.92 [0.03362494658929304, 0.9163938773338586, 0.8862379835827816, 0.0037431924940664785] [0.8863750534107069, 0.0036061226661407673, 0.033762016417218675, 0.9162568075059334]
12800 -0.26292021739791005 0.10216555173928231 0.28 [0.0003717504598104254, 0.29226266863736533, 0.2815263436181254, -0.014160762715300925] [0.2796282495401895, -0.012262668637365389, -0.0015263436181251083, 0.294160762715301]
12900 -0.23075922363629775 0.01697579213243293 0.2 [-0.011693187293648757, 0.19786943387264735, -0.01953424940085895, 0.23335800282186064] [0.21169318729364867, 0.002130566127352719, 0.21953424940085908, -0.033358002821860605]
13000 -1.7617534217559248 0.7410305917461324 0.86 [0.00966425892724776, 0.8499966143107359, 0.5613044025130554, 0.29903472424896105] [0.8503357410727523, 0.010003385689263615, 0.29869559748694485, 0.5609652757510394]
13100 -1.2001758739715338 0.5978928254685634 0.34 [0.12523106271544726, 0.22473826429624025, 0.3224793677928195, 0.007551305195493165] [0.21476893728455282, 0.11526173570375974, 0.01752063220718064, 0.33244869480450673]
13200 -0.999862997795112 0.5556360407918999 0.8 [0.3234374587969438, 0.4767880727090038, 0.791142721542959, 0.008631746951093923] [0.476562541203056, 0.3232119272909964, 0.008857278457041196, 0.7913682530489058]
13300 -1.5847573943621396 0.7615306034533618 0.96 [0.03481049767952717, 0.9264322798921018, 0.9364755282396703, 0.022281694188700265] [0.9251895023204725, 0.033567720107897714, 0.023524471760329613, 0.9377183058112999]
13400 -1.8793341286742924 0.7482461292318703 0.84 [0.03911676400111986, 0.7991587535179123, 0.8283877415730414, 0.01333674090792697] [0.8008832359988807, 0.04084124648208765, 0.011612258426959074, 0.8266632590920735]
13500 0.10813277599579837 -0.017797774734031737 -0.11 [-0.0009842106872699368, -0.11096847805777556, -0.10813548271462585, 8.817145967136793e-5] [-0.10901578931273008, 0.0009684780577755341, -0.0018645172853741046, -0.11008817145967129]
13600 0.670622487194533 -0.3088608350412072 -0.47 [-0.006471796983055864, -0.20266346663828613, -0.47143645762809, -0.25942827875056795] [-0.4635282030169443, -0.2673365333617137, 0.0014364576280900276, -0.21057172124943205]
13700 -1.0127235151363392 0.408646169485616 0.64 [0.003022333676928192, 0.12169846405635525, 0.6367989165811623, 0.5184802856855543] [0.6369776663230721, 0.5183015359436448, 0.0032010834188376364, 0.12151971431444589]
13800 -0.006489929357844617 -0.006673486085717904 0.2 [0.01032601858627411, -0.000586401191324651, 0.19264740010174247, 0.19761298250330825] [0.18967398141372593, 0.20058640119132476, 0.0073525998982576675, 0.0023870174966918204]
13900 -2.0489777528113957 1.03937270418393 0.96 [0.8727720636860545, 0.01011404276393451, 0.08805461592076144, 0.94905927762925] [0.08722793631394567, 0.9498859572360656, 0.8719453840792386, 0.010940722370750302]
14000 -0.2446308560633246 0.18355287203506138 0.04 [0.03696775509212753, 0.003154059031425761, 0.009619325154453764, 0.030258860721993006] [0.0030322449078724815, 0.036845940968574326, 0.03038067484554619, 0.009741139278007098]
14100 0.1126665993397284 0.03534200097630184 0.08 [0.07932838366999043, 0.003702836143339294, 0.0006097819259240381, 0.07635899826074634] [0.0006716163300096366, 0.07629716385666073, 0.079390218074076, 0.0036410017392536475]
14200 -0.249944097191698 0.09044445960255493 0.26 [0.26512267304748066, -0.005333153587879315, 0.0029366626589549067, 0.25727381788144377] [-0.005122673047480629, 0.26533315358787923, 0.25706333734104503, 0.0027261821185562396]
14300 -1.2379354298257406 0.5353451241622781 0.62 [0.13658262409330305, -0.0015991304452367008, 0.4873091860848464, 0.6177073202670872] [0.4834173759066969, 0.6215991304452365, 0.13269081391515386, 0.0022926797329124934]
14400 -0.7273965125928207 0.317603918628094 0.62 [0.016461817176170217, 0.005084538479952939, 0.6037513799234844, 0.6147022644203926] [0.6035381828238296, 0.6149154615200467, 0.01624862007651561, 0.005297735579607562]
14500 -1.1917519663738707 0.4533892469374091 0.8 [0.7083716251574725, 0.01030686106670551, 0.09631883751419813, 0.7850026762616235] [0.09162837484252749, 0.7896931389332943, 0.7036811624858019, 0.014997323738376249]
14600 -1.5487726556187789 0.7182811923261511 0.34 [-0.09059506475849703, 0.42560333589165317, 0.06476585875521756, 0.28022587011162664] [0.4305950647584972, -0.0856033358916532, 0.27523414124478224, 0.05977412988837354]
14700 -1.5389046862416111 0.7129773321077246 0.32 [0.04435863847887333, 0.27512690764192255, 0.010148299991686469, 0.31036615388751776] [0.27564136152112684, 0.04487309235807747, 0.30985170000831347, 0.009633846112482431]
14800 -0.763688859535382 0.4202873457651286 0.49 [0.46484618599569827, 0.015255409170026012, 0.020032688949353113, 0.47986571588492277] [0.025153814004301847, 0.47474459082997406, 0.4699673110506471, 0.010134284115077356]
14900 0.26108823159142636 -0.08124559550248503 -0.24 [-0.23712759874069764, -0.0023201636530846867, -0.0024953133838398252, -0.23805692422237787] [-0.002872401259302463, -0.23767983634691522, -0.2375046866161602, -0.0019430757776220456]
15000 0.22006625544815686 -0.07144240257129549 0.09 [-0.053378299407467224, 0.09247640818831938, 0.14346138983612042, -0.0025594986169723364] [0.1433782994074673, -0.0024764081883193035, -0.05346138983612023, 0.09255949861697245]
15100 -1.578943648307364 0.7987562686407004 0.82 [0.7264657611325598, 0.11191715658032926, 0.018053521836391164, 0.7835635604507202] [0.0935342388674402, 0.7080828434196712, 0.8019464781636089, 0.03643643954928038]
15200 -2.9583991507821765 1.3069216555872272 0.86 [0.538231604817764, 0.49686601274727743, 0.040756705369014476, 0.6441456770659437] [0.3217683951822357, 0.3631339872527225, 0.8192432946309849, 0.21585432293405651]
15300 0.8900230073005604 -0.3766865366989995 -0.04 [-0.0461406240430706, 0.006224785166400479, 0.0005552343988866581, -0.04063939552221628] [0.006140624043070637, -0.04622478516640034, -0.04055523439888656, 0.000639395522216344]
15400 -0.5472056666809653 0.3126310125498089 0.68 [0.011254149290195662, 0.6685813267085997, 0.030819754253239642, 0.6493447697479648] [0.6687458507098039, 0.011418673291400241, 0.6491802457467598, 0.030655230252035155]
15500 -0.33147277064031433 0.14547653358754634 0.38 [0.0026630401316104202, 0.3773076408993708, 0.0036477371706847496, 0.3763815817983341] [0.3773369598683894, 0.0026923591006292867, 0.3763522628293153, 0.0036184182016659044]
15600 -2.5824119286075238 1.2179803492873786 0.8 [0.11018395159742043, 0.6920142066901382, 0.6368687301691193, 0.1609331115433224] [0.6898160484025797, 0.10798579330986184, 0.1631312698308809, 0.6390668884566773]
15700 1.070258877061608 -0.6285272305366931 -0.46 [0.049133452035676914, -0.5013522424757935, -0.45325345149275387, -0.014527758067129803] [-0.5091334520356768, 0.041352242475793374, -0.006746548507246184, -0.4454722419328705]
15800 0.9876455839740053 -0.34960398845666363 0.0 [0.0626163337783633, -0.06860083159863466, 0.00955341379177552, -0.0035689159715042067] [-0.06261633377836334, 0.0686008315986347, -0.009553413791775487, 0.0035689159715042145]
15900 2.181207065568876 -0.8757785003992906 -0.71 [-0.0037926480473166064, -0.6552138890892947, -0.547419911560941, -0.21357355130244815] [-0.7062073519526832, -0.05478611091070569, -0.1625800884390588, -0.4964264486975519]
16000 -0.03437624223601625 -0.016030866090864435 0.29 [0.0027512006111643835, 0.008709798690435677, 0.2869863195049469, 0.28155268119345306] [0.2872487993888355, 0.2812902013095643, 0.003013680495053174, 0.008447318806546889]
16100 -1.8164614334578548 0.8564343036599739 0.94 [0.015525177095162742, 0.8269618051075345, 0.9271155852411507, 0.11039743255615293] [0.9244748229048365, 0.11303819489246573, 0.012884414758849765, 0.8296025674438475]
16200 -1.1109008722328446 0.6424772425569287 0.84 [0.031246411619424236, 0.8133176837955933, 0.8255627420455944, 0.009873162539386747] [0.8087535883805756, 0.026682316204405945, 0.014437257954404965, 0.8301268374606137]
16300 -0.6355870508991829 0.32464788969782615 0.44 [0.008602562378390454, 0.4345984721724853, 0.43056075423657064, 0.006238211212553714] [0.4313974376216094, 0.0054015278275147, 0.00943924576342943, 0.4337617887874465]
16400 -1.1913502618370022 0.5539095687890316 0.56 [0.011847182595454435, 0.5495198389003028, 0.5195063268435305, 0.039126651660712546] [0.5481528174045459, 0.010480161099697185, 0.040493673156469685, 0.5208733483392876]
16500 -2.3597882910050707 1.1787313808101614 0.9 [0.2897532143134472, 0.6077872442978643, 0.8639414196988336, 0.03851812168985474] [0.6102467856865527, 0.2922127557021359, 0.03605858030116591, 0.8614818783101457]
16600 -1.150926859546347 0.39583066924101495 0.3 [0.14835817567397555, 0.1551981439682585, 0.28290567680358014, 0.013538003554185529] [0.15164182432602435, 0.14480185603174162, 0.01709432319641983, 0.28646199644581444]
16700 -1.2906398109354742 0.5377001545048975 0.76 [0.0255324416591162, 0.7441288071484103, 0.7408633617264777, 0.009475389465996513] [0.734467558340884, 0.0158711928515901, 0.019136638273522546, 0.7505246105340035]
16800 -1.1042386582811448 0.5230126039818057 0.8 [0.11159619323275953, 0.7750725703624666, 0.6924799777002013, 0.020851258704572957] [0.6884038067672403, 0.02492742963753327, 0.10752002229979912, 0.7791487412954275]
16900 -0.31584971786873184 0.15052974578111264 0.24 [0.0021661323513015663, 0.23821843741321405, 0.23492956114181027, 0.004685869093673995] [0.23783386764869846, 0.001781562586785932, 0.0050704388581896045, 0.23531413090632586]
17000 -1.5295146142381655 0.772312926094355 0.9 [0.010357259152963445, 0.846824099897587, 0.8908221912776824, 0.05199644967176708] [0.8896427408470364, 0.05317590010241251, 0.009177808722317826, 0.8480035503282329]
17100 0.6448777995571813 -0.3563813519630301 -0.42 [0.00035672570044462603, -0.4193580950476431, -0.40939416018192654, -0.011604470470874963] [-0.4203567257004445, -0.0006419049523570639, -0.010605839818073191, -0.40839552952912483]
17200 -1.0076767369991253 0.5312227123470442 0.54 [0.010976790996375767, 0.520547936855214, 0.5275923760643486, 0.020882896084061492] [0.5290232090036243, 0.019452063144785887, 0.012407623935651244, 0.5191171039159385]
17300 -1.6211060518296816 0.7646086534120197 0.92 [0.014190293015732418, 0.8966523966866569, 0.903049731229207, 0.026107579068403542] [0.905809706984268, 0.023347603313342374, 0.016950268770793458, 0.8938924209315968]
17400 -2.142873139140639 0.9521011276246234 0.98 [0.023833264587798962, 0.8829685742904629, 0.9499520875631824, 0.10324607355855533] [0.9561667354122004, 0.09703142570953627, 0.03004791243681775, 0.8767539264414448]
17500 -2.125251268654091 0.8910367834587669 0.96 [0.009474376940633581, 0.9516615468136206, 0.6489480294929741, 0.3099160467527717] [0.9505256230593672, 0.008338453186379217, 0.311051970507026, 0.6500839532472281]
17600 -1.3488715643419404 0.7545668643641311 0.96 [0.009368723635433576, 0.8892148323069863, 0.6489167792320225, 0.37249966482555785] [0.950631276364566, 0.07078516769301385, 0.31108322076797745, 0.5875003351744426]
17700 -1.548195899596952 0.7839559489715991 0.74 [0.007551172224142882, 0.7362611237714671, 0.20602027195387762, 0.5301674320505123] [0.7324488277758572, 0.0037388762285327755, 0.533979728046122, 0.20983256794948793]
17800 -0.5472088887559005 0.27888433930630013 0.88 [0.00613022700952374, 0.8737314962381422, 0.005423265016290764, 0.8747150117360437] [0.8738697729904764, 0.006268503761857868, 0.8745767349837087, 0.005284988263956685]
17900 -0.9010892937749597 0.4286123043258284 1.0 [0.03403171840497626, 0.9658483465173754, 0.006344779619166478, 0.9937751554584827] [0.9659682815950235, 0.034151653482625104, 0.993655220380833, 0.006224844541517686]
18000 -1.216177623997755 0.5178872046406583 1.0 [0.006437325443264955, 0.9947946498747459, 0.16687559354228187, 0.8318924311397078] [0.9935626745567352, 0.005205350125254574, 0.8331244064577171, 0.1681075688602923]
18100 -1.4289235754603797 0.6841798464696497 0.86 [0.010763016981514367, 0.7034134796767252, 0.8474251522354597, 0.1583983511063004] [0.8492369830184855, 0.15658652032327422, 0.01257484776454037, 0.7016016488937002]
18200 0.022706608006143787 -0.10044520868822328 -0.06 [0.0004230375287021539, -0.007248797748290665, -0.06043209325900208, -0.05274214652140938] [-0.060423037528702414, -0.05275120225170938, 0.00043209325900208853, -0.007257853478590616]
18300 -0.3784746318259055 0.14021355656898235 0.34 [0.13962967244705093, 0.2059941467206482, 0.333656761713435, 0.0007194191188657598] [0.20037032755294895, 0.13400585327935174, 0.0063432382865649, 0.33928058088113416]
18400 -0.4224552924145448 0.2311618873393241 0.44 [0.39856699347208774, 0.04186959285812741, 0.43567645476897937, 0.0038869589008055662] [0.04143300652791252, 0.398130407141873, 0.004323545231020429, 0.43611304109919447]
18500 -0.4570482201121751 0.27005976247398716 0.3 [0.06305775708560718, 0.30049094975839463, 0.22448074988821612, 0.011970543267782068] [0.2369422429143928, -0.0004909497583947386, 0.07551925011178395, 0.2880294567322178]
18600 -3.2315978040803683 1.319681702529186 0.94 [0.4764996663075564, 0.47361753692821085, 0.9244510909439755, 0.0054317058202564905] [0.4635003336924438, 0.4663824630717893, 0.015548909056023958, 0.9345682941797435]
18700 -0.11731760842047946 0.025601832399156085 0.26 [0.25848935830500774, 0.0015296223103232922, 0.2606685646467297, -0.0006875452620608237] [0.0015106416949920301, 0.25847037768967646, -0.0006685646467295617, 0.26068754526206084]
18800 -2.0767133038678116 1.0072152248030573 0.92 [0.2259008966772834, 0.696400715691093, 0.9073570155457102, 0.010341372085913143] [0.6940991033227167, 0.22359928430890733, 0.01264298445428921, 0.9096586279140866]
18900 -0.7117031770890921 0.34820028350807447 0.68 [0.6471277430690179, 0.032709975590995984, 0.674781854654376, 0.005380426685609991] [0.032872256930982086, 0.6472900244090041, 0.005218145345623834, 0.6746195733143897]
19000 -1.4552533172611795 0.7908019561740284 0.96 [0.944837587877048, 0.012473720116053313, 0.10749434560117493, 0.8551943464057229] [0.015162412122951502, 0.9475262798839469, 0.8525056543988253, 0.10480565359427675]
19100 -1.3221341153299309 0.6065754988184429 0.86 [0.7720388394925309, 0.08835676692242637, 0.008974598993558099, 0.8506297945914842] [0.08796116050746901, 0.7716432330775739, 0.8510254010064416, 0.009370205408515473]
19200 -0.5550479553237799 0.2561996072952366 0.74 [0.0006906002033024916, 0.7393351242477582, 0.008069456945513429, 0.7319048186034262] [0.7393093997966974, 0.0006648757522419413, 0.7319305430544866, 0.008095181396574027]
19300 -1.4270368483679479 0.7812005556487762 0.96 [0.17193036291380281, 0.7861456386514294, 0.08226854857293278, 0.879655449861835] [0.7880696370861972, 0.17385436134857066, 0.8777314514270674, 0.0803445501381651]
19400 0.720661506636348 -0.17610926560293672 -0.09 [0.0004329598029879079, -0.08979296715611146, 0.07417838838906878, -0.16481838103594523] [-0.09043295980298786, -0.00020703284388849056, -0.16417838838906873, 0.0748183810359451]
19500 -0.9562691098215969 0.5311781685850167 0.57 [0.022314644689071312, 0.5556758553247357, 0.5727968262011093, -0.010787326214915977] [0.5476853553109287, 0.014324144675264336, -0.0027968262011090687, 0.580787326214916]
19600 -0.9663996827713512 0.475613232342472 0.32 [0.010934978307080406, 0.23056175506984208, 0.31025781690061954, 0.08824544972245796] [0.3090650216929196, 0.08943824493015796, 0.009742183099380339, 0.23175455027754213]
19700 -2.2192603058944456 0.6136352173905456 0.75 [0.009470946056350363, 0.43759680469620343, 0.7271574956572091, 0.32577475359023816] [0.7405290539436494, 0.31240319530379657, 0.022842504342791194, 0.4242252464097618]
19800 -2.2041573211917127 1.0867151409164584 0.75 [0.2934922165781375, 0.533151014694825, 0.6571721858118168, 0.016184582915220173] [0.4565077834218629, 0.21684898530517482, 0.09282781418818256, 0.7338154170847799]
19900 0.1335519928223297 -0.09054131449889415 -0.3 [-0.2816099990700721, -0.03813403045602563, -0.13867867792564578, -0.1415772925482566] [-0.018390000929928006, -0.2618659695439744, -0.16132132207435418, -0.15842270745174347]
20000 -1.7861859341902937 0.8748810852868393 0.92 [0.31403712469956785, 0.5998810920195347, 0.6182848234305012, 0.3077969598503955] [0.6059628753004318, 0.320118907980465, 0.3017151765694985, 0.6122030401496048]
20100 -1.2438804589238956 0.6207110531551587 0.82 [0.011765329676632373, 0.8086387930345027, 0.7999354069739231, 0.019660470314941586] [0.808234670323367, 0.011361206965496935, 0.020064593026076896, 0.8003395296850586]
20200 -1.2861355744318004 0.576280934462327 0.9 [0.05775693695141511, 0.8550646597557592, 0.8794603205333453, 0.0077180827594804415] [0.8422430630485845, 0.044935340244240445, 0.020539679466655084, 0.892281917240519]
20300 -0.9013068121132158 0.38553196012769647 0.76 [0.007145939961318895, 0.7516089790582042, 0.7518166054433557, 0.009428475537121159] [0.7528540600386815, 0.008391020941795684, 0.00818339455664431, 0.7505715244628789]
20400 -0.9752951914531733 0.5213189570465163 0.63 [0.01889713776796893, 0.6133246820534487, 0.5441198019715262, 0.08365837820705606] [0.6111028622320311, 0.0166753179465511, 0.08588019802847378, 0.5463416217929439]
20500 -0.5874772783470801 0.3129271375168061 0.27 [0.05223886866690279, 0.2642611966561409, 0.10709261378243796, 0.11640732089451823] [0.21776113133309705, 0.00573880334385912, 0.16290738621756215, 0.15359267910548172]
20600 -0.5585392890789733 0.37328126564463643 0.46 [0.007741894695810864, 0.4451618413810246, 0.29882883391476234, 0.1682674300084021] [0.45225810530418903, 0.014838158618975434, 0.1611711660852375, 0.2917325699915979]
20700 0.46959028992120616 -0.269643287085546 -0.19 [-0.3030632326258214, 0.11100342113068491, -0.0028052088368372054, -0.1851349796680261] [0.11306323262582126, -0.30100342113068485, -0.1871947911631628, -0.004865020331973758]
20800 -0.6017479878886561 0.2843136816524318 0.39 [0.38362518835787673, 0.005468000294834059, 0.006577833071460229, 0.3843289782758288] [0.006374811642123138, 0.38453199970516594, 0.38342216692853975, 0.005671021724171206]
20900 -1.8273513082473365 0.7828886938319335 0.96 [0.9486251572882745, 0.012004246365301402, 0.026026576744518914, 0.9333440196019057] [0.011374842711726126, 0.9479957536346995, 0.9339734232554819, 0.026655980398094307]
21000 -1.1590749369908309 0.6513262386579619 0.73 [0.6994425100181766, 0.014094746548255434, 0.032702918008405704, 0.713759825425161] [0.03055748998182246, 0.7159052534517436, 0.6972970819915945, 0.016240174574838832]
21100 1.396918315886671 -0.5108100724544988 0.05 [-0.048990999166347755, 0.0005942978417482958, 0.10137244181143833, 0.04702425951316103] [0.09899099916634761, 0.0494057021582518, -0.05137244181143846, 0.0029757404868389877]
21200 -1.7609020125541701 0.8638639405081725 0.5 [0.3919591374548819, 0.10193907032334197, 0.10661876759804886, 0.3994830246237269] [0.10804086254511797, 0.3980609296766576, 0.39338123240195133, 0.10051697537627317]
21300 -0.7117959491154893 0.402456700842177 0.85 [0.8262483672359374, 0.845266603079486, 0.023649170024653225, 0.004835859659922843] [0.023751632764062624, 0.004733396920513409, 0.8263508299753465, 0.8451641403400765]
21400 -1.8723038938414018 0.7149144456660383 0.35 [0.20780400786104128, 0.09752296435357916, 0.2791307412339005, 0.11554228655147915] [0.1421959921389587, 0.2524770356464208, 0.07086925876609936, 0.23445771344852104]
21500 -1.2316495502702807 0.533823969756043 0.74 [0.7249764359056453, 0.011913085024682288, 0.017235294037051617, 0.7258751850326212] [0.015023564094354973, 0.7280869149753176, 0.722764705962949, 0.014124814967379065]
21600 -0.9342881048866816 0.44083974802933085 0.65 [0.6383640589128406, 0.04916951908113591, 0.009342275829823636, 0.6031241461761995] [0.011635941087158728, 0.6008304809188643, 0.6406577241701767, 0.04687585382380089]
21700 -1.2906494287222972 0.6804978028866198 0.87 [0.8581395955209008, 0.15255669008834744, 0.01981742985796299, 0.709486284532789] [0.011860404479099175, 0.7174433099116524, 0.8501825701420368, 0.16051371546721138]
21800 -2.560566885654278 1.2646728221094141 0.77 [0.507298112297358, 0.2628596848709094, 0.7294625791265128, 0.04037962370522068] [0.26270188770264175, 0.5071403151290903, 0.04053742087348801, 0.7296203762947795]
21900 0.17923749796246394 -0.10987446527047283 -0.21 [-0.20854536048871933, -0.0014452098064645952, -0.20654124723882464, -0.003468182465991613] [-0.0014546395112807438, -0.20855479019353534, -0.003458752761175449, -0.20653181753400854]
22000 -1.075059729611396 0.622194282179293 0.5 [0.2176853159256983, 0.28208914001378604, 0.495385244200052, 0.004840299860463849] [0.28231468407430177, 0.21791085998621415, 0.004614755799947987, 0.49515970013953636]
22100 -1.8390158049052179 0.7738925352757333 0.79 [0.07385274801479252, 0.7121633650300683, 0.7183638923694268, 0.07561999458571295] [0.7161472519852077, 0.0778366349699317, 0.07163610763057365, 0.7143800054142873]
22200 -1.3387679909254313 0.6350270630277696 0.95 [0.017667848697511302, 0.9385987436314395, 0.9235849957110858, 0.02014841195996349] [0.9323321513024883, 0.011401256368560344, 0.026415004288914367, 0.9298515880400368]
22300 -0.8338887041930308 0.39857327292045036 0.6 [0.005643234002642489, 0.5722596075323119, 0.5905508510329897, 0.031546307432056005] [0.5943567659973575, 0.027740392467688318, 0.009449148967010105, 0.5684536925679443]
22400 -0.6487701543414489 0.37141533949346406 0.43 [0.013903885445830006, 0.42320553789260784, 0.4151530244375337, 0.007737552224028193] [0.41609611455416995, 0.006794462107391933, 0.014846975562466209, 0.42226244777597194]
22500 -0.9453905373222397 0.5059990955784235 0.61 [0.013088997612095577, 0.6010929057472715, 0.5960468540183167, 0.009771242622316554] [0.596911002387905, 0.008907094252728601, 0.013953145981683441, 0.6002287573776836]
22600 -1.6258160115869078 0.7898784547470289 0.92 [0.4355651349451708, 0.9044318048073476, 0.48547643687822983, 0.014526623369252298] [0.4844348650548293, 0.01556819519265271, 0.4345235631217701, 0.9054733766307472]
22700 -1.0916129781694182 0.6066662734476349 0.79 [0.7194612570820496, 0.7729478021421518, 0.06989413796526651, 0.017696802810532618] [0.07053874291795119, 0.01705219785784786, 0.7201058620347335, 0.7723031971894677]
22800 0.3945345087911934 0.01979900715503892 0.03 [0.06957968338940775, -0.013876773744894684, -0.03883945528878757, 0.043136545644274486] [-0.03957968338940769, 0.04387677374489465, 0.06883945528878757, -0.013136545644274505]
22900 0.39144623077675766 -0.15537159604327033 -0.28 [-0.39404283606706725, 0.115892178096313, -0.08926914982221938, -0.1925801922070265] [0.11404283606706717, -0.395892178096313, -0.19073085017778052, -0.08741980779297352]
23000 1.1282795994486414 -0.45615621947221646 -0.22 [-0.21804202678393417, -0.10141688572557658, -0.16320727891045692, 0.04266619141996791] [-0.001957973216065638, -0.11858311427442338, -0.05679272108954315, -0.2626661914199679]
23100 -2.072436800965065 0.9706938012396809 0.92 [0.23299434339147518, 0.907089513175699, 0.605242429533334, 0.09467371389949145] [0.6870056566085249, 0.012910486824300196, 0.3147575704666662, 0.825326286100509]
23200 -0.4705817949305338 0.23176405582897366 0.42 [0.008933397616984, 0.4362509534495137, 0.4102906952652723, -0.01547504633177015] [0.4110666023830158, -0.016250953449513855, 0.00970930473472769, 0.43547504633177014]
23300 -0.7159746835755986 0.2853597775052479 0.28 [0.00043196773313373667, 0.15337649591907532, 0.24035674395391293, 0.1658347923938778] [0.2795680322668666, 0.1266235040809245, 0.039643256046086976, 0.11416520760612223]
23400 0.8548738591792963 -0.4071082435582476 -0.22 [-0.03298046724769495, -0.1871598287058437, -0.21818903659619296, -0.001670667450268551] [-0.18701953275230504, -0.03284017129415644, -0.0018109634038071013, -0.2183293325497314]
23500 -1.277877846818969 0.595496939546685 0.84 [0.3175908064298437, 0.833909447625107, 0.5247315693549247, 0.003768176590125097] [0.5224091935701562, 0.006090552374893666, 0.31526843064507515, 0.8362318234098745]
23600 -0.7799793559384569 0.38195874876720176 0.46 [-0.024586601685450963, 0.48119766449467805, 0.4496740550373036, 0.013714882153469408] [0.48458660168545103, -0.02119766449467817, 0.01032594496269655, 0.4462851178465305]
23700 0.768269252418179 -0.4718993484670996 -0.18 [0.07161266289875173, -0.2505336557883205, -0.15264888078509492, -0.028430126325336355] [-0.2516126628987517, 0.0705336557883206, -0.027351119214905156, -0.1515698736746641]
23800 -1.829245865396326 0.872261145453683 0.88 [0.01678383405449272, 0.8658346352638523, 0.8289320127251685, 0.048449517956487706] [0.8632161659455073, 0.014165364736148283, 0.05106798727483204, 0.8315504820435128]
23900 -0.8897483168095028 0.3584428705271517 0.46 [0.13815525506187545, 0.3317391961615144, 0.4490209074276492, 0.0010846413489609792] [0.3218447449381244, 0.12826080383848557, 0.010979092572350874, 0.45891535865103866]
24000 -0.45676072993750294 0.2663573483830039 0.2 [0.11727216205858398, 0.0004525908468231725, 0.012986490152602136, 0.26928875694199084] [0.08272783794141608, 0.1995474091531769, 0.18701350984739792, -0.06928875694199076]
24100 -0.6273872784382253 0.28158273880136675 0.9 [0.00513005449964933, 0.0069535214056699966, 0.8948962424141947, 0.8930201816804848] [0.8948699455003505, 0.8930464785943295, 0.005103757585804511, 0.006979818319514851]
24200 -1.952855009676216 0.8930131277592055 0.96 [0.8345879684838761, 0.020976327233671137, 0.12895145414704207, 0.9354842501354106] [0.12541203151612412, 0.9390236727663286, 0.8310485458529583, 0.024515749864589237]
24300 -2.4964124863777535 0.9187796230051682 0.28 [0.29590235790973785, 0.1075305476305131, -0.11487995705729012, 0.27144705151703863] [-0.015902357909738117, 0.17246945236948666, 0.3948799570572903, 0.008552948482961342]
24400 -1.647962787004306 0.8545997332401106 0.79 [0.056525843941247454, 0.612386728347421, 0.7570802193071187, 0.15400720840421303] [0.7334741560587525, 0.17761327165257856, 0.032919780692881574, 0.6359927915957868]
24500 -2.6209843165027054 1.1672313888658203 0.98 [0.13522484865184828, 0.5359514036999378, 0.9594432302476936, 0.32938051740052054] [0.8447751513481524, 0.4440485963000624, 0.020556769752306515, 0.6506194825994795]
24600 -0.8939425244456274 0.4811151854392986 0.61 [0.012269451168691667, 0.5983329449334152, 0.5985299887680138, 0.010867615129879382] [0.5977305488313085, 0.011667055066585018, 0.011470011231985962, 0.5991323848701204]
24700 -1.155858426484568 0.6065826987515623 0.8 [0.06841098698937366, 0.7323530983247045, 0.7346372723161625, 0.06459864236975872] [0.7315890130106263, 0.06764690167529558, 0.06536272768383677, 0.735401357630241]
24800 -1.22334094310592 0.6121378781766892 0.74 [0.011132625319314799, 0.7221576083591184, 0.3794939125028132, 0.36721585381875377] [0.7288673746806854, 0.017842391640881586, 0.36050608749718677, 0.3727841461812465]
24900 0.03945032334529584 -0.0020877086205807437 -0.1 [-0.0007439453724815679, -0.06942633647719822, -0.13235197381533653, 0.0025222556650161786] [-0.0992560546275186, -0.030573663522801678, 0.03235197381533626, -0.10252225566501608]
25000 -0.7846211129238416 0.4046052763885376 0.86 [0.006587916413405742, 0.8535262368330919, 0.028965744051359002, 0.8309201027021436] [0.8534120835865943, 0.0064737631669080364, 0.8310342559486408, 0.029079897297856757]
25100 -0.09568523106124281 0.04998402134505159 0.07 [0.016949875439113346, 0.05297619052897009, -0.0009936969042823613, 0.07106763093619853] [0.05305012456088664, 0.017023809471029702, 0.0709936969042822, -0.0010676309361989718]
25200 0.5702824492175014 -0.18969072100418904 -0.25 [-0.04528541285436902, -0.20569320021545892, -0.001907316064599471, -0.24711407086557244] [-0.2047145871456311, -0.04430679978454091, -0.24809268393540027, -0.0028859291344275574]
25300 0.015003645509147108 -0.024599248823968568 -0.02 [-0.01356853037748382, 0.006274657712157575, 0.013828755148979754, -0.04653488248365357] [-0.006431469622516138, -0.026274657712157517, -0.033828755148979706, 0.02653488248365349]
25400 0.15442333697918686 -0.07329976438076714 0.03 [0.03016189459275496, -0.005473821337084287, 0.0004029561443936461, 0.03490897059993571] [-0.00016189459275493283, 0.03547382133708432, 0.029597043855606343, -0.004908970599935735]
25500 -1.5199201001695894 0.7867071483331006 0.72 [0.6489423924991833, 0.01922067364382342, 0.1358723682001569, 0.6359645656568365] [0.07105760750081638, 0.7007793263561767, 0.5841276317998431, 0.08403543434316398]
25600 0.19756593118932705 -0.12118859433716421 -0.05 [-0.04707571815900927, -0.003747984637303602, -0.006289805335020855, -0.04288649186866639] [-0.0029242818409909027, -0.04625201536269634, -0.04371019466497892, -0.007113508131333576]
25700 -1.000771034931018 0.4536446877917698 0.31 [0.16441437690099384, 0.1524000215750698, 0.010442336425723175, 0.29274326509821286] [0.145585623099006, 0.15759997842493004, 0.29955766357427677, 0.01725673490178714]
25800 0.08450446621758552 -0.10060842028575477 -0.01 [-0.00760207531766675, -0.0006115956174650304, -0.004016712044307724, -0.0077696170205603775] [-0.0023979246823331592, -0.009388404382535036, -0.005983287955692176, -0.002230382979439612]
25900 -0.6013901553086598 0.26395516813107284 0.46 [0.4538661225738306, 0.004880465421122728, 0.006503899398547932, 0.4547495126064986] [0.006133877426169426, 0.45511953457887705, 0.45349610060145223, 0.005250487393501281]
26000 -0.3491807268139759 0.21033990073818035 0.14 [0.12376430039323409, 0.04763861680932774, 0.01676435696044412, 0.09183272583699426] [0.016235699606765866, 0.0923613831906722, 0.1232356430395559, 0.04816727416300599]
26100 0.8687893015216508 -0.4452387058249456 -0.66 [-0.650414510517269, -0.016221693386586647, -0.013463577514876462, -0.6399002185812689] [-0.00958548948273172, -0.6437783066134135, -0.6465364224851234, -0.02009978141873145]
26200 -0.5356313288075336 0.2309724339180925 0.38 [0.37575800170675266, -0.031219126504292025, 0.005955317306743917, 0.4095058074907955] [0.004241998293247439, 0.41121912650429204, 0.3740446826932562, -0.029505807490795486]
26300 -1.3232017508623128 0.6872585994194463 0.82 [0.762877384061849, 0.06694958921590391, 0.012925266994338989, 0.7972477597279082] [0.057122615938150906, 0.7530504107840961, 0.8070747330056615, 0.022752240272092036]
26400 -1.1510924295144682 0.5608840239819962 0.62 [0.6090016193343648, 0.011719302730044456, 0.0295658166006415, 0.5897132613349492] [0.01099838066563505, 0.6082806972699555, 0.5904341833993584, 0.030286738665051046]
26500 -1.3271081323829856 0.6796854352012691 0.68 [0.23695226216943052, 0.03592038375963869, 0.44811325498904686, 0.6390140990818837] [0.44304773783056967, 0.644079616240361, 0.23188674501095327, 0.04098590091811615]
26600 -0.8797977338312242 0.42101046203755166 0.78 [0.2156578624138231, 0.1329012973204168, 0.7735372110066053, 0.43790362925915427] [0.5643421375861768, 0.6470987026795822, 0.006462788993394008, 0.3420963707408461]
26700 -1.2831907259174327 0.5988862793967118 0.84 [0.27344034356800806, 0.8300239940050296, 0.5678501920973796, 0.008685470329583424] [0.5665596564319919, 0.009976005994970678, 0.27214980790262083, 0.8313145296704164]
26800 -1.1970958839269443 0.5819811392092913 0.66 [0.023155561831067758, 0.6048979708775237, 0.6364279672400887, 0.055518500051320474] [0.6368444381689321, 0.055102029122476665, 0.023572032759911425, 0.6044814999486795]
26900 -1.9373856653281927 0.976056272535595 0.84 [0.14959800469778597, 0.627294974149471, 0.830360008576399, 0.07274701257634403] [0.6904019953022139, 0.21270502585052867, 0.009639991423601143, 0.767252987423656]
27000 -1.4966307292916405 0.7018244248263773 0.92 [0.008945966536053214, 0.9017151175442095, 0.5267946806668937, 0.40254423525284394] [0.9110540334639471, 0.018284882455790973, 0.3932053193331061, 0.5174557647471562]
27100 -1.4244996125357212 0.7745386452230995 0.88 [0.28200548800093045, 0.5971729626751558, 0.813488282952756, 0.06733326637115834] [0.5979945119990697, 0.28282703732484477, 0.06651171704724385, 0.8126667336288413]
27200 -0.5779477280135253 0.4219322131782575 0.66 [-0.01760793584004267, 0.3881684967851825, 0.6705863796311091, 0.2788530594237511] [0.6776079358400426, 0.2718315032148175, -0.010586379631109127, 0.38114694057624904]
27300 -2.029639353540314 0.716451859921584 0.92 [0.003075573842075073, 0.9049319164670702, 0.7686830395989723, 0.16330947009188268] [0.916924426157925, 0.015068083532930033, 0.15131696040102752, 0.7566905299081174]
27400 -0.9898587021185397 0.49647261264141607 0.72 [0.008296246603048217, 0.5878263737201374, 0.7113518149545943, 0.13252556472221982] [0.7117037533969515, 0.1321736262798621, 0.008648185045405826, 0.5874744352777802]
27500 -0.8669150741753394 0.4249199914602301 0.92 [0.00902751325444016, 0.1653949442741932, 0.9107103228590385, 0.7548672196123286] [0.9109724867455598, 0.7546050557258062, 0.009289677140961667, 0.1651327803876718]
27600 -1.3272152951733471 0.65923801151613 0.94 [0.014412110239064822, 0.9224243213888257, 0.9265388255195864, 0.016624742852521898] [0.925587889760935, 0.017575678611173783, 0.013461174480412811, 0.9233752571474784]
27700 -1.2628000186273978 0.5872370092293311 0.9 [0.015041191390949503, 0.8886170495667788, 0.8859927759655539, 0.010348983076717295] [0.8849588086090506, 0.011382950433220771, 0.014007224034445953, 0.8896510169232823]
27800 -0.663173100813494 0.31866741460589215 0.28 [0.007046215972973156, 0.2730856327163224, 0.26539378140754194, 0.014474369903162405] [0.2729537840270269, 0.006914367283677511, 0.014606218592457946, 0.2655256300968377]
27900 -1.2775798674561452 0.6169231793731511 0.88 [0.11113257967078695, 0.7712561514375648, 0.8685975702936751, 0.009013698597973609] [0.7688674203292132, 0.1087438485624358, 0.01140242970632465, 0.8709863014020262]
28000 -1.3050359020990754 0.6427843737019598 0.86 [0.27643564661258735, 0.5844506685234062, 0.8532480379844358, 0.0058656468795703146] [0.5835643533874129, 0.2755493314765935, 0.006751962015563855, 0.8541343531204296]
28100 -1.8138168459836228 0.8675726355296608 0.96 [0.6837057158272677, 0.27508679731230085, 0.7986331327423519, 0.16257435411807944] [0.2762942841727323, 0.6849132026876987, 0.1613668672576478, 0.7974256458819207]
28200 -2.5636665709885813 0.8605910337809881 1.0 [0.49015878600724283, 0.8560390680824486, 0.2636405997981355, 0.3901615461121729] [0.5098412139927572, 0.14396093191755155, 0.7363594002018641, 0.6098384538878271]
28300 -0.5371049736595562 0.291542688534233 0.32 [0.09552839125906896, 0.30962459068041864, 0.22537996046540132, 0.009467057595110951] [0.22447160874093094, 0.010375409319581147, 0.0946200395345988, 0.31053294240488916]
28400 -1.1918809598792364 0.5358392412090082 0.48 [0.019591644600164576, 0.46170294837583087, 0.4039414305422172, 0.07476397648178768] [0.4604083553998356, 0.018297051624169166, 0.07605856945778298, 0.4052360235182126]
28500 -1.276458440226942 0.5894415616898546 0.74 [0.017274503506803665, 0.7250556807768233, 0.21672955854581794, 0.5209402571705557] [0.7227254964931967, 0.014944319223177228, 0.5232704414541821, 0.2190597428294445]
28600 -1.047629770750345 0.604021417599331 0.72 [0.09500582947538627, 0.6982255652202745, 0.6490018165705435, -0.002233211266204297] [0.6249941705246139, 0.021774434779725408, 0.07099818342945645, 0.7222332112662043]
28700 -0.5845926323978182 0.25013557393780556 0.57 [0.042873258777822686, 0.5814059278988277, 0.5268699422292238, -0.011149128905874694] [0.5271267412221777, -0.011405927898828, 0.043130057770775936, 0.5811491289058747]
28800 0.023636434142336283 -0.05576347524215658 0.07 [0.0150399702625015, -0.06605650060046787, 0.05720037162951391, 0.13381615870845245] [0.054960029737498556, 0.13605650060046787, 0.012799628370486123, -0.06381615870845253]
28900 -0.28748069032808277 0.17197218590380978 0.26 [-0.00015993739616466826, 0.2503360668910203, 0.2578674365580252, 0.011956433947119307] [0.2601599373961649, 0.009663933108979766, 0.0021325634419748257, 0.2480435660528807]
29000 -1.588654154186283 0.8501726079248222 0.9 [0.012317052868757053, 0.8878075542434902, 0.8580369231230982, 0.041838469764654614] [0.8876829471312432, 0.012192445756509527, 0.04196307687690196, 0.8581615302353456]
29100 -1.1030908938655768 0.4911521001585011 0.96 [0.3729404592910107, 0.5873427178869647, 0.9499203642779384, 0.009796458544086839] [0.5870595407089894, 0.37265728211303567, 0.010079635722062002, 0.9502035414559138]
29200 -2.1684720053687743 1.1720066998740426 0.88 [0.5911811957078761, 0.28899557668661713, 0.8644401347553672, 0.015383092850139512] [0.28881880429212403, 0.5910044233133834, 0.015559865244632381, 0.8646169071498601]
29300 -1.418912281194237 0.7041003503173213 0.76 [0.2540739691484287, 0.4862623316430106, 0.7296853197040264, 0.049978379504534785] [0.5059260308515713, 0.2737376683569891, 0.030314680295974176, 0.7100216204954657]
29400 0.5913448130991459 -0.2976709430589634 -0.25 [-0.16846153467144634, -0.08179833264692637, -0.24637629778267234, -0.003363834898955072] [-0.08153846532855379, -0.1682016673530736, -0.003623702217327757, -0.24663616510104494]
29500 -0.3169146208901261 0.1883364370837591 0.05 [0.03600220588912591, 0.05447636975343742, 0.029228078786450413, -0.019706654429013967] [0.013997794110874066, -0.004476369753437537, 0.020771921213549472, 0.06970665442901396]
29600 -2.940882738583351 1.1136082200719393 0.84 [0.12623390319225125, 0.24884123860122043, 0.7809188852116684, 0.5240059729948593] [0.7137660968077487, 0.5911587613987791, 0.05908111478833116, 0.3159940270051412]
29700 -2.9813851906437514 1.6241891941403432 0.76 [0.4250561532447854, 0.7494565415639484, 0.338089788300808, 0.007397516890458025] [0.33494384675521466, 0.010543458436051307, 0.421910211699192, 0.7526024831095421]
29800 -1.5800798459048224 0.7431025921897697 0.7 [0.3244819418725177, 0.6970780733342968, 0.3728949413412633, 0.005545043451922268] [0.3755180581274824, 0.0029219266657032044, 0.32710505865873657, 0.6944549565480779]
29900 -1.6898898484389204 0.9100499472100216 0.82 [0.10938334238470226, 0.7253414316252426, 0.7094457792797846, 0.09582944671027009] [0.7106166576152976, 0.09465856837475664, 0.11055422072021552, 0.7241705532897305]
30000 -1.019342137371504 0.4527746702108304 0.62 [-0.0010988476413685514, 0.6251628923412811, 0.60901062041804, 0.006925334882046857] [0.6210988476413691, -0.00516289234128156, 0.0109893795819598, 0.6130746651179529]
