step Ek EV sign nup ndn
100 0.29584520968610883 -0.10596188762322986 0.26 [0.1636015919996286, 0.20397422414291128, 0.25519569929729136, -0.10277151543983093] [0.09681369752733833, 0.055641965332719166, 0.0033761710708087177, 0.3641681660691337]
200 -1.6689702276090046 0.8167648005605156 0.8 [0.013929593900719827, 0.7213464744773341, 0.6979369729568874, 0.16678695866505833] [0.786070359908848, 0.0786532428128835, 0.10206286649335207, 0.6332135307849174]
300 -2.514680894618416 0.4265699577720644 0.96 [0.002165459717360901, 0.937859188890582, 0.439824053531738, 0.5401512978603186] [0.9578347789855307, 0.022141365883242174, 0.5201748071172267, 0.4198490480140001]
400 -1.128653063546383 0.5966652301649773 0.82 [0.049234496630603995, 0.7793118760788625, 0.8016864118606749, 0.009767215429858554] [0.7707651912267202, 0.04068810251021793, 0.018313875947566716, 0.8102328303154955]
500 -1.9032017153190255 1.0359440334345795 0.86 [0.0409751408002656, 0.8177943132595809, 0.6330016766072837, 0.22822886933287007] [0.8190248728758234, 0.04220582229690246, 0.22699817677727308, 0.6317711280500012]
600 0.8876182969660451 -0.47758959221037345 0.22 [0.0038292476798824104, 0.3696792920831991, -0.007619165483048249, 0.07411062571996684] [0.21617171970617996, -0.1496797104378745, 0.22761853534408402, 0.14588945538761075]
700 -1.3853575624062398 0.6245020915056084 0.92 [0.01073667108215752, 0.9068315570460708, 0.7662975785740106, 0.15613419329776013] [0.9092632957710552, 0.013168469946363684, 0.1537024285768464, 0.7638658057057348]
800 -1.9529155378514793 0.9065364594815628 0.84 [0.022032935810179816, 0.8181169730888932, 0.3632789239499005, 0.47657116715102654] [0.8179670792888917, 0.021883024047639754, 0.4767212658875345, 0.36342863077593357]
900 -0.33024388695738593 0.10500895670454481 0.36 [-0.02589910353403257, 0.3314205522774717, 0.4050905509160077, 0.009388000340553258] [0.38589910392342425, 0.028579453922732867, -0.04509058393854203, 0.3506120260923853]
1000 -1.0063815298358045 0.47715711111859377 0.37 [0.07587618408386637, 0.36494022855528563, 0.29327972680620673, 0.005903860554641323] [0.2941234936020093, 0.005059839618610773, 0.07672060224730312, 0.36409606453207694]
1100 -0.5322467845060767 0.2902583937652165 0.49 [-0.023234344509329506, 0.4839854247201821, 0.5134404987278776, 0.0058084210612697985] [0.5132343486335849, 0.006014593231820909, -0.02344049829506357, 0.48419155642965733]
1200 -1.4788191995065971 0.801763469420509 0.74 [0.028503524956903635, 0.7219521452494305, 0.6966880675329122, 0.03285626226075364] [0.7114965786194789, 0.01804807003232569, 0.04331192692330947, 0.7071434244248864]
1300 -2.460145253329994 1.19562985104066 0.92 [0.013553811867638266, 0.9060234262701861, 0.35707697795641713, 0.5633457839057587] [0.906454008392844, 0.013968794950354533, 0.5629230445481143, 0.3566541521086867]
1400 -1.153716092950448 0.5087197729929795 1.0 [0.026571759689974064, 0.9736819026106656, 0.02267890838783819, 0.9770674293115228] [0.9734287247268583, 0.026317250833815992, 0.9773179820916943, 0.022936042347631153]
1500 -1.3833802535644808 0.6552515317292609 0.92 [0.021205406201873944, 0.8986797414759805, 0.1544137908529369, 0.765701061469208] [0.8987945565015978, 0.02132024920086235, 0.7655862023866, 0.15429899191094026]
1600 -2.517394484784477 1.2487713850098896 0.94 [0.011189831416458343, 0.9269968511967847, 0.5932973478616493, 0.34851596952510716] [0.9288101669905334, 0.013003225248053996, 0.3467025551926595, 0.5914840525687532]
1700 -1.6390833292534706 0.8823318014576826 0.96 [0.01368813964105935, 0.9028707471569557, 0.7409915570262694, 0.262449556175715] [0.9463119038325424, 0.0571292090656016, 0.21900844338521597, 0.6975504437166405]
1800 -0.5435655123724862 0.39180341289161474 0.54 [-0.024623190842503098, 0.5319228937805145, 0.5542825456004401, 0.018417751461548032] [0.5646231505097573, 0.00807710810617683, -0.014282504974778476, 0.5215822463588442]
1900 -1.0574216044251274 0.4479217569470282 0.68 [0.16936921688233034, 0.6707572879991044, 0.5125697802326333, 0.007303714885932149] [0.5106310569624669, 0.009242183129015575, 0.1674299407301974, 0.6726968191783207]
2000 -0.9434462854652547 0.5080890612971573 0.5 [0.013834197062459506, 0.4868816457683681, 0.48800494325429083, 0.011279213914881974] [0.48616586776058446, 0.01311851444513701, 0.011995051858283446, 0.4887205659359951]
2100 -1.2701010002249769 0.6540497082100925 0.86 [0.01627274998426218, 0.8365880730599767, 0.8437231147908626, 0.02341606216489803] [0.8437272829717757, 0.02341197288707044, 0.01627685063478979, 0.8365838935063644]
2200 -2.9466382314249087 1.2831114581215193 0.96 [0.564669065576538, 0.3801486676217389, 0.9293388829374795, 0.04584338386424416] [0.3953894642695499, 0.5797927420031005, 0.030655241125877503, 0.914162552601472]
2300 -0.7838425354616035 0.33991760495279977 0.12 [0.023739104524339836, 0.0050272613951748545, 0.20963123554372004, 0.0016023985367652326] [0.09626284590555362, 0.1149696949308911, -0.08963003752965258, 0.11839749669320787]
2400 -1.0713397901112325 0.516608472576143 0.9 [0.7149820626423602, 0.18338337270273672, 0.8932265090275378, 0.008408055627366238] [0.185017938644481, 0.7166166325319293, 0.006773491000215347, 0.891591937823374]
2500 -0.8836627133954634 0.3960820207138558 0.98 [0.8475718610286307, 0.1323725303334484, 0.9739445343811927, 0.006111074256727581] [0.13242810170711172, 0.8476275185240499, 0.006055454536711592, 0.9738889252321273]
2600 -1.77704343518912 0.9145650404000708 0.86 [0.5196428074656209, 0.33979724634753344, 0.820995555789662, 0.03956439039718387] [0.3403514949440429, 0.5202060098429894, 0.0390044377442228, 0.8204380574687444]
2700 -1.323251625931394 0.6135013597888241 0.94 [0.009255304385040065, 0.9299284211841335, 0.876684438639693, 0.06413183579113374] [0.9307447412173718, 0.010072056602623313, 0.06331515268080783, 0.8758680494991974]
2800 -1.4199856811077254 0.7053930782336474 0.58 [0.11043283645999441, 0.48504257843492227, 0.1457456024137659, 0.41877898269131736] [0.4695672065902923, 0.09495737823067422, 0.4342541419315946, 0.1612212732474392]
2900 -1.787253123640647 0.939796637930844 0.6 [0.25304317782214675, 0.34740608987163457, 0.37182414079227555, 0.22772659151394273] [0.3469566522038481, 0.2525939833416683, 0.2281740973400546, 0.3722752671144287]
3000 -1.3415881816881998 0.6724933371069187 0.96 [0.010105680648035442, 0.9099634142092188, 0.9441860076025173, 0.05574489754022828] [0.9498943179683913, 0.050036588258539655, 0.015813988298235677, 0.9042551054748338]
3100 -0.5874234403554436 0.25529932152811674 0.28 [0.01232519614753377, 0.26530700699396326, 0.2764102326059834, 0.005957564252519526] [0.2676748033987132, 0.014692992370672054, 0.0035897675485400855, 0.2740424366820746]
3200 -1.153547143577362 0.5134464785369947 0.74 [0.009552978003476924, 0.732170645951355, 0.7132308319037426, 0.025045544141425524] [0.7304472009337515, 0.007829351297822466, 0.026769029999460337, 0.7149544177689654]
3300 -0.8947139654988687 0.3917335896533611 0.72 [0.00880564601251972, 0.7627726099577771, 0.7098689164788554, -0.04144717244915169] [0.7111943487253649, -0.04277260964514281, 0.010131083991659028, 0.7614471769281197]
3400 -0.9669332025476194 0.5502678043288136 0.76 [0.010365469598662223, 0.7100330917383059, 0.7455924002769443, 0.05400903838608829] [0.7496345302393647, 0.04996691623753233, 0.014407595089241481, 0.7059909584338614]
3500 -0.9339068373782438 0.6384412276929897 0.68 [0.017242997825432697, 0.6681611241177172, 0.6602102206145336, 0.014385657442316919] [0.6627580004646093, 0.011832173924767597, 0.01983960937905804, 0.6655702162315649]
3600 -1.4205328031316296 0.5698705781274471 0.84 [0.010319833377518055, 0.826107606478125, 0.8281812688605964, 0.015391291283760475] [0.8296801662078379, 0.013892394307523061, 0.011818730447913714, 0.824608709036725]
3700 -1.5498167445133308 0.7989947683185181 1.0 [0.013851921140356294, 0.9854371964261938, 0.817816316448765, 0.182894565984685] [0.9861687262734498, 0.014542200470590606, 0.18218252995618797, 0.8171065432997713]
3800 -1.1510656698915231 0.5843739900314232 0.72 [0.011285458486391214, 0.708271381175174, 0.6956441738149082, 0.024798986523527074] [0.7087148484318285, 0.011728364323273476, 0.024355846631453133, 0.6952009406134452]
3900 -1.4990661010187412 0.7540557789151926 0.94 [0.005199074033680163, 0.9345649900243106, 0.09902177977195438, 0.8412141561700558] [0.9348009681508803, 0.0054350301230798185, 0.8409781611536349, 0.09878584057240541]
4000 -1.0851142433127543 0.6397071495791444 0.67 [0.22751783087559196, 0.6577094850730769, 0.4421199623863864, 0.012652721664944112] [0.44248220031292845, 0.012290660417011611, 0.22788001035008437, 0.6573471289199759]
4100 0.05842796103187303 -0.11503546051207149 -0.02 [-0.04334227534555527, -0.022189047345658054, 0.01763382072140242, 0.0078975019698108] [0.023342277981164422, 0.002189038601782028, -0.03763382325712178, -0.027897493325824668]
4200 -0.08215593702493465 0.19054236444889341 0.67 [0.6413725394511326, -0.04867339098246549, 0.7428482512797827, 0.004452600251550179] [0.028617734712549782, 0.7186730709437618, -0.07283916990076655, 0.6655483642444548]
4300 -0.8018451233504349 0.4661515810716017 1.0 [0.9648976110944486, 0.03498659472013254, 0.9935064786230654, 0.006609315562354353] [0.035102277894387475, 0.9650135072358698, 0.006492280601259924, 0.9933919342684827]
4400 -1.7739922928126608 0.9030617839550379 0.86 [0.10356152171557888, 0.7392012444697055, 0.8430517085964189, 0.03418552521829688] [0.756435609246506, 0.12079814409487381, 0.01695150963914971, 0.8258147370194712]
4500 -0.8857718638184842 0.416615159842401 0.76 [0.010127847501431739, 0.7512456709881663, 0.7418693511378963, 0.016757130372505032] [0.7498721559817346, 0.008754327836997361, 0.018130648040822154, 0.7432428681404456]
4600 -1.2327811814318863 0.5668494348817783 0.92 [0.012929041448527523, 0.9103412297799438, 0.8998440561703498, 0.01688567260117883] [0.907070953656868, 0.009658772316539485, 0.020155932824873175, 0.9031143412017191]
4700 1.010882189139481 -0.4986587765970277 -0.07 [-0.10654166163550477, 0.0643891366676568, 0.03564400852680237, -0.13349148355895457] [0.03655019106676468, -0.13438854617382537, -0.10564391755923343, 0.0634822726662942]
4800 -0.9710126809830038 0.6325210348965182 0.79 [0.7707910829093761, 0.011958603830508716, 0.019356535029933758, 0.7778937782301815] [0.01920895403934643, 0.7780415758210859, 0.7706434393757026, 0.012106030763865894]
4900 -1.7934625050315498 0.929796806264521 0.88 [0.871218468291339, 0.010163030623003135, 0.24435275867926304, 0.6342657424063952] [0.008781556615402532, 0.8698369566291001, 0.6356471863525346, 0.2457343004029631]
5000 -1.6789392915828256 0.8504377698291092 0.94 [0.2725683405503767, 0.6698367453423836, 0.04461102048390124, 0.8929838936233385] [0.667431746631571, 0.27016317218028346, 0.8953890055918535, 0.04701607559629187]
5100 -1.6197985305327995 0.7854438355089144 0.9 [0.017834099182062194, 0.8826923371580865, 0.7473748273208402, 0.15209873633901175] [0.8821658829362147, 0.017307666376071666, 0.15262513243538892, 0.7479013182523251]
5200 -1.1348067104213684 0.5174472713008622 0.82 [0.4910536714757165, 0.3296061845033174, 0.8131262848472518, 0.006213859173714523] [0.3289463329250987, 0.4903938267434525, 0.006873707789881816, 0.8137861325415672]
5300 -0.04228211485124102 0.0034946450680612595 0.06 [0.056716602642988126, -0.1607525268728013, 0.15492182363119322, 0.06911410059861982] [0.003283078276853858, 0.2207529068206323, -0.0949237595119059, -0.009112225585580457]
5400 -1.1742858676728984 0.6057816222338698 0.64 [0.6338367245461336, -0.03648356593236554, 0.02467736917850995, 0.6579694722077218] [0.0061632731831103935, 0.6764831186941521, 0.6153226290092606, -0.017969020886523187]
5500 -0.9843793407352891 0.5086413345070817 0.84 [0.6828027513250856, 0.1591221464148428, 0.39910127004834467, 0.43897383221172676] [0.15719713123706094, 0.6808776641053699, 0.4408986245579062, 0.40102658009966374]
5600 -0.7692330275777997 0.2792091203160232 0.7 [-0.007674929135484481, 0.6927925147588658, 0.6230879454698218, 0.09179446890679696] [0.7076748583440556, 0.007207484831944038, 0.07691202651320907, 0.6082056303107913]
5700 -0.9715433685157007 0.45774078603546586 0.96 [0.4144084600789715, 0.5466218331860376, 0.9512392906391185, 0.007730416095872345] [0.5455915756584517, 0.4133781844347669, 0.00876070369106537, 0.9522695362157156]
5800 -0.8725438525781848 0.4949975198781662 0.85 [0.8380802073428647, 0.10367052609851618, 0.2747052426240757, 0.48354402393454343] [0.011919961223793846, 0.7463274373111646, 0.5752948067183895, 0.36645779474665247]
5900 -0.553318481537222 0.2564295320672802 0.78 [0.7736541474337619, 0.775308942974171, 0.006353528331114474, 0.004683381260952399] [0.006345854263374987, 0.004691067332109996, 0.773646470341574, 0.7753166080629419]
6000 0.07911311870989529 -0.04367480821251821 0.02 [0.021859745409469687, 0.019423716912927488, -0.0019729139918474737, 0.0006894516694501031] [-0.0018600246574161114, 0.0005763201546222277, 0.021973197156634438, 0.01931050734615937]
6100 -1.0859021714510688 0.3742861886304574 0.59 [0.11418777545202297, 0.5645976826431063, 0.47625213000337807, 0.024962411901492492] [0.4758119161360683, 0.025405307227540384, 0.11374811299060635, 0.5650346636457848]
6200 -0.8086017397772184 0.4217625023429828 0.68 [0.008788737850906295, 0.6106548741208971, 0.6718266103106123, 0.06872977771758455] [0.6712207851605168, 0.0693433367567305, 0.008163669850202091, 0.6112722082325505]
6300 -0.41978339677604604 0.15281005549592463 0.42 [-0.04804883016397854, 0.414219235666029, 0.4694830745672868, 0.004346519930662957] [0.4680488249147428, 0.005780822385410581, -0.049483247224112646, 0.41565359992395917]
6400 -0.43893065457543357 0.28022066476954693 0.35 [-0.07449522709291373, 0.33415818644608, 0.43355649609774827, 0.0067805445490852516] [0.42449509534259106, 0.015841825839309594, -0.0835564552460022, 0.3432195340641014]
6500 -1.172432365003071 0.588977834747491 0.77 [0.010598711311800959, 0.7577371905125001, 0.7531585383063343, 0.018505559869364502] [0.7594013420808521, 0.012262872977572538, 0.016841424677337166, 0.7514943602642381]
6600 -0.8321742230013901 0.4294600965515676 0.6 [0.008205278854368421, 0.3284079723807376, 0.5938091242848212, 0.2695776244800729] [0.5917947418276177, 0.2715920267728478, 0.006190854767213874, 0.33042237663232077]
6700 -0.6843314081036114 0.4607745006312326 0.3 [0.018285117445584465, 0.3635982520254175, 0.28441794122965447, -0.06630131070065659] [0.2817148030809988, -0.06359860225885995, 0.01558225879531326, 0.3663015403825479]
6800 -1.149227716693038 0.4983320891844055 0.84 [0.02455200563534201, 0.8149838058831896, 0.8323806650020196, 0.008083523479448221] [0.8154478092549934, 0.02501617035025278, 0.0076194985393834794, 0.8319165218553697]
6900 -1.2978160975366473 0.6415344605237763 0.96 [0.01015533253488463, 0.9492701457133554, 0.3787542299563947, 0.581820291795366] [0.949844703408816, 0.010729847267621922, 0.5812461696912813, 0.37817927963228065]
7000 -0.03175650596609265 -0.05419404049696595 0.29 [-0.1260200400565328, 0.4301786117386732, -0.05251726594312272, 0.32835869426098196] [0.41601990933377986, -0.140178309865617, 0.342517276193897, -0.03835887566206006]
7100 -0.7792545166024664 0.8119234640756368 0.63 [0.025220277601487266, 0.6339943249220081, 0.017291652897645865, 0.5834937445788584] [0.604823917837044, -0.004019861746417047, 0.6127106854910699, 0.046485258418302956]
7200 -1.2825093408097892 0.6167101590244516 0.62 [0.006110241225241511, 0.6121533265700188, 0.5436832009108751, 0.07805323129386525] [0.6138896073010943, 0.007846630219196175, 0.0763168954345522, 0.5419468670451569]
7300 -1.2439810907204931 0.5368400437894162 0.54 [-0.051246743719107334, 0.5405188525486709, 0.3458009348514222, 0.24492695631901412] [0.5912466599908489, -0.000518731730849816, 0.19419703717035838, 0.2950750345696426]
7400 -0.883004225843687 0.426855302826344 0.54 [0.21990249181118926, 0.2926379393028594, 0.5344521116159251, 0.033007457270026505] [0.3200969781515933, 0.24736454992343837, 0.005547630880720686, 0.5069908410442479]
7500 -1.3362634570687215 0.6149478544831234 0.74 [0.6632366526309239, 0.049062106045567246, 0.42600503166666087, 0.34169620965684794] [0.07676330505922753, 0.6909381079819613, 0.3139946706889642, 0.3983039162698471]
7600 -1.1944654783538995 0.6262754301219808 0.5 [0.17052366875083358, 0.2829187302626595, 0.46521913863539366, 0.08133846235111321] [0.32947633071831334, 0.2170812585191282, 0.034780858738759204, 0.41866155202379945]
7700 -1.304842355784 0.6505150208883889 0.94 [0.013327141122169326, 0.9226441686872097, 0.9279167900866797, 0.016111900103941236] [0.9266728604301494, 0.017355833121404728, 0.012083207633042926, 0.9238880988154031]
7800 -0.07505531345800377 0.010007924010152859 0.22 [-0.10288403285684643, 0.30169999829476013, 0.3217937657287273, -0.0806097311666414] [0.32288403963428564, -0.08169960778197938, -0.10179391720764797, 0.3006094853553418]
7900 0.3023274538640311 -0.06765971027624978 0.2 [0.19296763769815609, -0.29955038939027273, 0.005736234948124863, 0.5008465167439917] [0.007032365819817753, 0.49955038780093075, 0.1942637749642339, -0.30084652858498245]
8000 -0.5563657347060492 0.3470653670313425 0.1 [-0.10083994856051333, -0.1432598843191044, 0.2014031542568653, 0.24269667862275235] [0.20083995926665424, 0.24325989193439362, -0.10140302702821984, -0.14269682417282786]
8100 -1.1019479400383296 0.7167286943522337 0.54 [0.5121979217771009, 0.0244054892580519, 0.018461514006049423, 0.5249350749587972] [0.027802496745008582, 0.5155957615936374, 0.5215383919527968, 0.01506334970855716]
8200 -2.034581468334326 0.7210501538542686 0.6 [0.4500829953345509, 0.17543047266979925, 0.1931342823527148, 0.38135224964293485] [0.14991492960036168, 0.4245715060468054, 0.4068656436944132, 0.21864792065841962]
8300 -0.9902110482790638 0.557258101023774 0.68 [0.6620149875135846, 0.014889825130934991, 0.01425384111160408, 0.6688413462438757] [0.01798507916882416, 0.6651100740527253, 0.6657461939244432, 0.011158652854007706]
8400 -0.9727106471188123 0.3798311321174138 0.47 [0.4570362363431935, -0.01594393332648728, 0.04833964090617061, 0.4505680560771232] [0.012965759962267794, 0.4859424414087894, 0.42165902481306944, 0.01943277381587287]
8500 1.3167854387811442 -0.5267747219914449 -0.11 [-0.14263348032878145, -0.04532267674276585, -0.013027472557777878, -0.019016370370674985] [0.03261443025726394, -0.06476583190684101, -0.09696254105565746, -0.09088605729476586]
8600 -2.2874174993206284 1.0775276612400513 0.84 [0.6366637908666968, 0.21060703647372445, 0.3782242105544906, 0.4545049621050877] [0.20333633042905955, 0.6293911063582672, 0.46179449597029637, 0.38547806724237643]
8700 -1.139853528726606 0.6019743746997739 0.76 [0.019664002164018552, 0.7463800602110651, 0.7410037080030593, 0.012952229621857457] [0.7403360297748085, 0.013619982700379531, 0.018996212212161145, 0.7470477753126511]
8800 -1.1895165777581114 0.6064149190584722 0.94 [0.02942083551342537, 0.9192278822032545, 0.9210900589179793, 0.010261223365340681] [0.9105791636098356, 0.020772118029136, 0.01890994061632689, 0.9297387777447017]
8900 0.733542059703863 -0.3823852570173683 -0.12 [-0.3061227153596084, 0.16322548327750216, 0.18763135817215218, -0.28473412609004595] [0.18612271379237588, -0.2832254800679818, -0.307631356445245, 0.1647341227208507]
9000 0.8503764693041513 -0.4129222432404231 -0.2 [-0.37691710582035937, -0.19986265217569343, 0.13251573740456135, 0.04426402059149129] [0.1769168264856877, -0.000127340660974081, -0.3325277460715111, -0.24426173975320245]
9100 -1.0092757972261972 0.5248314016614445 0.86 [0.011614477885518545, 0.8485367009185009, 0.6213271990918166, 0.23852162210416442] [0.8483855433625968, 0.01146330230949554, 0.23867279084270795, 0.6214783634851989]
9200 -0.6709572679889487 0.2599184278158774 0.46 [0.02174774924334376, 0.47801699016424054, 0.43743541533763597, -0.01720015474522026] [0.4382527113213223, -0.018016996047728242, 0.022564148169257354, 0.4772001365571489]
9300 -1.2730490274058461 0.6877017480808285 0.86 [0.010444956919347104, 0.8419728774714677, 0.47094135271308557, 0.3966408128960996] [0.8495549641829419, 0.018027119217840927, 0.38905872667874897, 0.4633591899204689]
9400 -0.7411976641770214 0.35759361426143277 0.62 [0.009229911614125499, 0.6456490049773045, 0.6115195867676125, -0.026398503359042255] [0.6107700886197461, -0.02564903417499065, 0.008480370066039895, 0.6463985754892043]
9500 -0.5691321693049223 0.23990266179957698 0.55 [0.3150797545415467, 0.16610692060095936, 0.23514653718215583, 0.38366678767533813] [0.2349201799819358, 0.38389309096658714, 0.3148535409630038, 0.16633318808847364]
9600 -0.16038001826667034 0.06416925360803241 0.23 [0.25970393979202566, 0.02730732615811277, -0.04597312895065001, 0.21896186300051165] [-0.029703921471211987, 0.20269264634842638, 0.2759731453000761, 0.011038129822709304]
9700 0.25048158786953406 0.23206004296092245 0.15 [0.14656010821341509, -0.036225977291927426, -0.00040196356995306513, 0.1900678326484651] [0.003440414694618703, 0.18622570978056885, 0.15040187943177769, -0.04006800390696477]
9800 -0.8500876110330873 0.3861938851470342 0.63 [0.21653843050490637, 0.6165034528238593, 0.41331046917244196, 0.013647647498792279] [0.41346156820914354, 0.013496547151434606, 0.2166895315609524, 0.6163523530784696]
9900 -1.434614767910986 0.682315584971137 0.88 [0.011939773175390854, 0.7948865247804329, 0.8657921233840367, 0.0873815786601387] [0.8680640095471, 0.0851165224427126, 0.014207762307719194, 0.7926117057024689]
10000 -0.9484905291644846 0.5559912516412805 0.96 [0.7987587703950837, 0.16113457942474052, 0.9367759737156723, 0.023330676464503607] [0.16124138510969574, 0.7988652520015432, 0.023224025482530358, 0.936669337406231]
10100 -2.556540654351376 1.2012434650457642 1.0 [0.5272239493234663, 0.40179507096555833, 0.9416788644333818, 0.12930211527759378] [0.4727761484066594, 0.5982048340279402, 0.05832111018682659, 0.8706979073785739]
10200 0.3019050019546524 -0.16286638988950566 0.08 [0.013613213215564628, 0.2902848888103272, 0.06481550082419996, -0.20871360285009183] [0.06638678659932966, -0.21028488305431367, 0.015184500016903637, 0.28871359643808026]
10300 -1.271077951100288 0.6718853755437224 0.92 [0.02183020174254036, 0.9085095902312768, 0.8959852351210204, 0.013674972905162343] [0.8981697999071802, 0.011490428478907822, 0.024014763270441063, 0.9063250083434703]
10400 -1.5748268594893506 0.6743153566822008 0.94 [0.014874868464867637, 0.928244767960567, 0.9198050020179858, 0.0170753615565796] [0.925125127582901, 0.011755237877884754, 0.02019499294265725, 0.922924641596557]
10500 -1.7770393002375509 0.8257263141979433 0.9 [0.022187760613333243, 0.8715726608155966, 0.8796594285524831, 0.026580150018586518] [0.8778123112531564, 0.028427282842637923, 0.020340559167075, 0.8734198467371302]
10600 -0.20132912957338278 0.1011363106346293 0.15 [0.048023250620609366, 0.12817283458217238, 0.1027525556436264, 0.02105135915359193] [0.10197683043673296, 0.021827157948448413, 0.04724735885922345, 0.12894865275559508]
10700 -0.3190428092564499 0.12003270737338921 0.21 [0.20398409531875555, 0.06827895738877206, 0.04810207186919733, 0.09963487542327508] [0.006016095705188856, 0.14172099208060404, 0.16189776667850977, 0.11036514553569747]
10800 -0.9641312298085108 0.5393586462640549 0.24 [0.024378676281964905, 0.21502920351549282, 0.23300435177647233, 0.007587768426069838] [0.2156212997257264, 0.02497080456712297, 0.006995656747600178, 0.2324122389595502]
10900 -0.131586526038595 0.05202719075641189 -0.06 [0.002597869722308311, 0.0900743874076162, -0.06754977425883942, -0.14512248287108487] [-0.06259820880882473, -0.15007131840707066, 0.007549664559256511, 0.08511986265663901]
11000 -1.0053801480129094 0.5233992094075414 0.66 [-0.009822407530979403, 0.6399243289464368, 0.44460000731374727, 0.24529807127079503] [0.6698184107865225, 0.020079556830540513, 0.21540085969025669, 0.41470117269268003]
11100 -0.9349343373585428 0.4573316004822063 0.76 [0.3616739843330905, 0.398898541953963, -3.3746742008801175e-5, 0.759461220454956] [0.3983260213977527, 0.3611014490878262, 0.7600337480857959, 0.0005387814286255448]
11200 -1.8007928411270129 0.8823088532925114 0.66 [0.526053403979097, 0.1362010449917982, 0.006387674276434287, 0.6513578767526704] [0.13394664939206138, 0.5237990674463595, 0.6536122873048262, 0.00864199585675256]
11300 -1.2265243955857432 0.591406125872044 0.9 [0.013101796865030402, 0.8884779151938612, 0.7541895860975215, 0.14423070184358766] [0.8868982046768275, 0.011522139043570198, 0.14581034896054879, 0.7557693073190539]
11400 -0.576131983010116 0.2541725816569149 0.42 [-0.0020997502461152433, 0.4089438316120358, 0.4255799399036953, 0.00757597873038424] [0.422099750019094, 0.011056167784762563, -0.005579939296513566, 0.412424021492657]
11500 -0.9231873182285849 0.5496660934502137 0.66 [0.014075926814723552, 0.6450706388912367, 0.6441027825345391, 0.01675065175950063] [0.6459240731087291, 0.014929362072844517, 0.015897203508271156, 0.6432493613101556]
11600 -0.8462756689076529 0.4639474654868089 0.5 [0.20301770544261824, 0.31054840238977305, 0.4958124841572447, -0.009378591989636195] [0.2969832275179902, 0.18945049979537928, 0.004187718739219758, 0.5093785539474108]
11700 -1.2196887091813533 0.5786260050706534 0.86 [0.01424923004165073, 0.8491061612897327, 0.8454187511606728, 0.011225857507943861] [0.8457507698258817, 0.010893838705943857, 0.014581248685573369, 0.8487741427826007]
11800 -1.5740344067115495 0.7509374539985929 0.53 [-0.00905509425033523, 0.4394062883381366, 0.6038463821906486, 0.0258024237215511] [0.5390538763560722, 0.09059471780356551, -0.0738464733021716, 0.5041978791425344]
11900 -0.7093684060555064 0.3940444471102624 0.51 [0.49991724328026266, -0.06792098154849796, 0.008561108563217852, 0.5794426297050171] [0.010082776022584498, 0.5779214557325308, 0.5014388842510097, -0.0694431160061254]
12000 -0.42381466066269297 0.2653237048619719 0.38 [0.37635247402171784, 0.01041639427103523, 0.011375847034332904, 0.3618552846729139] [0.0036475335838371554, 0.3695835501481984, 0.3686243317943745, 0.018144584473589725]
12100 -0.9338981414710673 0.43066286537448656 0.56 [0.5642255839136116, 0.01462765482310217, 0.01423992476114195, 0.5269068365021442] [-0.004225848727732716, 0.5453722842883315, 0.545760300607685, 0.03309326383171618]
12200 0.6621952198190361 -0.09458423977786116 0.28 [0.21838524137954368, 0.19482468779150441, 0.43341092162494604, -0.28662085079599386] [0.061614805002476854, 0.08517530351550878, -0.15341084991741283, 0.5666207413994276]
12300 -0.28313464908169284 0.12379851689146726 0.22 [-0.08692273593166223, 0.19607650765130163, 0.31636853762268463, 0.014477690657676163] [0.3069226668901348, 0.023923486181425906, -0.0963684424357937, 0.2055222893642334]
12400 -0.2839074901852714 0.07466744974104883 0.36 [0.00017427358297429022, 0.35881156754890403, 0.3592136069528701, 0.0018005519152516525] [0.35982573845197, 0.001188447241638904, 0.0007863899193694222, 0.3581994243870217]
12500 -1.5927412879971186 0.7795446442424259 0.8 [0.04307556220431897, 0.7867965201294108, 0.7602180263877504, 0.009909891278520648] [0.7569244311832946, 0.013203489257600884, 0.039781971188268095, 0.7900901083708366]
12600 -0.845230836184038 0.4630881562659668 0.58 [0.016478624378108944, 0.5878656144051642, 0.5688951824864676, -0.013239421269740436] [0.5635231494427365, -0.007867790219945157, 0.011105242263122843, 0.5932393985140858]
12700 -0.8324285859443938 0.36824351049820314 0.7 [0.009983789015600198, 0.706863499076186, 0.6859856092213603, -0.0028328973131466774] [0.6900162970981957, -0.006863404581696929, 0.014014406034805556, 0.702832701448695]
12800 -0.8527715025647873 0.4395638612000887 0.7 [0.04116347202369679, 0.6755847787968077, 0.673932727327591, 0.009319021851904065] [0.658846634619252, 0.024404937157220676, 0.026067391017902272, 0.690681037205625]
12900 -1.0916260491008907 0.5595291397024102 0.72 [0.010453518790142781, 0.6978467758905154, 0.707897681382597, 0.02380202393674399] [0.7095464745295799, 0.022153226320666783, 0.012102324834047338, 0.6961979743157056]
13000 -1.2954746445964558 0.7688661218285582 0.84 [0.017393667461074954, 0.8198661637204927, 0.8234824339257361, 0.019257734892696294] [0.8226063203357111, 0.020133783946299163, 0.016517496138909304, 0.8207423995790799]
13100 -1.0993315883919133 0.49330163296847496 0.58 [0.020783015968997783, 0.5553105844183032, 0.570963566601852, 0.012942833010847173] [0.5592169527897318, 0.0246894615773178, 0.009036369067833451, 0.5670572165651173]
13200 -0.6909059929044646 0.3451837345963266 0.48 [0.010141536684304375, 0.53634555030925, 0.4715668059371188, -0.05805389293067324] [0.46985858479963355, -0.056345531851618814, 0.008433192979063834, 0.5380537540729212]
13300 -0.6505846933708459 0.2026269980740383 0.5 [0.009658591821061293, 0.49214462765032363, 0.4966240489471133, 0.0015727315815019037] [0.4903414162429346, 0.00785537764001996, 0.0033759408105955347, 0.4984272653064501]
13400 -1.4071606983785554 0.7630575593107772 0.76 [0.019162433680597293, 0.7210187457880091, 0.729098004891357, 0.050720815640036415] [0.74083851058849, 0.038982192125845354, 0.03090217867162546, 0.7092771186140395]
13500 -1.735749342570217 0.7908309869899357 0.94 [0.357056673547967, 0.5816670501286351, 0.9326428777379568, 0.008633398585441593] [0.5829433312716038, 0.35833295657304826, 0.007357112269575037, 0.931366599885773]
13600 -0.2802502286715275 0.05487974771531754 0.3 [-0.06252555625096924, 0.37235966585805075, 0.2832149230536951, 0.006950967339223203] [0.36252114308104233, -0.07235573559155545, 0.016784857074629032, 0.29304973543588425]
13700 -1.5154643137534316 0.9067150309966827 0.86 [0.03984493700679057, 0.8389963701571452, 0.8226540976785337, 0.018504595157530668] [0.8201549626116473, 0.02100352744942124, 0.03734611251204242, 0.8414953974268887]
13800 -1.109531249721768 0.6168679529957082 0.78 [0.1756358213617697, 0.6069788659449723, 0.7638252899253254, 0.013560022767932214] [0.6043641785099765, 0.17302113588418663, 0.016174709627058474, 0.7664399759787784]
13900 -0.06958694644509415 0.04674126771862261 0.37 [0.3623924710677658, 0.36710050113803916, 0.007367381642039256, 0.0031396461521558967] [0.007607453858202678, 0.0028994922491182864, 0.3626326855860227, 0.3668603683066564]
14000 1.176161048763155 -0.5421486651142718 -0.09 [-0.0791192761930617, -0.044228521862063774, 0.012641907342514937, -0.06929410928738954] [-0.01088072752509608, -0.045771199168806724, -0.1026419556835204, -0.02070611762257665]
14100 -0.608790516089197 0.31750474731973444 0.44 [0.056663603838562775, 0.42577727825063455, 0.38501228510811536, 0.012546832802687525] [0.3833363906316534, 0.014222716703762541, 0.054987722051849826, 0.42745317061273375]
14200 -1.0749323438617573 0.5131529709087833 0.82 [0.012505637160740934, 0.8074891984930009, 0.8080389532872608, 0.01196621105899731] [0.8074943334173044, 0.01251088681093002, 0.011961113973459751, 0.8080336657983054]
14300 -0.6286564336002483 0.41786125041864575 0.43 [0.0216066075410047, 0.4132887396143213, 0.40894903849311637, 0.01615561435155792] [0.40839295944449494, 0.01671072362393048, 0.02105190603712048, 0.41384441089445373]
14400 0.7236470412009993 -0.21543506252658198 0.09 [0.03355254571110847, 0.08387964896381817, 0.10432910976775421, -0.04176130444268076] [0.05644667473523064, 0.006120072533358959, -0.014329327103493465, 0.13176257983490378]
14500 -1.4699925572678416 0.7706065872776885 0.92 [0.30344341723843704, 0.615358544443134, 0.9097947812372034, 0.011403257081225441] [0.6165566731589575, 0.30464140954984376, 0.010205070154083666, 0.9085968471371149]
14600 -1.5039906260217004 0.7103181095308969 0.72 [0.01057487571292068, 0.7122395994723945, 0.56319821269162, 0.15398731212306474] [0.7094251163934987, 0.007760395238525628, 0.15680178702924719, 0.5660127013387282]
14700 -1.314939557902029 0.555738952294287 0.88 [0.009627526652140065, 0.8621020087563813, 0.8636322468163173, 0.024638217775160988] [0.8703724721993988, 0.017897991421887662, 0.01636775409121575, 0.855361782287498]
14800 -0.7492974803718646 0.3437414527813173 0.71 [0.16316961237655533, 0.7023029698164664, 0.5457312908744312, 0.008796126932546907] [0.5468303766743116, 0.007697024424975158, 0.16426872544020246, 0.7012038734605112]
14900 0.5412927859693337 -0.16657103094067643 0.07 [-0.13536996366810702, 0.10400927580331557, 0.20786726552653487, -0.03650657766174331] [0.20537012279020883, -0.034009230504514563, -0.13786727158640497, 0.1065063793007107]
15000 -1.0743466071351495 0.4936679704451164 0.61 [0.01694705677605505, 0.575444257544198, 0.5941878973739182, 0.03342078830582892] [0.5930528616820415, 0.03455580741434127, 0.015812172648439034, 0.5765791582551775]
15100 -0.8974279864718322 0.41236993255903437 0.47 [-0.01861518101622011, 0.45450842810304387, 0.4975011658047513, 0.006605587108424883] [0.4886165746531194, 0.015491067189890245, -0.027502701838164275, 0.46339505999515496]
15200 -1.2029821095550197 0.5560600320507776 0.94 [0.02447329204791564, 0.9160380851917247, 0.9285717557590383, 0.01091686700132047] [0.9155267104819137, 0.023961912197222494, 0.011428244769508857, 0.9290831325513551]
15300 -1.7925767509596862 0.9374178621481022 0.78 [0.18471630131147218, 0.6039959740033193, 0.7706810868585917, 0.0006066378266171542] [0.5952837079408183, 0.17600419486221444, 0.009318961585745437, 0.7793931356112221]
15400 -0.9894027887230138 0.5471830656310912 0.77 [0.12517545355217605, 0.7566785355802924, 0.6443705757992704, 0.013775435068260894] [0.6448245300415175, 0.013321492723118307, 0.12562936373410405, 0.7562246135012605]
15500 1.8459765892015614 -0.8713956659363123 -0.27 [-0.11235091767263752, -0.2759889757725904, -0.15713538550150857, 0.005475278946736505] [-0.15764942928220818, 0.005989136820381839, -0.11286458496084578, -0.2754751225773279]
15600 -1.02120981977219 0.4539316115902187 0.58 [0.09531844710635404, 0.5666240775230513, 0.4770961786947064, 0.020961296675888114] [0.48468134190645534, 0.013375908594631664, 0.10290387689791794, 0.5590388726009956]
15700 -1.243523713266268 0.5766126639746241 0.88 [0.01312560890643065, 0.8669062870454818, 0.8676704118922985, 0.012297692155789916] [0.8668743892765951, 0.013093716635150028, 0.01232958599372318, 0.8677023080945319]
15800 -1.4090055191966189 0.7854603475951475 0.74 [0.012993496683722556, 0.706643295681999, 0.6866796970350337, 0.07368351059924465] [0.7270065040993727, 0.03335674726649293, 0.05332030317322107, 0.6663164454609132]
15900 -0.048559199699981466 -0.0007273339193435499 0.3 [0.00262052694563677, 0.3438221919935159, 0.2956223319770272, -0.04206505091617984] [0.2973794711896758, -0.04382229947219935, 0.0043776713996947075, 0.3420651568828289]
16000 -1.3292006300003216 0.6338280393810899 0.94 [0.012636581597074892, 0.9183068558566407, 0.9267094656999503, 0.022347096846333465] [0.9273634275842889, 0.02169319248543526, 0.013290574276262122, 0.9176528056540136]
16100 -0.9287245552688864 0.40578314993043896 0.7 [0.006187455823867196, 0.6948397494339131, 0.690439598207844, 0.008533196534375497] [0.6938125811897833, 0.005161304070631973, 0.009560372878605219, 0.6914657418609796]
16200 -1.366107674024212 0.7514119220726188 0.9 [0.017261763635919816, 0.8793986390283177, 0.88576446806859, 0.01757512926717236] [0.8827382389959803, 0.020601360621550067, 0.014235531650910429, 0.8824248687315591]
16300 -1.2732289505916115 0.7475678440559065 0.84 [0.013800563171112905, 0.8227944348399118, 0.8225877772253739, 0.020817224763601594] [0.8261994369598703, 0.017205564031639996, 0.017412223147304517, 0.8191827758611855]
16400 -1.445076333265872 0.5971077540412661 0.56 [-0.06728492641566355, 0.5520676603421097, 0.6185620150036427, 0.01665525106991097] [0.6272878425132338, 0.007931160295610947, -0.05856255687016831, 0.5433435540613243]
16500 -0.024730363130546933 -0.07627592353948187 -0.09 [-0.09415214782196593, -0.09242580062544453, 0.006461969160213329, 0.00011597928719716322] [0.0041523000944999125, 0.0024248645193196876, -0.0964619180309949, -0.09011524658282473]
16600 0.2797507381816339 -0.21326852502935695 -0.09 [-0.05277394340181881, -0.14868087667630264, -0.032467188376093394, 0.05392200845421489] [-0.03722602433426949, 0.0586809750599021, -0.05753282909113884, -0.14392212163449375]
16700 -0.43393696523564 0.26623469075024464 0.24 [0.38580892492459484, -0.1453283838508807, 0.12130920000849496, 0.1182102589177909] [-0.1458088624998466, 0.3853283304524869, 0.11869075711712967, 0.12178977493022995]
16800 -0.9110317767923573 0.4442858751349986 0.66 [0.6485802768142013, 0.008553976536198186, 0.05115723532141629, 0.6117085113281846] [0.011419766879634476, 0.6514461045848264, 0.6088427543068029, 0.04829137422873617]
16900 -1.7517190414523263 0.9035036036870957 0.57 [0.3022167041328829, 0.2676712185062483, 0.5643589649747416, 0.0057531123861265555] [0.2677834771790508, 0.30232860508201304, 0.005641035402397835, 0.5642468823365389]
17000 -1.3914627349821513 0.7396207329778168 0.91 [0.04823231665963206, 0.864395939764157, 0.8926089054930412, 0.014762838083170603] [0.8617675839333125, 0.04560406072048193, 0.017390816890188718, 0.8952375384560165]
17100 -0.6468314740619878 0.5019172788210976 0.46 [-0.011367574211139325, 0.44628868344636585, 0.47281299573038027, 0.012265895034393326] [0.47136503564461324, 0.013711350780069546, -0.012811017682759818, 0.4477346312580769]
17200 -0.7827273653821575 0.31510095271554034 0.64 [0.010589080513169577, 0.616238745890855, 0.636600688327109, 0.016571485268866527] [0.6294108978572224, 0.023761086904524636, 0.0033993519878229737, 0.6234286632504301]
17300 -2.135489309885823 0.9827371568387503 0.74 [-0.01882665030751902, 0.6643861691793599, 0.766577801816625, 0.06786267931153417] [0.75882673557062, 0.07561295882863861, -0.026577693139931472, 0.6721379987406725]
17400 -3.248349384310109 1.4142078952706802 0.88 [0.8312413748221449, 0.04936934331328132, 0.25396719716768695, 0.625422084696887] [0.04875862443449837, 0.8306306627270408, 0.6260328099512749, 0.2545779028871859]
17500 -2.5635006850789237 1.4325946694072431 0.94 [0.7497595596178137, 0.25585857845500215, 0.1180675869844291, 0.7563142749427544] [0.19030216526988014, 0.6841558063694824, 0.8218591172297529, 0.183682911130885]
17600 -1.9036332041891593 0.8095039173229271 0.6 [0.42812590482739105, 0.14519820267440836, 0.19626126676584618, 0.43041462573235423] [0.171874989412485, 0.45480085988235097, 0.40373768620944367, 0.1695864644957203]
17700 -1.4669216845784947 0.6447970307552867 0.59 [0.5369693878458931, 0.0343446283827673, 0.047882981547863794, 0.560803002223476] [0.05303061587131071, 0.5556553713630153, 0.5421170207238917, 0.029196992041782457]
17800 0.9569365024430465 -0.31727049191569895 -0.03 [-0.06021238811719248, -0.12819989056858272, 0.03135694721556951, 0.09705533147020581] [0.030212419786850027, 0.09819991414263944, -0.06135691461512995, -0.12705541931435957]
17900 -0.8093607948361844 0.3020445206407869 0.22 [0.06304188404586021, 0.012361323998930302, 0.15318386891055952, 0.2114129230446499] [0.1569581002562459, 0.2076386735328584, 0.06681614539978467, 0.008587080811110946]
18000 -1.1702302474474127 0.5491784479543117 0.8 [0.007802040045890368, 0.6870383221668771, 0.7578350317361857, 0.14732460605104775] [0.7921979409624705, 0.11296167755674613, 0.042164975374184406, 0.652675406106599]
18100 -0.056253688404004576 0.0713614739169742 0.48 [-0.02712658433744102, 0.4789595941715505, 0.5027697896769319, 0.005397200488958828] [0.5071265850344512, 0.0010404041896596588, -0.02276978828693797, 0.4746027990628272]
18200 -0.895747329232017 0.43318070732173214 0.74 [0.010772989835493246, 0.7285595021717584, 0.7323638776791843, 0.00830363031356391] [0.7292269896915823, 0.011440517225003196, 0.007636122537202421, 0.7316963705462126]
18300 -1.2666079124330298 0.599570298997969 0.74 [0.05912834954182342, 0.7171317116490767, 0.6950384776469452, 0.008701461162155541] [0.6808643659732918, 0.022866870062127967, 0.044969893915564406, 0.7312988700490155]
18400 -1.2066793539829401 0.6148360310081302 0.82 [0.012596594479572003, 0.8044084370119574, 0.8040151204304642, 0.018979848078006404] [0.8074034120595179, 0.015591474350400189, 0.015984874638640695, 0.8010202389514407]
18500 -0.7606940814310346 0.3962461339386482 0.52 [0.0057843656133798995, 0.5222751558179014, 0.5110973404985422, 0.0008431380701765094] [0.5142156577393955, -0.0022750695765380983, 0.008902659740677572, 0.5191567520964648]
18600 -0.49121420274779853 0.2795744625451203 0.52 [0.12096229439874741, 0.31078297817314027, 0.5924689922078284, 0.015785735220284265] [0.39903768679565305, 0.20921707601790046, -0.07246943338114367, 0.5042146705675904]
18700 -1.971705584128681 0.8337398356965928 0.98 [0.7476764034365972, 0.23153008255784532, 0.9750466735463295, 0.005746840459228449] [0.23232360154537615, 0.7484699157844676, 0.004953324608713492, 0.9742531580614431]
18800 -0.40893358561072973 0.2707413760674847 0.54 [0.5574401882240735, 0.006986018824000917, 0.22200767387061507, 0.2935661190813107] [-0.017440155876224158, 0.5330139901130435, 0.3179922902603367, 0.24643387550284415]
18900 -0.22025204032055018 0.0546985547203245 0.15 [0.15253308866293233, -0.054176703762825254, 0.012571467981374656, 0.18907214711851825] [-0.0025331474249504944, 0.2041767669374554, 0.13742852779147527, -0.03907214730397999]
19000 -0.2961394654352013 0.15338789876586995 0.23 [-0.044841997505897256, 0.2568846537012569, 0.27576998756367244, -0.027812643759032182] [0.27484185211123235, -0.02688511575517276, -0.04576984662679392, 0.2578131102707343]
19100 -1.1200551593222752 0.5345946961926176 0.88 [0.009453767861568603, 0.8651387012794717, 0.8700578828916811, 0.015349647967278992] [0.8705462301596871, 0.014861298458926968, 0.009942117648153153, 0.8646503537332327]
19200 -1.2242646266470565 0.5870290231925434 0.88 [0.010259017324911836, 0.8664499462352666, 0.860941925835959, 0.022349110603862035] [0.8697410116639267, 0.013549988099701132, 0.019058306845655435, 0.8576506933907164]
19300 -0.7007834580304251 0.2761316044285487 0.5 [0.014274938739777756, 0.4939403173348444, 0.4881315657255547, 0.0036531781998235635] [0.48572506003110144, 0.006059688496874869, 0.011868432220629332, 0.4963468192513942]
19400 -1.5711670730837963 0.7888219641787214 0.92 [0.45018165198942023, 0.4785904697517055, 0.900176602078254, 0.01105127618062031] [0.4698353071221218, 0.44137959898026646, 0.019836743752359644, 0.9089483501452521]
19500 -1.45475174656871 0.7150522913654213 0.98 [0.013270734704459228, 0.9670373640603377, 0.7300906567015738, 0.24960124453362945] [0.9667298543569235, 0.012962472081282034, 0.24990932112117062, 0.7303983524406241]
19600 -1.6265056408736438 0.7955352842198085 0.86 [0.011184208110007482, 0.8488859756632579, 0.7939814162512693, 0.06594839997546578] [0.8488157765921694, 0.011114101786762167, 0.06601851162027952, 0.7940516100007896]
19700 -1.6829374117441458 0.8400208932419229 0.88 [0.13368318699227055, 0.7681441015533598, 0.8481570218518502, 0.010015689602519313] [0.7463168394852431, 0.11185641275732783, 0.03184288728942822, 0.8699838604680012]
19800 -1.1462270390864875 0.548476761423241 0.88 [0.01392536199164758, 0.8713183274830834, 0.8608373203996568, 0.013918990125612438] [0.8660746279134962, 0.008681672386018408, 0.019162687159287057, 0.8660810125411981]
19900 -0.41565530309428617 0.16498879257117618 0.41 [0.0817736732254523, 0.4099947011085284, 0.3246538439430386, 0.0035777817229807785] [0.3282263377794375, 5.378489115424538e-6, 0.08534589809445366, 0.40642238563699357]
20000 0.27643183854251413 -0.029025356666263522 0.2 [0.22766524735082402, 0.19721780375397355, -0.02780463086122905, 0.0029215797564315004] [-0.027662035640793513, 0.002781090129315267, 0.22780200797518999, 0.1970789375362884]
20100 0.4840942605557791 -0.2222772352338164 0.25 [0.28096711966307014, 0.24840384726374234, -0.030807385164974707, 0.0014364182381623471] [-0.030967149372507604, 0.0015956592286154592, 0.2808074574134007, 0.24856403273049144]
20200 -0.27969550110002517 0.21053188760539507 0.28 [0.27028057431721453, 0.021969032319523768, 0.007077781475427924, 0.26067261188783386] [0.009719429270221461, 0.2580309673070661, 0.27292221614573886, 0.01932738727697363]
20300 -1.1159658176574567 0.559445369516619 0.84 [0.802450979680988, 0.012237369733704985, 0.3855501543611278, 0.4797614962241788] [0.03754901642388057, 0.8277626375650788, 0.45444984360515356, 0.36023850240588606]
20400 -1.2084834326739111 0.5883813009309831 0.86 [0.8486907485460107, 0.011349144792501353, 0.07955164471435075, 0.780408461947138] [0.011309232504752204, 0.8486508630483034, 0.7804483546892405, 0.07959154975770355]
20500 -0.5091481498568214 0.3139876301233626 0.37 [0.29892742510117787, 0.06282320172074511, 0.007001296952154136, 0.3712480762259231] [0.07107257136788428, 0.3071768149449336, 0.3629986814217714, -0.001248067734589196]
20600 -2.0577338170625104 0.8611688733576538 0.91 [0.2127679892982316, 0.6975121593626333, 0.2131000414601295, 0.6966198098790057] [0.6972319226205037, 0.21248793053064186, 0.6968999575150633, 0.2133801893337901]
20700 -1.4513179501450555 0.706213242664901 0.93 [0.012663491566382072, 0.9202633324046979, 0.7678297989101576, 0.15924337711876155] [0.9173364563448437, 0.009736767598667288, 0.16216852912049973, 0.7707582469359889]
20800 -0.30839138429766505 0.18932520185841095 0.24 [0.1189026668093174, 0.2331271759436862, 0.12072997459398677, 0.007240182653009623] [0.12109686789948014, 0.006872712246375613, 0.11927031343166608, 0.23276010642247832]
20900 -0.7958873959434685 0.4565259314579188 0.61 [0.5910921332127902, 0.1192441699495029, 0.00951678676574912, 0.5001469100719579] [0.018907457012480883, 0.4907564574050241, 0.6004836595120551, 0.10985242607043996]
21000 -2.1147610738705622 0.8984226297333975 0.81 [0.7525048656930816, 0.055388682055139554, 0.1351551000978703, 0.6769513521539089] [0.057495097291860746, 0.7546109438865227, 0.674847550415803, 0.13304640840581353]
21100 -1.1592323552170518 0.6599293055308898 0.97 [0.9588074099751364, 0.01140843623203068, 0.9119630719154388, 0.057821081877394764] [0.011192627483105058, 0.9585915009320081, 0.058036777448573024, 0.9121790941363134]
21200 -1.3156279922962901 0.6203789968302147 1.0 [0.9606180619072103, 0.03839883191023276, 0.980301696061568, 0.020681410120989323] [0.039381928388346664, 0.9616011795823626, 0.019698290103538917, 0.9793186019257525]
21300 -1.6853954293276325 0.7667233828519495 0.9 [0.8904209192916686, 0.016787187570934333, 0.2724368600551301, 0.6203550330822662] [0.009579769028484795, 0.8832122028152284, 0.6275630815530249, 0.2796449466032615]
21400 -2.6698793917111754 1.4195828692316292 0.94 [0.3491173517885259, 0.5914897201072731, 0.9269224087898137, 0.012470519314388367] [0.5908832210628937, 0.34850977037212943, 0.013077440546161376, 0.9275295680188157]
21500 -0.7364644696249476 0.4305883260827505 0.68 [-0.013622595509554058, 0.6711517525846579, 0.6566347899909064, 0.045836052933989214] [0.6936203959595757, 0.008847724616046443, 0.02336758603742937, 0.6341642933869488]
21600 -0.6199153592240452 0.29664767853432594 0.46 [0.00984674051698288, 0.45943694595397344, 0.449070593530568, 0.0016457199984755944] [0.4501533167276098, 0.0005632013777707619, 0.010929387954905825, 0.4583540939397134]
21700 -1.1582256372888515 0.5739715906734283 0.84 [0.018192891679729272, 0.8252280269795876, 0.8279817769361157, 0.00859730440456703] [0.8218071187907253, 0.014771964864857084, 0.012018225206508701, 0.8314026911379089]
21800 -1.0993239206457845 0.5391163824039119 0.8 [0.02922700090292207, 0.7884054954025385, 0.7750455901537598, 0.007321913540779827] [0.7707725529050867, 0.011594853054426925, 0.024954450618804885, 0.7926781434216822]
21900 -0.4735157121600917 0.23185783054559045 0.4 [0.13409297498986267, 0.3598835500111493, 0.30374083341925595, 0.002282641579731962] [0.26590668050736105, 0.04011645164884202, 0.09625946912873787, 0.39771739871505896]
22000 -0.8582618931718217 0.4666609623555093 0.68 [0.006240195991861791, 0.5907662023226155, 0.7268540106760741, 0.03613959100944855] [0.6737598450828055, 0.08923375373006887, -0.046854008191840706, 0.6438604093789664]
22100 -0.9462416579554414 0.5530715822530935 0.63 [0.05569560870364053, 0.6225614041871793, 0.5701783430985765, 0.01156464401060333] [0.574304391419495, 0.00743858533918064, 0.05982166560676811, 0.6184353576345564]
22200 -1.445104695443358 0.7144838237260805 0.59 [-0.0028510489770623565, 0.5597267854640253, 0.4563448821249918, 0.1667793813880455] [0.5928507774047791, 0.03027325094625928, 0.13365540797772943, 0.4232205636712323]
22300 -1.4186909392257774 0.7982349713601828 0.82 [0.010003136675417943, 0.8124720305183536, 0.7513597573996529, 0.06616507540657596] [0.8099968594757563, 0.007528029136579123, 0.06864017847569567, 0.7538349329119695]
22400 -1.4923917849234138 0.8002578086538006 1.0 [0.12653258050033445, 0.8674891410047308, 0.5021503778092861, 0.503827900685649] [0.8734678177648084, 0.1325108180676821, 0.49785047518696857, 0.49617088898054035]
22500 -1.3488721809546251 0.49784981370915105 0.84 [0.7416152800978182, 0.09793466329639139, 0.8350774112475348, 0.0053726453582558465] [0.09838449919060549, 0.7420654680718418, 0.004922917587179614, 0.8346271151503737]
22600 -1.5333353483732244 0.6010231700639441 0.62 [0.35986201241040694, 0.25977902281209786, 0.5718450825634741, 0.048513882214019956] [0.26013799888524836, 0.3602209619824625, 0.04815507316533501, 0.5714859659669544]
22700 -1.7441937617539423 0.8917785804742172 0.88 [0.01227431859880877, 0.8719763371373179, 0.803437627874031, 0.07231171638984249] [0.867725716014525, 0.008023669308405298, 0.076562241277902, 0.8076883733991665]
22800 -0.8214730653705498 0.40460458625284546 0.75 [-0.017211807606935775, 0.7398394582468661, 0.7651595785261036, 0.01221277083396632] [0.7672120422891093, 0.010160261615155342, -0.015159525240145607, 0.7377872213358806]
22900 -1.4560251811354596 0.5397968032852671 0.65 [0.19477413292668255, 0.4901599479328978, 0.011880580515016953, 0.6031853386254022] [0.4552258063574144, 0.15984002399054748, 0.6381195112977069, 0.046814658354331115]
23000 -1.4400728198313664 0.5250804163666122 0.55 [0.48135754591558333, 0.11703869910016175, 0.0799253718916155, 0.42167838309263844] [0.06864229395547622, 0.43296130022660195, 0.4700745889345663, 0.12832181688335573]
23100 0.6518378674964009 -0.30660933776904714 -0.23 [-0.09257251004401577, -0.22935634946285893, -0.13740832008088977, -0.0006628204122357173] [-0.13742744297831366, -0.0006438966955427974, -0.09259167787521322, -0.2293369824509305]
23200 -0.3563507572716158 0.14185997723738789 0.27 [-0.03570225725311168, 0.25195131953335803, 0.30215187086485185, 0.021599066854901938] [0.3057012329450063, 0.018048729809568353, -0.03215083179146203, 0.24840086903688732]
23300 -0.49152175425139055 0.26377803702118624 0.61 [0.36521394008437597, 0.5425348857940834, 0.3084712955288859, 0.003779878592655157] [0.24478603958770598, 0.06746511205343164, 0.3015287247986965, 0.6062201235601661]
23400 -1.9945470030293542 0.8955244671151271 0.9 [0.16527945385080917, 0.7349723675116999, 0.4818173233707663, 0.4179308552667249] [0.7347253824783243, 0.1650231395461937, 0.4181824741334916, 0.48206900384199053]
23500 -0.02327317011354893 0.041180472998685796 -0.12 [-0.16588860534917327, -0.10894458063090907, 0.18448295932705355, -0.14964977334697122] [0.04588868863920144, -0.011054210563024722, -0.30448300996317756, 0.029648531887001194]
23600 -1.6148980010451752 0.7040486673638164 0.9 [0.018698512566369587, 0.8396484800068764, 0.8849690675782981, 0.056683939848455676] [0.8813014842441201, 0.060351519232959124, 0.015030932358417166, 0.8433160641645036]
23700 -1.3778783733225248 0.5778517799769203 0.9 [0.01732186438489955, 0.8824190997762986, 0.8887252585692331, 0.01153377726956896] [0.8826781335580879, 0.017580897453167262, 0.011274743038352446, 0.8884662259503926]
23800 -1.009030015827402 0.45050844486935465 0.7 [0.010507489642424832, 0.6905213494717123, 0.6893538465357372, 0.00961731435012578] [0.6893290374262964, 0.00945383698560055, 0.01080496877894212, 0.690412156809161]
23900 -1.3043202910594636 0.6138631504566817 0.9 [0.011563785222771078, 0.8641960450868484, 0.8881854237411093, 0.0360547459492704] [0.8884362158629887, 0.03580390039734119, 0.011815323095762451, 0.8639445606439077]
24000 -1.8211514251822973 0.9524827671095405 0.92 [0.01614915969180428, 0.9009977662817787, 0.847194622141663, 0.0756584518847547] [0.9038508135749366, 0.01900227583870677, 0.07280539324155946, 0.8443415173447971]
24100 -0.9618158806674652 0.498865675233872 0.64 [0.00971136505663738, 0.6276014522455055, 0.6300189309484726, 0.012668251749384659] [0.6302886255416776, 0.012398481471063792, 0.0099810667501204, 0.6273318262371386]
24200 -1.3921701689533221 0.8926628801087065 0.74 [0.3145834691298542, 0.4170064765993518, 0.7321173171097091, 0.016292737161084737] [0.425416538589516, 0.32299351746547766, 0.007882657555079976, 0.723707286389927]
24300 -0.9214157087175736 0.47435927851293447 0.82 [0.620362714572509, 0.2037892082483671, 0.7487005160911758, 0.06714756108794784] [0.19972649783284332, 0.6161342248037933, 0.07130013755188994, 0.7528391398114732]
24400 -1.241407428058092 0.5918468904152637 0.98 [0.017269645073916054, 0.967218159332986, 0.963496860478736, 0.012015335114362787] [0.9627303550068389, 0.01278184147258015, 0.016503139459149455, 0.9679846640614314]
24500 -0.5898349755860423 0.39820411199757344 0.38 [0.013234058892036864, 0.3662162465499339, 0.37237673058059156, 0.008172963977437567] [0.36676598703624647, 0.01378371828667942, 0.0076232677963197085, 0.37182702688075464]
24600 -1.4222712834059072 0.46609262713368005 0.21 [-0.06266750800658119, 0.37374719825459884, 0.30077806787913985, -0.19185775812715697] [0.2726537969692827, -0.16375548834009074, -0.09077792988623233, 0.40187962125704024]
24700 0.4453879074722953 -0.4029502038243629 -0.11 [-0.024968142586005534, -0.0056347064630659, -0.08587489621022365, -0.10352225474070481] [-0.08503185986712147, -0.10436529616802435, -0.02412510052021736, -0.006477743444636714]
24800 -0.43204766048792587 0.28500730908349625 0.3 [-0.1323859998799403, 0.29492690771593255, 0.4170898352533072, 0.02036925691070078] [0.43238599381503895, 0.005073097183595537, -0.11708983692696256, 0.27963074592832804]
24900 -1.2223719060586067 0.6270251277395803 0.76 [0.014275292000998545, 0.7431358706666458, 0.7465526094619658, 0.016036227870389844] [0.7457247779026716, 0.016864060375179447, 0.013447391127449635, 0.7439637705946993]
25000 -0.6932836158584569 0.4569910131579614 0.34 [-0.07244231315090116, 0.24937695194507406, 0.3289538838404773, 0.17411147736535015] [0.41244016777421244, 0.0906205382414826, 0.011042831915709442, 0.16589646206859565]
25100 -0.46095610243917357 0.2345695079968294 0.2 [0.01956296463139422, 0.30753485055987434, 0.17674355708784206, -0.1038413722791106] [0.18043700002663188, -0.1075347963207742, 0.02325647418156036, 0.3038413221125818]
25200 0.6048102412544742 -0.3472724860060273 -0.02 [0.0007491405395804202, 0.2929959953222806, -0.0219724016019549, -0.31177273425990604] [-0.020749142580850446, -0.31299599581514714, 0.0019724040145221245, 0.2917727343814753]
25300 -0.0510746210658991 0.19896932220746943 0.58 [0.033287775481660245, 0.5115227045311002, 0.599014829639877, 0.016174690347362807] [0.5467121801452256, 0.06847717499445617, -0.019014661714244006, 0.5638253065745622]
25400 -1.8803308374075687 0.8617405677943019 0.94 [0.16001021857859354, 0.7801977445131432, 0.9275030938757881, 0.012288943032475018] [0.7799896347985898, 0.15980280425579252, 0.012496883513691895, 0.9277106774319251]
25500 -0.8854913429227476 0.5471747101874977 0.72 [0.33841476531961895, 0.3836334800193057, 0.6128968434274455, 0.10505491123362935] [0.38158523635314934, 0.3363665226686723, 0.10710315040602898, 0.6149450905721491]
25600 -1.013679291100335 0.5038211179205028 0.44 [-0.08627172422753926, 0.43804243380691693, 0.1533577101714609, 0.37487158024916184] [0.5262720459303855, 0.0019575235823067745, 0.28664293180013206, 0.06512749868717511]
25700 0.08673407815427506 -0.19985541451786845 0.04 [0.0663009243790102, -0.14381770059914414, 0.14477510689047515, 0.012741669329658796] [-0.026300929430300605, 0.18381770107027523, -0.10477510150591053, 0.027258329865935873]
25800 -0.802917924358178 0.3932539899146162 0.96 [0.9324450094796906, 0.027556825388907687, 0.9556509846378834, 0.004347180493517748] [0.02755495289841643, 0.9324432139606619, 0.0043490348727215685, 0.9556527982682003]
25900 -1.479220047458027 0.7506100239201112 0.96 [0.11169283745581132, 0.8603936286891617, 0.9306097613611345, 0.017303772493892512] [0.848307151823343, 0.09960637271439778, 0.029390250608935048, 0.9426962248533254]
26000 -0.4757351276631179 0.18355352256578275 0.45 [0.004060285488894807, 0.6008762590559849, 0.4445689573779878, -0.14950550192286718] [0.4459397786907537, -0.15087627694942124, 0.005430945659428701, 0.5995055525992398]
26100 -1.1954200579031802 0.6460304847479885 0.51 [0.021311222797366636, 0.586896847249586, 0.48471330852642813, -0.07292137857338096] [0.48868878812639494, -0.07689685489334983, 0.025286702310565654, 0.5829213644563889]
26200 -0.7023229409613562 0.3702774515504786 0.52 [0.0006059812007797275, 0.5124098167665154, 0.5231629154926454, 0.00382128654005949] [0.5193938274211758, 0.007590113294386707, -0.003162690546579908, 0.5161787498310172]
26300 -0.9518125827670807 0.492168561917895 0.82 [0.26411442185461015, 0.5559017192012143, 0.8124721628550491, 0.0075116960891260095] [0.5558855785072532, 0.26409828471471586, 0.007527833993122696, 0.8124883027849081]
26400 -2.0666810305142955 0.9963315277534455 0.77 [0.4335360058732536, 0.0850304861700683, 0.80186504700322, 0.2195684609534584] [0.33646399492993057, 0.6849695153343819, -0.03186504290376178, 0.5504315326394499]
26500 1.857867118748874 -0.9259543754589628 -0.37 [-0.004741286635024098, -0.37680044771155763, -0.36482664003877374, 0.006368374385355669] [-0.3652587102235067, 0.006800671143612284, -0.005173511597805292, -0.37636844932230074]
26600 0.847986839153031 -0.34208893434444076 -0.57 [-0.002600171676316253, -0.05874533614644069, -0.5674708687056418, -0.5111836234716014] [-0.567399839035838, -0.511254646248317, -0.002529121911191275, -0.05881639280465351]
26700 -0.9833798631876144 0.21563416394771268 0.58 [0.012686919011509342, -0.01192900049915784, 0.5671312329488322, 0.5921108485388163] [0.5673131935253588, 0.5919279495170879, 0.012867973057603259, -0.012109116100049704]
26800 -1.4914454697674038 0.7351312163820086 0.85 [0.5968807705962785, 0.09900576870360911, 0.8910852134997679, 0.11302824720034443] [0.2531203029274801, 0.75099323340906, -0.04108526670763488, 0.7369717303710952]
26900 -1.035318918111225 0.49892209489448647 0.98 [0.9639515331113606, 0.015998371481173498, 0.9361416344897501, 0.043908460917716455] [0.016048472778122946, 0.9640016229020723, 0.04385835749052292, 0.9360915468292822]
27000 -0.7184195629681718 0.42140275727013454 0.59 [0.21690985908437277, 0.3246612180816632, 0.6241510975519257, 0.014277825282038083] [0.3730901201172431, 0.26533878110995013, -0.03415109152326892, 0.5757221902960755]
27100 0.17772166861109506 -0.15105594652242035 -0.03 [0.08922043058834044, -0.027225317212675453, -0.11929254451982813, -0.0027025688558366874] [-0.1192204254299992, -0.002774609609953137, 0.0892925415537163, -0.027297506513764228]
27200 -1.0631380566462014 0.49129780205786566 0.66 [0.015143351568741666, 0.6519807545272824, 0.6451556110607385, 0.0077202828432381436] [0.644856567695235, 0.008019185906207144, 0.014844511078331566, 0.6522797353202264]
27300 -1.3010506581238774 0.7160752592465865 0.9 [0.013353167534052596, 0.8575189245834041, 0.8826529840255948, 0.04647492385694774] [0.8866468595889918, 0.04248076215473991, 0.017347946027482398, 0.8535244322287856]
27400 -1.1610790886956444 -0.12855979358597056 0.26 [0.0632840512098105, 0.20840604512402003, 0.2536326919788183, -0.0053227883126489295] [0.19671590654003698, 0.05159394808910096, 0.006367346341182792, 0.2653227990296791]
27500 -1.0354893331150685 0.48687646341626833 0.76 [0.009173886015985408, 0.7492767286590304, 0.715651042202692, 0.045898343122292164] [0.7508261340392327, 0.010723290507738126, 0.04434895577422105, 0.7141016196788081]
27600 -1.1560892608249163 0.5647130514300067 0.98 [0.45631698718405744, 0.5274384099154661, 0.011080321857509425, 0.965164281042967] [0.5236830136349024, 0.4525615892700786, 0.9689196769634789, 0.014835720131539656]
27700 -1.0650457686751418 0.5862486526137907 0.65 [0.6413017934408382, 0.008615578156032923, 0.029532610255769767, 0.6205500181473587] [0.008698151942715076, 0.6413844038103729, 0.6204674184123716, 0.029450025834540844]
27800 -0.8530323215513613 0.3886401552204162 0.73 [0.726008894211575, 0.006060104075393011, 0.01269917130895494, 0.7152318304040768] [0.003990980925528309, 0.7239398614533772, 0.7173006379811951, 0.014768519639899209]
27900 -1.596489749617767 0.8009810383066395 0.92 [0.20695824225619927, 0.7097505328220288, 0.15833679607589832, 0.764954428845873] [0.7130405752743385, 0.2102506225194961, 0.7616632962693544, 0.1550455059368106]
28000 -0.8470678601109803 0.36359993890335085 0.62 [0.020272952399978495, 0.5974213510788983, 0.6146312369088845, 0.0076744596122386355] [0.5997270911279152, 0.022578548900606822, 0.0053688147716441014, 0.6123255451998336]
28100 -2.4499334705792477 1.0936067255337631 0.86 [0.37634275136760936, 0.4819213788412568, 0.8503213321242178, 0.011414537666915667] [0.4836572285734914, 0.37807860613662314, 0.00967869815737656, 0.8485854671325087]
28200 -1.3546343576498705 0.8820296540614361 0.84 [0.02197593655233679, 0.8060771960677424, 0.8179900089656346, 0.03395685841428604] [0.8180241501527027, 0.03392270215766521, 0.022009958344859276, 0.8060431893447724]
28300 -2.0207346992880653 0.9563672722332964 0.7 [0.06515875671195376, 0.6389326687963994, 0.6664691898447787, 0.029439384646868287] [0.6348413282089522, 0.06106734072312468, 0.03353072333468785, 0.6705606077332351]
28400 -1.0386995545922004 0.5459362198687896 0.77 [0.539392558513757, 0.19151592256637776, 0.8025415271516053, 0.006549991768260168] [0.23060742093028924, 0.5784840987029475, -0.032541524269291876, 0.7634500046360552]
28500 -1.142268254710621 0.5510268793418509 0.85 [0.05040166060673789, 0.822027707987953, 0.8017619934127106, 0.02580863799259829] [0.7995983443632168, 0.02797223896010535, 0.04823803506537743, 0.8241913816113005]
28600 -0.9182017048821973 0.5820491194687628 0.38 [0.011758143537761591, 0.330248773196107, 0.3849387359124053, 0.03305434735372593] [0.3682443722017097, 0.049748816307092325, -0.0049387457832424046, 0.34694555727444004]
28700 -2.3068361745211057 0.98863455040084 0.8 [0.01566901971924493, 0.7852715113874846, 0.6296926400250645, 0.16936682886820628] [0.7843309969517535, 0.014730400777938843, 0.17030714032414568, 0.6306314619461625]
28800 -0.5419846751475542 0.2938229282908307 0.36 [0.002681117469558963, 0.36415078347181745, 0.2632636871132065, 0.08990441194541693] [0.3573188858487443, -0.00415073605311656, 0.0967363131857622, 0.2700955370186095]
28900 -0.7664086753060831 0.3345091344979611 0.62 [0.06107123552229047, 0.5602033265606952, 0.6491853126325586, -0.030459874715544524] [0.5589289989507737, 0.059796454571234794, -0.02918529062477753, 0.6504598371027694]
29000 -0.33050320289406343 0.12305626606466741 0.31 [-0.09065697079891798, 0.3062046975972247, 0.3991551528331388, 0.005297120368554432] [0.400656970847373, 0.0037953023729677586, -0.0891551531729641, 0.3047028799526239]
29100 -1.7359245035311845 0.9641738665297607 0.89 [0.1358707893868799, 0.8727484483002732, 0.7301965897687975, 0.04118417254404957] [0.7541291568139686, 0.01725154218926186, 0.15980347062014252, 0.8488158303766271]
29200 -1.4894078283654932 0.7870635767363054 0.92 [0.02022412313654114, 0.9089220762218987, 0.8837225787296598, 0.027131221911899574] [0.8997758743676064, 0.011077931879923363, 0.036277405999435616, 0.8928687877530339]
29300 -1.4114140330224285 0.7615360287309622 0.94 [0.032738077663631224, 0.9298201083875717, 0.5689707919632803, 0.3484710219855167] [0.9072619226818436, 0.010179892086502405, 0.37102920665903677, 0.5915289785726171]
29400 -1.1032979090824295 0.6189282364722143 0.76 [0.009321629150712779, 0.7388146265771186, 0.7212601788203717, 0.05060356545179671] [0.7506797106463345, 0.021184553931113674, 0.038739893560356405, 0.7093958418621957]
29500 -1.9914763094852355 0.9014171334160516 0.98 [0.012255056671529097, 0.9684675478457326, 0.4754261652356763, 0.5038512302470614] [0.9677449401843786, 0.01153245604259731, 0.5045738374915856, 0.4761487662814383]
29600 -1.3832977893855827 0.7542740780582443 0.9 [0.018968092116523724, 0.8627837261910181, 0.8877689765218675, 0.030479205170590204] [0.881032606398622, 0.03721878316605245, 0.012230029170674903, 0.8695185812646509]
29700 -0.29983070604587647 0.14994728294156326 0.22 [0.06336880738229132, 0.2166121970127694, 0.1561434946526264, 0.0038755009523127404] [0.15663121442769065, 0.0033877810945150753, 0.06385650420797821, 0.2161245002698161]
29800 -0.4331580377596946 0.2167800164780863 0.39 [-0.024593153346901486, 0.3826380230808356, 0.4162946661899165, 0.005660464076149806] [0.41459304870696273, 0.007362022322126845, -0.026294583508708037, 0.3843395124796187]
29900 -1.2279193048943646 0.6392490717849263 0.81 [0.03367934626748282, 0.7949199393070054, 0.7802030712854235, 0.01119764314008822] [0.7763205518435767, 0.015080055929558033, 0.029797044398535356, 0.7988023478283297]
30000 -0.4860972940944861 0.32134387106971474 0.5 [0.40075928469354144, 0.20030332397694386, 0.3902026484416914, 0.008734742887823528] [0.09922141678784895, 0.2997179223016607, 0.10980132283862812, 0.49125933807186245]
