step Ek EV sign nup ndn
100 -0.606610930246942 0.35444501050753646 0.59 [0.007646196325658446, 0.7043373877590606, 0.5769839356187807, -0.10896751970349994] [0.5827811357040648, -0.11477911830184667, 0.012595938512223287, 0.699402044085559]
200 -1.480427739959901 0.7495045820428514 0.94 [0.7325632252261798, 0.20674132068780252, 0.9320619171791893, 0.008633536906828455] [0.20743677477455547, 0.7332586793115843, 0.007938082782950585, 0.9313664631309111]
300 -1.7427427573575047 0.8419084816108307 1.0 [0.5131933354476435, 0.4856328504020098, 0.9899721588416461, 0.011201655308700589] [0.48680666455155797, 0.5143671495980244, 0.01002784115617648, 0.9887983446942408]
400 -1.6021036329699994 0.7685188570173644 0.92 [0.6081722374660858, 0.31355604236669676, 0.9142702925775394, 0.004001427589678308] [0.31182776253373845, 0.6064439576332901, 0.005729707422634404, 0.9159985724103373]
500 -1.4617927427052098 0.7295490710329722 0.92 [0.010318871823534555, 0.9050616396666377, 0.8980983825347244, 0.026521105975103] [0.9096811281764658, 0.01493836033336195, 0.021901617465275504, 0.8934788940248977]
600 -0.11528565759199637 0.12490079510829659 0.14 [-9.180891036307263e-5, 0.13328400792750625, 0.13889751960252752, 0.007910281380329297] [0.14009180891036296, 0.006715992072494479, 0.001102480397468166, 0.1320897186196745]
700 -0.5875843291111833 0.3362635955018591 0.4 [0.022380448522810164, 0.3750401125190659, 0.3730535420564975, 0.029525896901626186] [0.37761955147718945, 0.02495988748093416, 0.026946457943502162, 0.3704741030983741]
800 -2.256954334833022 0.9807041560028388 0.94 [0.020861756594257045, 0.8580983700541843, 0.9154748815837563, 0.08556499176780209] [0.9191382434060473, 0.08190162997230291, 0.024525118343826983, 0.8544350082778229]
900 -1.3895271400184248 0.566827446982479 0.34 [-0.04130108129623323, 0.044886372350760026, 0.382541655587521, 0.2938730533579519] [0.38130108129746726, 0.29511362764932264, -0.042541655588686764, 0.04612694664189674]
1000 0.1426917962067594 -0.06924441575651442 -0.13 [-0.12574386833962903, 0.000850438138536851, -0.010145835176102317, -0.12496073462280562] [-0.0042561316603205975, -0.13085043813858133, -0.11985416482387233, -0.0050392653772256615]
1100 -0.5129834532570525 0.15993967612909837 0.31 [0.31386077320636047, -0.0010876039539217841, 0.08044752011431588, 0.2267793106332453] [-0.003860773206347479, 0.3110876039539238, 0.22955247988567817, 0.08322068936674569]
1200 -1.9025952326060747 0.8825902118231148 0.92 [0.7563297503374968, 0.1661907837675746, 0.013381144070457983, 0.9040983218244699] [0.16367024966249974, 0.7538092162324288, 0.9066188559295418, 0.015901678175529704]
1300 -2.2337293620113168 0.6207072711633607 0.74 [0.5837578788542411, 0.15805278884709772, 0.4187599280798103, 0.31942940421885063] [0.15624212114573896, 0.5819472111529315, 0.32124007192019893, 0.4205705957811303]
1400 -1.6238677094698546 0.7942467266082651 0.82 [0.775138774606163, -0.009533547943047001, 0.3185391048443429, 0.5558556684925413] [0.04486122539385882, 0.8295335479428887, 0.5014608951558981, 0.2641443315073548]
1500 -0.6039415379031855 0.2800964305652472 0.43 [0.019525753350195532, 0.34680661814213054, 0.40386269355483273, 0.08980493495284157] [0.41047424664980353, 0.08319338185787094, 0.026137306445168394, 0.3401950650471574]
1600 0.4240565832839354 -0.2534613359939969 -0.47 [-0.008901273659965325, -0.002827440602804558, -0.46114230807397205, -0.46712897766325784] [-0.46109872633999627, -0.46717255939717106, -0.008857691926056826, -0.002871022336775799]
1700 -0.01985348615440551 -0.0023471465256365977 -0.09 [-0.0013842779052470238, 0.0012873557092469257, -0.08861019941114641, -0.09129287839285348] [-0.08861572209479979, -0.09128735570909738, -0.0013898005888062959, 0.0012928783927034257]
1800 0.7092482733417391 -0.3322024188204842 -0.74 [-0.15414159135843442, -0.006462607529052591, -0.5854720570273619, -0.7339237440851504] [-0.5858584086415758, -0.7335373924709373, -0.15452794297262476, -0.006076255914862697]
1900 -1.5848127468268063 0.7775006990743235 0.91 [0.8930125647016252, 0.010362583751629535, 0.09512184166937071, 0.8215030098773746] [0.016987435298355166, 0.8996374162483965, 0.8148781583306252, 0.08849699012262295]
2000 -0.8291122397934282 0.38995298781689575 0.3 [0.29402914167878474, 0.02897253328764945, -0.029551817977101012, 0.30655014301066674] [0.005970858321215227, 0.2710274667123506, 0.3295518179771012, -0.006550143010666964]
2100 -0.8634761294883836 0.4872469483754675 0.38 [0.36619100918265524, 0.01601782831968063, 0.008448874360603466, 0.36934228813706055] [0.013808990817344952, 0.36398217168031854, 0.3715511256393967, 0.010657711862939654]
2200 -2.138419895789909 0.925315745774292 0.39 [0.1726420881208153, 0.11221997759034157, 0.17936576770482549, 0.31577216658401763] [0.21735791187920245, 0.27778002240962063, 0.21063423229519518, 0.07422783341598145]
2300 -1.645528330914601 0.8138922458617585 0.99 [0.7967537266141091, 0.020601761550269663, 0.18574364872442334, 0.9769008631111976] [0.19324627338589115, 0.96939823844973, 0.8042563512755769, 0.013099136888802838]
2400 0.20976845939415903 -0.10118469871899928 0.28 [0.0888922882898793, -0.049855946925295117, 0.2423381608898306, 0.27862549774558526] [0.19110771170933125, 0.3298559469569121, 0.037661839077060257, 0.001374502256696494]
2500 -0.7825233050893035 0.38146807872865657 0.72 [0.00451636532808821, 0.5516495799441204, 0.6609873881387334, 0.2228466665890575] [0.7154836346719111, 0.16835042005586975, 0.05901261186129519, 0.49715333341092316]
2600 -1.1848286208737606 0.5899138615326718 0.8 [0.015433725753784357, 0.7854307889118287, 0.7855979443346581, 0.013537540999729153] [0.7845662742462156, 0.014569211088171066, 0.01440205566534199, 0.7864624590002717]
2700 -1.1326872419434302 0.5202023000956281 0.84 [0.010079233081338226, 0.8285104048720696, 0.8291068755911624, 0.012303486455430201] [0.8299207669187093, 0.011489595127927061, 0.010893124408903507, 0.8276965135444598]
2800 -1.357966915259465 0.7562186196012007 0.94 [0.011988128777376204, 0.9252705627455231, 0.9010302312557374, 0.041711077221363003] [0.9280118712226231, 0.014729437254476598, 0.038969768744262466, 0.8982889227786376]
2900 -1.475036400399545 0.7697923814868404 0.8 [0.012761195935353617, 0.7864190010523887, 0.7580744956408083, 0.04274530737144869] [0.787238804064629, 0.01358099894760645, 0.04192550435919144, 0.7572546926285731]
3000 -1.1505894629996207 0.5873664919188619 0.92 [0.010999206823020968, 0.9096115222137943, 0.9043144082759851, 0.015074862687199587] [0.9090007931769791, 0.010388477786210305, 0.015685591724013445, 0.9049251373127966]
3100 -0.9433975210883601 0.5749402969752111 0.48 [0.006165323395781832, 0.4533450692797174, 0.4141544642249926, 0.08633514309950828] [0.473834676604069, 0.026654930720302845, 0.06584553577496194, 0.39366485690066644]
3200 -1.4065506646347947 0.6705328899935317 0.94 [0.018055209475618568, 0.9276709592339809, 0.9224245193819841, 0.011849311908416392] [0.9219447905243878, 0.012329040766070672, 0.017575480617999267, 0.9281506880915419]
3300 -1.2513814446224985 0.6199674033882613 0.88 [0.015218225723934893, 0.8676810147810269, 0.862743939132416, 0.014356820362621259] [0.8647817742760654, 0.012318985218973915, 0.017256060867582388, 0.8656431796373789]
3400 -1.3537661810033257 0.7040690549498414 0.73 [0.01783378896497285, 0.710974250210969, 0.6929872551898876, 0.0382047056341707] [0.7121662110351273, 0.01902574978969151, 0.037012744810091563, 0.6917952943650892]
3500 -1.0956970324646347 0.5781668342876741 0.79 [0.011612119451532671, 0.7764784835234599, 0.777376274416921, 0.01453312260808583] [0.7783878805484672, 0.013521516476538719, 0.012623725583079861, 0.775466877391915]
3600 -0.1115987327088409 0.09695374719266399 0.28 [-0.05496177798244367, 0.2718913336638818, 0.33313888875887676, 0.009931555559684729] [0.33496177798245297, 0.008108666336106383, -0.053138888758873806, 0.2700684444403144]
3700 0.6695800804039755 -0.29674337545299706 -0.46 [-0.009141298301829033, -0.4548280593049222, -0.45248116168489383, -0.0035494807083545675] [-0.4508587016981712, -0.005171940695077672, -0.007518838315105985, -0.45645051929164504]
3800 -1.462893257666492 0.719431450058829 0.66 [0.01244287568025796, 0.6480452996952455, 0.5996703406819235, 0.05984148394257294] [0.6475571243197418, 0.011954700304755046, 0.06032965931807528, 0.600158516057428]
3900 -1.3048041019941197 0.7055254627432265 0.88 [0.017138209613980927, 0.8556488684074555, 0.8662949874225889, 0.020917934555975747] [0.8628617903860203, 0.024351131592544917, 0.01370501257741153, 0.8590820654440233]
4000 -2.0965139800795387 1.0495063374320557 0.71 [0.26830240283732565, 0.4464463070284204, 0.699828607733561, 0.005422682400693149] [0.4416975971626706, 0.26355369297158193, 0.010171392266437127, 0.7045773175993104]
4100 1.0656390300833893 -0.6159375210599546 -0.41 [-0.0807558131536776, -0.40145584518541405, -0.3328740232261848, -0.0049143184347227925] [-0.3292441868463483, -0.008544154814593537, -0.07712597677380194, -0.40508568156525593]
4200 0.39686270180969835 -0.16345252153314382 -0.18 [-0.1797565609052209, -0.23405286957678684, -0.0007935752384669794, 0.05460300572047468] [-0.00024343909477981732, 0.05405286957680086, -0.17920642476153215, -0.23460300572048887]
4300 -0.8124496223700011 0.5117222612374761 0.37 [0.5892409557284154, 0.08213270003158274, -0.2190576283558215, 0.28768397259582373] [-0.21924095572841198, 0.2878672999684111, 0.5890576283558174, 0.08231602740418387]
4400 0.16258252995801667 0.10801096092963855 0.18 [0.08684481425102358, -0.02627142634450181, 0.08134576740724585, 0.2180808446862326] [0.09315518574896693, 0.20627142634450216, 0.09865423259276303, -0.0380808446862324]
4500 0.5193490968353123 -0.23196424725946269 -0.29 [-0.28958005901118894, -0.25688086340507216, -0.0030110662760139905, -0.03052801130772506] [-0.00041994098891118313, -0.03311913659521262, -0.2869889337238992, -0.2594719886919766]
4600 0.7488454809319502 -0.4174859139681198 -0.4 [-0.3987644137153423, -0.05836736150157467, -0.01293272537362549, -0.3299354994094573] [-0.0012355862839349197, -0.34163263849677933, -0.38706727462695467, -0.07006450059233095]
4700 0.594142564404039 -0.2569939232771585 -0.76 [-0.7499633421029555, -0.7560029557451651, -0.009990092638662598, -0.004043609513216979] [-0.010036659458556736, -0.0039970443982538795, -0.7500099056985831, -0.7559563904446063]
4800 -0.026943709027300002 0.021686686125337053 -0.02 [-0.0196583785833872, -0.023317833002496298, -0.00033836732015579793, 0.003314578906039549] [-0.0003416214173293283, 0.003317833004578491, -0.01966163267936243, -0.02331457890788668]
4900 -1.8515189851116383 0.8467280362196005 0.76 [0.18333268265892008, 0.7309892531814285, 0.494200975988781, 0.1114770881708705] [0.5766673173410718, 0.029010746818581516, 0.26579902401122146, 0.6485229118291248]
5000 -1.1591013080370525 0.5787270293435821 0.84 [0.009293615573899327, 0.831076460747393, 0.4688171357707523, 0.37081278790795524] [0.8307063844252285, 0.008923539253498258, 0.37118286422915686, 0.46918721209211584]
5100 -0.9596339140202299 0.3612445648335963 0.42 [0.025998979056884385, 0.3773568868197356, 0.40875827327296976, 0.02788586085040957] [0.39400102094297246, 0.04264311318008406, 0.011241726727104313, 0.3921141391498393]
5200 1.3442904174091368 -0.6328337242083676 -0.18 [-0.0008929829016416213, -0.11138812966398332, -0.1803945516706391, -0.06732433576373598] [-0.1791070171001293, -0.06861187033562986, 0.00039455167221573233, -0.11267566423645647]
5300 -1.2146953039603305 0.5697202908057772 0.88 [0.015165586889597299, 0.8643786710769865, 0.8681377484757599, 0.012317993557655886] [0.8648344131104022, 0.01562132892301802, 0.011862251524240388, 0.8676820064423387]
5400 -1.9197551870003895 0.90377453222471 0.88 [0.05906361332565379, 0.8593704460829364, 0.8271290299761855, 0.01443691061522403] [0.820936386674336, 0.020629553917054917, 0.05287097002383387, 0.865563089384775]
5500 -1.2016020181013245 0.579975123678808 0.92 [0.013029870702613808, 0.9062691019848147, 0.9070697672890841, 0.013631260023486452] [0.9069701292973856, 0.013730898015184831, 0.012930232710915176, 0.906368739976514]
5600 0.9518273557096053 -0.42216206442179577 -0.52 [-0.3283551843364885, -0.4614269737430457, -0.1891870822950732, -0.06103075962539232] [-0.19164481566351038, -0.05857302625696931, -0.33081291770492455, -0.45896924037459574]
5700 -1.614511835548508 0.7023762745990164 0.84 [0.8201295402688734, 0.020562989639070085, 0.029421716652693747, 0.8098857534393626] [0.019870459731126448, 0.819437010360931, 0.8105782833473058, 0.030114246560636198]
5800 -1.1379028282407717 0.5668013904333167 0.84 [0.6706958958690187, 0.16636043537860667, 0.011260323401467843, 0.8316833453509068] [0.16930410413098065, 0.6736395646213934, 0.8287396765985329, 0.008316654649093062]
5900 -1.707387426611187 0.7403114960607098 0.66 [0.6506137594491997, 0.010585454026996724, 0.025131767917441462, 0.633669018606362] [0.009386240550800944, 0.6494145459730025, 0.6348682320825589, 0.026330981393637674]
6000 -0.9289369493840902 0.49045585142805925 1.0 [0.13389103025829774, 0.8655057175038029, 0.01586919944804201, 0.9847340527898577] [0.866108969741704, 0.13449428249619516, 0.9841308005519577, 0.015265947210143828]
6100 -2.8438898679170497 1.4454106013082761 0.84 [0.23742213288135525, 0.6017319754366015, 0.00580200058933415, 0.8350438910927095] [0.6025778671186401, 0.2382680245634033, 0.8341979994106723, 0.004956108907284166]
6200 -2.1484149519649547 1.050083777940391 0.74 [0.23391033759297952, 0.5060765124817165, 0.04813484757232654, 0.6918783023529775] [0.5060896624071121, 0.233923487518218, 0.6918651524255955, 0.04812169764907434]
6300 -0.7517343061822256 0.3962982021003076 0.48 [0.13294881181328777, 0.3469347221134575, 0.17313958519195494, 0.3069768808812999] [0.3470511881874717, 0.13306527788579298, 0.3068604148076559, 0.17302311911907947]
6400 -1.367510361403117 0.682358329991779 0.54 [0.5384445202018164, 0.25551259420019795, 0.11715742435617152, 0.16888546124181406] [0.0015554798060553523, 0.2844874057139978, 0.4228425756327404, 0.3711145388472065]
6500 1.387227121979982 -0.7181825177740153 -0.48 [-0.25645162625357015, -0.30060355539928585, -0.22412553044124398, -0.17881928790590002] [-0.22354837374636716, -0.17939644460071766, -0.2558744695588127, -0.3011807120941025]
6600 0.04084398152705083 0.013180312080233974 0.48 [0.5527370580958011, -0.106013312356881, 0.5076177143992979, 0.005658539861782291] [-0.07273705809580049, 0.5860133123568804, -0.02761771439929758, 0.4743414601382173]
6700 -1.3284410569100111 0.6135847563556646 0.94 [0.42644790687790474, 0.518340593113523, 0.9204827011466472, 0.014728798861925059] [0.5135520931220968, 0.4216594068864748, 0.019517298853347798, 0.9252712011380804]
6800 0.4840880194179814 -0.20048157681788212 -0.22 [-0.08480095772989117, -0.2338545500745195, -0.11082512739129902, -0.010519364804290759] [-0.13519904247165587, 0.013854550067414302, -0.10917487241736903, -0.20948063517838972]
6900 -1.5937621921624998 0.8322127211496106 0.9 [0.011350275707082393, 0.8886647852001118, 0.556281117671277, 0.34370382142152833] [0.8886497242929171, 0.01133521479988883, 0.3437188823287222, 0.556296178578472]
7000 -2.2130747416986187 0.9626558716735716 0.96 [0.43406746916613387, 0.5245954434625861, 0.007600695667891053, 0.9537363917033892] [0.5259325308338659, 0.43540455653741406, 0.9523993043321087, 0.006263608296611045]
7100 -2.2902802916489318 1.1083009467460991 0.98 [0.7647063587490892, 0.21536332579821846, 0.10270422650607017, 0.8772260889466217] [0.2152936412511579, 0.764636674201787, 0.8772957734942665, 0.10277391105278927]
7200 -1.3764910736177367 0.7691129748575328 0.96 [0.020484195875395426, 0.9392010420042903, 0.935141331418608, 0.025173430701706453] [0.9395158041246046, 0.020798957995703426, 0.024858668581397667, 0.934826569298294]
7300 -1.183850820364325 0.5557119353417981 0.94 [0.017900929767845585, 0.9255484498312192, 0.9067061465843511, 0.029844473816583825] [0.9220990702321531, 0.014451550168780768, 0.033293853415645676, 0.9101555261834194]
7400 -1.7926465515352767 0.7251739940198049 0.96 [0.01487188368296201, 0.9444821045039831, 0.9086655858698285, 0.05198042594322616] [0.9451281163170386, 0.015517895496016858, 0.05133441413017112, 0.908019574056774]
7500 -1.1958650159701345 0.7759604173074394 0.86 [0.18327584945300135, 0.6768578850298858, 0.8446535336340126, 0.01521273188310157] [0.6767241505466285, 0.18314211497023508, 0.015346466366337826, 0.8447872681167989]
7600 -1.1937557582443856 0.5597581821450149 0.9 [0.011261239575701822, 0.8861753445476765, 0.8874854080135832, 0.015078007863038279] [0.8887387604242977, 0.013824655452322943, 0.012514591986417198, 0.8849219921369618]
7700 -1.3703917892902593 0.7507806713374842 0.98 [0.014623137948403461, 0.8721297051613165, 0.9613441266333465, 0.1119030302569336] [0.9653768620516412, 0.10787029483868416, 0.018655873366684114, 0.8680969697429899]
7800 -1.1448800318462897 0.582839916179008 0.74 [0.012628017872687702, 0.72094936041802, 0.7287967353786047, 0.017625886330687478] [0.7273719821273137, 0.019050639581977953, 0.011203264621395627, 0.7223741136693127]
7900 -0.865321750202794 0.39976366723197715 0.7 [0.010231452984787786, 0.6913256470948629, 0.690791627619117, 0.007651272301232459] [0.6897685470151947, 0.008674352905138138, 0.00920837238086881, 0.6923487276987976]
8000 -0.9152682175410167 0.4243903233590769 0.72 [0.006151928588224733, 0.7088269578504202, 0.7121241729591036, 0.012896940602251607] [0.7138480714116676, 0.011173042149619424, 0.007875827040401599, 0.7071030593983113]
8100 -0.8155940147438561 0.33379429928368887 0.72 [0.006236353336939778, 0.7157406751259578, 0.3638821723226131, 0.35414079921448915] [0.7137636467618794, 0.004259324767856991, 0.35611782762861993, 0.36585920084164364]
8200 -1.12671791066619 0.5021912947035851 0.88 [0.008254695401087708, 0.8736259108276871, 0.43894771113093467, 0.43917168264028944] [0.8717453045989159, 0.00637408917230959, 0.4410522888690279, 0.4408283173597473]
8300 0.18216300636148927 -0.12207162319757847 -0.36 [-0.19039680338489018, -0.3554857822102458, -0.14462239882938582, -0.029495015575477825] [-0.16960319661511009, -0.004514217789753545, -0.21537760117061386, -0.3305049844245223]
8400 -0.5964576076599485 0.21742161153187042 -0.14 [-0.14276300764783084, -0.31138768546657475, -1.4998272125964838e-5, 0.17416569138653173] [0.002763007647952571, 0.17138768546635513, -0.1399850017275563, -0.31416569138675166]
8500 0.7204456905006884 -0.2641021433854203 -0.47 [-0.47020385758256306, -0.35568220276906176, 7.044459023076405e-5, -0.114184384238606] [0.00020385758249548348, -0.11431779723094188, -0.470070444590161, -0.35581561576139237]
8600 0.17797566715546978 -0.07586429347461573 -0.26 [-0.25893284532685923, -0.2577790693988557, -0.0010809764314694162, -0.0022071088428155493] [-0.0010671546732248629, -0.002220930600555123, -0.25891902356844554, -0.25779289115777443]
8700 0.37670249458039956 -0.2302552578823578 -0.42 [-0.4149533889455544, -0.4131738404533427, -0.005110777738025779, -0.006761992863076438] [-0.005046611054114024, -0.006826159547073879, -0.41488922226227987, -0.4132380071365322]
8800 0.3477514572126688 -0.08963447744613046 -0.31 [-0.3077739138063893, -0.37466650460284057, -0.002127172270281968, 0.06456759067951176] [-0.002226086193611267, 0.06466650460284082, -0.3078728277297178, -0.3745675906795117]
8900 1.0531591356300667 -0.42181821463120983 -0.3 [-0.29970365410583666, -0.43493374142868957, 0.0004207976862649068, 0.13421659784826134] [-0.0002963458934809514, 0.13493374144303533, -0.30042079768905966, -0.4342165978604948]
9000 0.8510498221420464 -0.42516241506942387 -0.56 [-0.4618921373481005, -0.02687213438438919, -0.09669392934447049, -0.5345417989230399] [-0.09810786265198532, -0.5331278656153312, -0.4633060706554488, -0.025458201077234132]
9100 -0.21949949689270626 0.09514871694847196 -0.07 [-0.03641669021402302, -0.004428075707770838, -0.029699598029765673, -0.06945563604844052] [-0.03358330978602482, -0.06557192429222906, -0.0403004019702132, -0.0005443639515328673]
9200 -0.008234126395135386 0.006829100448187705 -0.06 [-0.07170117828581585, -0.001198279422006686, 0.010604822331279653, -0.057705364623457094] [0.01170117828571582, -0.058801720578066874, -0.07060482233124855, -0.002294635376400268]
9300 -0.6720145854571598 0.286418418013747 0.47 [0.009190346700911503, 0.008344390762123718, 0.46003561246917224, 0.46242965006779263] [0.46080965329901274, 0.46165560923789317, 0.009964387530900332, 0.007570349932194331]
9400 -0.30765869429095927 0.21453941969364138 0.3 [0.15935914464328754, 0.004801786494361581, 0.13790488880006768, 0.29793418006228345] [0.14064085535673979, 0.2951982135051152, 0.1620951111999062, 0.0020658199382389704]
9500 0.12666558025899982 -0.06338424882710433 0.22 [-0.08651220833735876, 0.23399302648955408, 0.3071114946218779, -0.01459231277407315] [0.30651220833736803, -0.013993026489555789, -0.08711149462188461, 0.23459231277407247]
9600 -0.26487117082303 0.1377747592139642 0.06 [-0.2887790449421099, 0.05591273252381909, 0.35026717066069474, 0.0025991417575961457] [0.3487790449421609, 0.0040872674759828255, -0.2902671706605114, 0.057400858242367674]
9700 -0.32507241925431857 0.10854482624220163 0.3 [-0.0009651171227148508, 0.29822480191814316, 0.2971856346476464, 0.0055546805569255155] [0.30096511712270685, 0.001775198081789176, 0.0028143653524094676, 0.29444531944309427]
9800 -0.8032284030517204 0.3740551197672877 0.75 [0.38630509714711664, 0.3647545159865391, 0.739895385658114, 0.009045001208229791] [0.3636949028528852, 0.38524548401345926, 0.010104614341885745, 0.7409549987917698]
9900 -0.8685353501537556 0.46496438065156714 0.36 [0.3557907533879495, -0.004676621055902652, 0.2345124903239272, 0.13437337734402582] [0.004209246609434413, 0.36467662105569737, 0.1254875096741614, 0.22562662266070685]
10000 -1.0282618079781785 0.4613500949017424 0.87 [0.009018815578953742, 0.8576378542599579, 0.8614181885600928, 0.011925141600995589] [0.8609811844210469, 0.012362145740042381, 0.00858181143990686, 0.8580748583990047]
10100 -1.0868658872640697 0.5507619308340249 0.72 [0.017543042680146382, 0.7082408063850798, 0.7047673115857667, 0.009448839349006585] [0.702456957319854, 0.011759193614919432, 0.015232688414233371, 0.7105511606509934]
10200 -1.2920730853883833 0.668719331958894 0.96 [0.4725353519654984, 0.4858539063559857, 0.9400696691690876, 0.021541072509427474] [0.4874646480345114, 0.47414609364395593, 0.019930330830909747, 0.9384589274906232]
10300 -0.8792384065182587 0.5890218118639534 0.32 [0.30318675619971236, 0.018587775286051357, 0.23991399107406228, 0.07831147744017411] [0.016813243800271556, 0.30141222471396384, 0.08008600892592897, 0.24168852255983542]
10400 -0.8987117877081409 0.48572616277392117 0.68 [0.6729701928617352, 0.011017153861506219, 0.0165428979174713, 0.659469755359287] [0.00702980713828806, 0.6689828461384681, 0.6634571020838702, 0.02053024463937302]
10500 -0.8394688075104694 0.26833536048348067 0.26 [0.28611716099617657, 0.198260282196178, -0.025029082338464344, 0.060651639146110305] [-0.026117160996028174, 0.06173971780395297, 0.2850290823381497, 0.19934836085392557]
10600 0.544478410957355 -0.2981996460265265 -0.2 [0.11056839957236946, -0.18928314907662291, -0.31086935088265744, -0.010415899613089263] [-0.31056839957230303, -0.010716850923430584, 0.11086935088265802, -0.1895841003869245]
10700 0.6225750092771919 -0.23236299298412905 -0.5 [0.1229365668678799, -0.6250761502701306, -0.4924502770828296, -0.0054101395149198876] [-0.6229365668678802, 0.1250761502701307, -0.00754972291717081, -0.49458986048508]
10800 0.294111761797613 -0.07069909718800416 0.26 [0.23695587621006045, 0.011992164676323866, 0.2583081168620033, 0.012743842251612705] [0.023044123789944707, 0.2480078353236718, 0.0016918831379867372, 0.2472561577483968]
10900 -1.2843722351113613 0.7113391401808867 0.88 [0.024931586386440278, 0.8628939447465034, 0.8614929196068484, 0.010681549260207333] [0.8550684136135592, 0.017106055253496774, 0.01850708039315154, 0.8693184507397927]
11000 -1.600384530010743 0.8602117601843036 0.88 [0.0895102215895736, 0.7954337429592633, 0.86212595055414, 0.012930084897022623] [0.7904897784104296, 0.08456625704073635, 0.017874049445858214, 0.8670699151029758]
11100 1.4441639002608275 -0.643919070062567 -0.32 [-0.11724120216216054, -0.3205794251899487, -0.20180404305653657, -0.00037532959135415644] [-0.20275879783607245, 0.0005794251910971171, -0.11819595694424248, -0.3196246704107823]
11200 -1.1572617284722773 0.6374453319485103 1.0 [0.7884101104914423, 0.21162036610434184, 0.9919507620720244, 0.008018761332191131] [0.21158988950864185, 0.7883796338955598, 0.00804923792576356, 0.9919812386700348]
11300 -1.7554853627624953 0.756738531523386 0.66 [0.2515061174232947, 0.4103664853508945, 0.6070900027291498, 0.051037394496661094] [0.408493882576706, 0.24963351464910544, 0.05290999727084939, 0.6089626055033391]
11400 -1.592217725729676 0.8285700122395872 0.8 [0.10138550666021817, 0.6958256218773348, 0.7890390929555742, 0.013749778506873016] [0.698614493339823, 0.10417437812255975, 0.010960907044317774, 0.7862502214932993]
11500 -2.007030413698827 0.9388349227693162 0.82 [0.006870927975827892, 0.8134476701263559, 0.4194146308583015, 0.4002667710395152] [0.8131290720554767, 0.006552329873347429, 0.4005853692574833, 0.419733228813692]
11600 -0.9523955535932513 0.4826241683884816 0.29 [-0.009038630164888315, 0.28961670492997343, 0.2818764809233447, 0.01754544431157031] [0.299038630164889, 0.0003832950700253276, 0.008123519076654862, 0.2724545556884311]
11700 -0.02555678931491439 0.04452985263916642 0.0 [-0.0008298528492341012, -0.0011359493783872764, 0.0008702928904867781, 0.0010955093371345615] [0.0008298528492336367, 0.001135949378377545, -0.0008702928904861413, -0.0010955093371250062]
11800 -1.6106312019885478 0.9210377220503463 0.79 [0.7097556974717301, 0.6632590959944058, 0.1350273894493942, 0.0719578170844699] [0.08024430252829157, 0.12674090400568605, 0.6549726105505895, 0.7180421829154326]
11900 -0.90538670243223 0.35659432398563273 0.24 [0.2780207514766429, 0.014644779893500638, 0.27359327778330533, -0.08625880915344872] [-0.03802075147664104, 0.2253552201065173, -0.03359327778330593, 0.3262588091534293]
12000 -2.1774028615507914 0.9292550235042752 0.86 [0.21170751092273377, 0.067383140441892, 0.6492595271007398, 0.7916498215346343] [0.6482924890772663, 0.7926168595581079, 0.21074047289926054, 0.06835017846536567]
12100 -0.7122820628804427 0.362309345004116 0.5 [0.004261354526669644, 0.42258180991742156, 0.0968370633164339, 0.47631977223947475] [0.49573864547333735, 0.07741819008246986, 0.4031629366836278, 0.023680227760565123]
12200 -1.2177911093952267 0.5313176235006583 0.9 [0.007719019848817054, 0.8921229514888842, 0.2641695700677492, 0.6359884585945491] [0.8922809801512437, 0.007877048511099062, 0.6358304299322176, 0.26401154140543887]
12300 -2.0010065833435955 0.8546372111987144 0.82 [0.0038322414619298226, 0.8162988650011875, 0.09834258478560683, 0.7215263087512757] [0.8161677585380648, 0.003701134998812995, 0.7216574152143684, 0.09847369124875241]
12400 -1.2827714095011578 0.6889443767511213 0.98 [0.16119109362128195, 0.8194671993401795, 0.006906234470288927, 0.9724354725682497] [0.8188089063787202, 0.1605328006598185, 0.9730937655296455, 0.007564527431815061]
12500 -0.7981593431493275 0.3700186579197925 0.58 [0.08533650088408025, 0.5023725720981421, -0.012770623079422918, 0.585061550097201] [0.4946634991152859, 0.07762742788580682, 0.5927706230797694, -0.005061550080861272]
12600 -0.8576752922445876 0.36827033823507016 0.46 [0.5275839593208754, -0.06782265907844334, 0.08228568304972007, 0.37795301670784803] [-0.06758395932088657, 0.5278226590784488, 0.3777143169502355, 0.08204698329220232]
12700 -0.8760089310464626 0.38904394916027996 0.92 [0.8591826127372305, 0.05983177567983039, 0.9155093625124724, 0.005476249070466422] [0.06081738742441542, 0.8601682241602099, 0.0044906372541724205, 0.9145237511612018]
12800 -1.6197614738569512 0.8971897095383781 0.82 [0.6462387781331944, 0.17433667592023636, 0.7890684680040966, 0.030356077942473535] [0.17376122186685994, 0.6456633240796867, 0.030931531995562575, 0.7896439220578912]
12900 -1.0366508063991777 0.4736753167452765 0.86 [0.013305324985332512, 0.8641507302170899, 0.8492929080741705, -0.006748963276592369] [0.8466946751402641, -0.004150730210483883, 0.010707091794267362, 0.8667489632759527]
13000 -0.7210980386374376 0.3286928416811172 0.48 [0.005899032406339186, 0.47355625000320667, 0.4477120176085729, 0.03283269998188147] [0.4741009675936608, 0.006443749996793884, 0.03228798239142667, 0.4471673000181184]
13100 -2.0081856646033116 1.0363828117343021 0.92 [0.013013611811877797, 0.9045067697946795, 0.24085182388677764, 0.6816277945066647] [0.9069863881881236, 0.015493230205318778, 0.6791481761132171, 0.2383722054933407]
13200 -0.8044157000610613 0.4584468295340177 0.94 [0.015018335419627726, 0.9249847333699907, 0.006772258874362716, 0.9332246723360188] [0.924981664580373, 0.015015266630008963, 0.9332277411256381, 0.006775327663980465]
13300 -1.5196683897366414 0.8024644244603008 0.76 [0.18911202208454242, 0.570422641943556, 0.01979117089230119, 0.7406741650796002] [0.5708879779154601, 0.18957735805644021, 0.7402088291072776, 0.01932583492082153]
13400 -0.5724051315867107 0.2835608422484862 0.38 [0.3715690820874011, 0.0075909561397559415, 0.02338902191922594, 0.3574509398536174] [0.008430917911424949, 0.3724090438602493, 0.3566109780803688, 0.02254906014795708]
13500 -1.1957841465278836 0.5253052626095495 1.0 [0.9888345831710238, 0.011284660483072122, 0.011303142978904017, 0.9885776133670008] [0.011165416828977386, 0.9887153395169277, 0.9886968570210959, 0.011422386632999089]
13600 -1.018835752637071 0.5729286764462409 0.56 [0.5302385532127987, 0.013719000192533526, 0.023636209298601222, 0.5524062372960666] [0.029761446787222687, 0.5462809998074715, 0.536363790701384, 0.007593762703921767]
13700 -1.6105466310205596 0.9075610070993644 0.86 [0.7933502444561539, 0.06160279810246948, 0.019099299545926915, 0.8459476578954498] [0.066649755543891, 0.7983972018975254, 0.8409007004540472, 0.014052342104536262]
13800 -2.2975757126956866 0.9919115620855051 0.98 [0.9677535343201759, 0.22649893915212987, 0.2867571638499098, 0.47899036267778455] [0.012246465679823846, 0.7535010608478702, 0.6932428361500905, 0.5010096373222158]
13900 -2.906451884629985 1.201160582308492 0.84 [0.7342206177084654, 0.07554575088283397, 0.11157948069454111, 0.7586541507141594] [0.105779382291492, 0.7644542491171699, 0.7284205193054316, 0.08134584928590712]
14000 -0.26142855128362563 0.1676415920456216 0.5 [0.4753642604879155, 0.011820802137982745, 0.025395571933771944, 0.48741936544033004] [0.024635739512054826, 0.48817919786201736, 0.47460442806620284, 0.012580634559724918]
14100 -0.9328467994467586 0.45450573961106444 0.78 [0.07203341171019917, 0.00525080969806664, 0.7077754409023861, 0.7749403376893481] [0.707966588289508, 0.7747491903019198, 0.07222455909789997, 0.005059662310672591]
14200 -0.4651058186452614 0.15418966382133065 0.32 [0.28454982795898515, 0.1505884662959726, -0.016592030694437855, 0.22145373643947988] [0.03545017203515224, 0.16941153370524098, 0.33659203069922133, 0.09854626356038564]
14300 -1.2457866655650083 0.6020153109048624 0.76 [0.09225413307753427, 0.6653857701411059, 0.0051468946896713495, 0.757213202091688] [0.6677458669218024, 0.09461422985960112, 0.7548531053103058, 0.0027867979082910653]
14400 -0.736374081460341 0.35803126553919556 0.9 [0.008590492857752607, 0.8914950965086436, 0.021311275491382484, 0.8786031351422217] [0.8914095071369874, 0.008504903487816781, 0.8786887245202576, 0.021396864854937966]
14500 -0.6273128871202848 0.27632134224680255 0.34 [0.09675033681459237, 0.3015798052517421, -0.05846932156678182, 0.3401391795004477] [0.24324966318541338, 0.03842019474825384, 0.39846932156678205, -0.00013917950044924464]
14600 -0.8603936298408263 0.4395697241372135 0.74 [0.016052838166209782, 0.7183206223812888, 0.7377548762532364, 0.00787166319926436] [0.7239471618337906, 0.021679377618710437, 0.002245123746762616, 0.732128336800737]
14700 -2.0670727557363344 0.9287333490304812 0.94 [0.220406587299363, 0.7721781571196357, 0.8752540654581028, 0.012161190122897715] [0.7195934127011168, 0.16782184287989188, 0.06474593454167325, 0.9278388098773184]
14800 -1.1166952318309862 0.5430723167183057 0.88 [0.012650800100163433, 0.8665333061903132, 0.8691458099650725, 0.011670083744450775] [0.8673491998998348, 0.01346669380968646, 0.010854190034928358, 0.86832991625555]
14900 -3.0015072196101347 1.6163167524815782 0.88 [0.3971570316330692, 0.4826846262255686, 0.5097080482097177, 0.3704502939316442] [0.482842968366931, 0.3973153737744306, 0.37029195179028934, 0.5095497060683489]
15000 -1.9438295428534134 0.8675494604976467 0.88 [0.5587601083926178, 0.32051322667129, 0.0111101508043326, 0.8696165141317603] [0.3212398916068475, 0.5594867733291351, 0.8688898491957153, 0.010383485868302218]
15100 -2.0373479164413357 0.9703044986766968 0.86 [0.16611518003300665, 0.700771240581128, 0.43260938151101647, 0.42050419787484805] [0.6938848199664553, 0.15922875941980993, 0.4273906184889897, 0.43949580212474487]
15200 -1.5692011916666582 0.764511695379002 0.84 [0.25109171998880286, 0.6355657731514561, 0.7843630595551154, 0.008979447304624709] [0.5889082800113331, 0.204434226848418, 0.055636940444888525, 0.8310205526953599]
15300 -1.1131074807059738 0.5171089301337356 0.8 [0.01066664392483736, 0.7899690075267006, 0.7880891021133887, 0.011275246435074564] [0.7893333560751661, 0.010030992473336007, 0.011910897886607675, 0.7887247535648894]
15400 0.28716371735309076 -0.20465265896671814 -0.13 [-0.18777359428167592, -0.00017892140292676787, -0.05569775637652835, -0.016349727938868804] [0.057773594278356905, -0.12982107859726746, -0.0743022436199776, -0.11365027206111186]
15500 -1.0611325878648294 0.5347551732142951 0.78 [0.15543224898887925, 0.6249996287222548, 0.772735273943637, 0.0068328483452289365] [0.6245677510091228, 0.155000371279831, 0.007264726056074167, 0.7731671516549712]
15600 -1.3106791209508508 0.728423040161576 0.85 [0.018966565576826695, 0.8338013148545121, 0.8314359058772243, 0.01579621369143679] [0.8310334344247056, 0.016198685147447198, 0.018564094122758473, 0.8342037863050891]
15700 -1.0301933678443582 0.4872293737373372 0.74 [0.01064150516069508, 0.7295902700299061, 0.7286630932309585, 0.011105131578440794] [0.7293584948393047, 0.010409729970094268, 0.011336906769041479, 0.7288948684215594]
15800 0.010060190286812837 -0.09239523545188487 0.02 [-0.0018446020861732015, 0.0204120109415086, 0.024524817419886692, -0.003092226275222105] [0.021844602086173046, -0.0004120109415089956, -0.004524817419886559, 0.0230922262752225]
15900 -0.8716602716493559 0.3578155349325515 0.72 [0.008599272831005233, 0.7135937896783388, 0.7111830820746023, 0.006623855416053767] [0.7114007271645448, 0.00640621003928444, 0.00881691799743845, 0.7133761447987327]
16000 -0.27349901931701454 0.12863474277616402 0.27 [0.08957177006564501, 0.2814984984591846, 0.18400448263953634, -0.015074751164366153] [0.18042822993396299, -0.011498498459849649, 0.08599551736050483, 0.2850747511653817]
16100 -1.9516659530560108 0.7493301242581525 0.67 [0.6600491020467568, 0.3867037408186904, 0.0108452079250679, 0.2824019492094845] [0.009950897953905701, 0.2832962591814083, 0.6591547920742623, 0.38759805079042375]
16200 -0.7985303132565295 0.3620097565364128 0.37 [0.09941290514227483, 0.07165273610973885, 0.2706557685998241, 0.2982785901481624] [0.27058709485680255, 0.29834726389023786, 0.09934423140084217, 0.07172140985211711]
16300 0.20516881041395077 -0.09991926423202965 -0.09 [-0.008199177546940354, -0.004050187855046061, -0.08181059559036014, -0.0859400390076534] [-0.08180082245301502, -0.08594981214495298, -0.008189404409680509, -0.004059960992351584]
16400 -0.2045240174891846 -0.006459882364265413 -0.02 [0.09738312507970619, -0.034020449582800184, -0.04456912846500699, -0.05879354703189879] [-0.11738312507971918, 0.014020449582798755, 0.024569128465030246, 0.038793547031890266]
16500 -0.363621398948782 0.24534742255608127 0.22 [0.21447001736143936, 0.004422037186689944, 0.007151940756753216, 0.21395600469511727] [0.005529982638560309, 0.21557796281330951, 0.21284805924324665, 0.006043995304883386]
16600 -0.39122954121986836 0.32591717742165693 0.42 [0.4196523223581775, 0.007313547314949729, 0.33813636910562567, 0.07489776122124715] [0.0003476776418246848, 0.4126864526850506, 0.08186363089442374, 0.3451022387787009]
16700 0.17548781164207916 -0.007901431175539207 -0.04 [-0.06624506108990459, -0.11879322230643533, 0.0034709497185792045, 0.10156733367776077] [0.02624506109340516, 0.07879322236110571, -0.04347094974193867, -0.14156733371257188]
16800 -0.4529647685387227 0.2742942281006905 0.62 [0.45951945203397815, 0.16401925047094695, 0.008935417252740172, 0.607525880242335] [0.1604805479660263, 0.45598074952905165, 0.6110645827472598, 0.012474119757661783]
16900 -1.8401887195070905 0.8076728063347192 0.98 [0.16424334032741725, 0.8166833714138054, 0.014938033828288528, 0.9641352544304889] [0.8157566596725756, 0.16331662858619547, 0.9650619661716892, 0.015864745569539637]
17000 -0.29733106508697243 0.1067596567058054 0.14 [0.08304462467110703, 0.055917307333968186, 0.0016179554840081737, 0.1394201125109168] [0.05695537532888751, 0.08408269266728997, 0.138382044510273, 0.000579887493549602]
17100 0.05184645644805046 -0.01661453347214943 -0.1 [-0.049619177090651355, -0.0013872148669785563, -0.019474058486971174, -0.12951954955539915] [-0.05038082290937406, -0.09861278513304843, -0.080525941512968, 0.029519549555390174]
17200 -1.0298592037898882 0.4993702277107434 0.58 [-0.01274082750392426, 0.5930462489503258, 0.011346011123007474, 0.5683485674305913] [0.5927408275041799, -0.013046248950517026, 0.56865398887638, 0.011651432569956915]
17300 -0.5658422288028304 0.3737439728782635 0.17 [0.003923173417715393, 0.17501114379621976, -0.06630212008827581, 0.22736780287434047] [0.1660768265843936, -0.00501114379616624, 0.2363021200861924, -0.057367802874419685]
17400 -1.9599304838744718 0.8460551322149412 0.55 [0.07513019663759118, 0.4727733197411867, 0.4982560258325354, 0.05384045778868641] [0.474869803363148, 0.07722668025816493, 0.0517439741662974, 0.49615954221238956]
17500 -0.788039203005383 0.449826964244907 0.22 [-0.011166199016377422, 0.10685719559749379, 0.20632472569578425, 0.13798427772309943] [0.23116619901655674, 0.1131428044049307, 0.013675274303117964, 0.0820157222753946]
17600 -0.730064443796341 0.32087070580745514 0.5 [0.256659227899785, 0.012914866998167445, 0.2365459347835251, 0.4938799703185223] [0.24334077209714158, 0.4870851331120074, 0.2634540652192807, 0.006120029571570067]
17700 0.7475728601500816 -0.2848476392036996 -0.19 [-0.11657108739350418, -0.1509918388012966, -0.0013336642710212526, -0.111103409534178] [-0.0734289126064699, -0.03900816119880569, -0.18866633572900932, -0.07889659046571523]
17800 -1.7390975884608644 0.7960530447748623 0.75 [0.4434581280259687, 0.2996304897582888, 0.008446509648029562, 0.7484648725677124] [0.3065418719740651, 0.450369510241678, 0.7415534903519663, 0.0015351274322907727]
17900 -3.3901858783871184 1.279516751676791 0.76 [0.356462289964486, 0.7192232935499687, 0.2313053261872683, 0.21300909029827736] [0.4035377100355189, 0.040776706450030155, 0.5286946738127316, 0.5469909097017194]
18000 -2.4419831688026297 1.0950004964432585 0.92 [0.6768002009327876, 0.27306004438575915, 0.03022871764990943, 0.8599110370315433] [0.2431997990672129, 0.64693995561424, 0.8897712823500905, 0.06008896296845661]
18100 -0.9132365101712852 0.41891624825816726 0.72 [0.24119286455511857, 0.4784749893516109, 0.2626070064608705, 0.4577251396324003] [0.4788071354586879, 0.2415250106399586, 0.4573929935340732, 0.26227486036728026]
18200 -0.9679895107960899 0.5117239429922038 0.64 [0.011810033243756417, 0.6282750145949499, 0.6266238413977292, 0.013291110763564673] [0.6281899667562455, 0.011724985405048939, 0.013376158602271222, 0.6267088892364341]
18300 -1.5560259617142722 0.8195468718714949 0.7 [0.04745358793096699, 0.6432836364430804, 0.570217636335017, 0.13904513929093557] [0.6525464120690164, 0.05671636355692456, 0.12978236366499923, 0.5609548607090596]
18400 -0.7796427589891863 0.3821567715934935 0.66 [0.008132197589678355, 0.6488895224605278, 0.6538337754217345, 0.009144504528059327] [0.65186780241033, 0.011110477539465535, 0.006166224578292573, 0.6508554954719117]
18500 -1.3343840398034568 0.6425698904395674 0.64 [0.014914066314715162, 0.579312094107205, 0.6315298577127827, 0.05424398186529794] [0.6250859336852846, 0.06068790589279583, 0.00847014228721732, 0.5857560181347018]
18600 -0.5104190745826975 0.25368922200126515 0.56 [0.014258504888715167, 0.5604140178626089, 0.5455060575445194, -0.00017858029584361722] [0.5457414951112843, -0.00041401786260935903, 0.01449394245548139, 0.5601785802958436]
18700 1.036461619974936 -0.5316068916155029 -0.58 [-0.05399078752319795, -0.5358957054676039, -0.5262840305637827, -0.04382947644541502] [-0.5260092124768095, -0.044104294532371816, -0.053715969436209134, -0.5361705235546091]
18800 1.5383503076163205 -0.6259482972801351 -0.59 [-0.11663998855837471, -0.5577789662532057, -0.5001802004851684, -0.0054008447032512005] [-0.47336001144152917, -0.03222103374679198, -0.08981979951492684, -0.5845991552967525]
18900 0.45479846540960106 -0.13278724014182652 -0.2 [-0.20552086102432182, -0.1404287197878301, 0.006691588216915757, -0.060742007404763834] [0.005520861024319378, -0.05957128021210933, -0.2066915882169131, -0.13925799259529692]
19000 1.9705637204319373 -0.8968249927170184 -0.66 [-0.653103036467466, -0.44407554621552864, -0.004989586845139531, -0.21783183047186586] [-0.006896963532534575, -0.21592445378447064, -0.6550104131548596, -0.442168169528135]
19100 -0.31647484351354094 0.2033747461854358 0.19 [0.18328306228675273, -0.005025758875727449, 0.005788476887731487, 0.19595421970124324] [0.006716937713302147, 0.19502575887663157, 0.18421152311214734, -0.005954219702080915]
19200 -1.4754065484306593 0.7640550108046402 0.96 [0.9125050419793389, 0.027392219936751335, 0.05020784307581782, 0.9298948950080913] [0.047494958020654635, 0.9326077800632515, 0.909792156924188, 0.030105104991904743]
19300 -0.8592496268391926 0.36124708090033003 0.66 [0.6533499654624413, 0.007528716402166997, 0.05745521642422822, 0.6016661017111633] [0.006650034537558452, 0.6524712835978329, 0.6025447835757722, 0.05833389828883675]
19400 -0.3312064510998613 0.1914247620270352 0.34 [0.3336163710840914, 0.0031232923240383337, 0.003920410042857179, 0.339339926549013] [0.006383628915908241, 0.33687670767596073, 0.3360795899571428, 0.0006600734509882548]
19500 -1.1830528454639464 0.6443201694160766 0.78 [0.7689704453297965, 0.023542588196035094, 0.06656185892776248, 0.7009251075464057] [0.011029554670203503, 0.7564574118039644, 0.7134381410722369, 0.07907489245359428]
19600 -2.601399726476501 1.4535756068884012 1.0 [0.5845182804731643, 0.4156567137926258, 0.2530312583102988, 0.7467937474239115] [0.41548171956177987, 0.5843432861723402, 0.7469687416869095, 0.2532062525789706]
19700 -0.8938533068344203 0.4042454021104491 0.46 [0.4357003544826023, 0.03219378068445844, -0.01743117404659982, 0.4695370388795384] [0.024299645517426326, 0.427806219315424, 0.47743117404675217, -0.009537038879602652]
19800 -2.6502174634952937 1.2487663434049199 0.68 [0.6686800866422828, 0.04992418986144972, 0.08821472945357542, 0.553180994042692] [0.011319913357929662, 0.6300758101384987, 0.591785270547634, 0.12681900595593765]
19900 -1.9720513261084571 1.0180682728020811 0.88 [0.7365518893502123, 0.02073049325905361, 0.14404813982508852, 0.8586694775656456] [0.14344811064978752, 0.8592695067409558, 0.7359518601748997, 0.021330522434356413]
20000 -1.4850199469080576 0.721025488318842 0.72 [0.41255280523638127, 0.2737692916821648, 0.041784312408808165, 0.7118935906726458] [0.3074471947636026, 0.446230708317835, 0.6782156875912106, 0.008106409327352179]
20100 -2.443571416513441 1.282929120773552 0.96 [0.018478750352524335, 0.8545656110341483, 0.8382257451569349, 0.208729893456393] [0.9415212496472499, 0.10543438899830793, 0.12177425480453839, 0.751270106549904]
20200 -0.9732355104730531 0.3921445029887293 0.74 [0.003946119843973508, 0.7180602483447616, 0.7414780385067794, 0.01651559330448552] [0.7360538801560295, 0.021939751655270748, -0.0014780385067906816, 0.7234844066954905]
20300 -1.2634642304922596 0.5962439462861616 0.92 [0.01604278415738698, 0.9067872307745749, 0.9066269122475288, 0.010543072820509237] [0.9039572158426082, 0.01321276922542377, 0.013373087752477536, 0.9094569271794896]
20400 -0.9674042631027017 0.44783730929679527 0.96 [0.5633772841468382, 0.3960368933358196, 0.9517679932766947, 0.008817829240647071] [0.39662271585316206, 0.5639631066641804, 0.008232006723305457, 0.9511821707593527]
20500 -1.1387930778518138 0.6330677778136053 0.86 [0.8475558330636928, 0.011726347845486079, 0.8182802084645112, 0.04243761062630973] [0.012444166943209682, 0.8482736521476013, 0.04171979137141478, 0.8175623895377746]
20600 -1.111702708813221 0.6079894179854102 0.94 [0.6997007890040743, 0.2843345936458009, 0.8737425672165354, 0.022222050133589098] [0.24029921099590826, 0.6556654063542133, 0.06625743278306466, 0.9177779498668142]
20700 -1.505829644049673 0.7137224059395705 0.94 [0.020215103307038157, 0.8432833540005231, 0.9252439950738574, 0.09125754761858147] [0.9197848966929668, 0.09671664599947573, 0.014756004926138351, 0.8487424523814181]
20800 -1.120148457775128 0.5084334660486775 0.86 [0.010445044797040653, 0.847031751478591, 0.8509918714411357, 0.011531332283232958] [0.8495549552029583, 0.012968248521408926, 0.009008128558865066, 0.8484686677167674]
20900 -0.7736380329943228 0.39783466370968995 0.37 [0.004300646621246958, 0.35910578427670503, 0.36456835296777085, 0.012025216134277306] [0.3656993533787226, 0.010894215723288112, 0.005431647032140984, 0.35797478386584836]
21000 -0.9704679455906303 0.39967971673345504 0.77 [0.007548998258621677, 0.7598845615821024, 0.7856694845027938, -0.013103044343517646] [0.7624510017413781, 0.010115438417898446, -0.015669484502832228, 0.7831030443435552]
21100 -1.199688383550634 0.5969984028616824 0.86 [0.08841817025221932, 0.7712283634256147, 0.8485851682385074, 0.011768298083658068] [0.7715818297477806, 0.08877163657438564, 0.011414831761489674, 0.8482317019163446]
21200 -1.8536698078988305 0.9512275535087151 0.82 [0.3368564047144752, 0.4244985582984341, 0.22198206985493954, 0.6566629671321513] [0.4831435952854292, 0.3955014417016656, 0.5980179301410511, 0.1633370328718538]
21300 -0.7225152842362877 0.39081241891257823 0.6 [0.5928079678247193, 0.011204812378916114, 0.4467258576756595, 0.1492613621207047] [0.007192032175617467, 0.5887951876208528, 0.15327414232366807, 0.45073863787986196]
21400 -1.3086838893309918 0.7194593783856802 0.86 [0.8359248553901995, 0.024223409978591123, 0.06049936896286286, 0.7993523656683469] [0.0240751446098003, 0.8357765900214085, 0.7995006310371366, 0.06064763433165389]
21500 -0.46925996562498473 0.12005045301987659 0.19 [0.17501029331140475, 0.00977061673225292, 0.0005497831301638669, 0.19466930682617803] [0.014989706691013606, 0.18022938326616114, 0.18945021686979824, -0.004669306826973231]
21600 -1.4173698788863442 0.8002246480211253 0.71 [0.6736902911457201, 0.1905129708879685, 0.040869588758605975, 0.5149271492077052] [0.036309708833560675, 0.5194870291127801, 0.6691304112621885, 0.1950728507914706]
21700 -0.7734629809664207 0.29110687563844934 0.31 [0.30524996732971155, 0.00876236248250395, -0.02013384055125981, 0.3261215107390443] [0.004750032670291428, 0.3012376375175028, 0.33013384055125755, -0.01612151073905181]
21800 -0.11363358974087591 0.051959000727370766 0.23 [0.2662309838757557, -0.03684379732537948, 0.004237192615438953, 0.22637562083418472] [-0.03623098387576716, 0.2668437973253784, 0.22576280738454926, 0.00362437916583974]
21900 -1.4681208605651497 0.6727574261117216 0.58 [0.4860750339734638, 0.10244727234853061, 0.008777929188836952, 0.5626997644891684] [0.09392496602653212, 0.47755272765146983, 0.571222070811146, 0.017300235510852333]
22000 -0.9639724376290522 0.42373605421053256 0.58 [0.5104136023626822, 0.06592739234378038, 0.006696427266353797, 0.576962578027184] [0.0695863976375895, 0.5140726076556374, 0.573303572732347, 0.0030374219744261598]
22100 -1.5495467105540095 0.8183197991878255 0.86 [0.8299613789545001, 0.02955312709166003, 0.02911562692055247, 0.8313698670332879] [0.03003862104550229, 0.8304468729083422, 0.8308843730794457, 0.028630132966710627]
22200 -0.3754765145612413 0.1763681731288235 0.4 [0.40538841746169785, -0.0010788494596587173, 0.004438709686355821, 0.39125172231160493] [-0.005388417461598917, 0.40107884945971506, 0.3955612903135924, 0.008748277688291266]
22300 -0.8489799173500419 0.4509292260142139 0.52 [0.506270934547636, 0.01103870634904375, 0.010764830306069373, 0.5119255287972514] [0.013729065452361435, 0.5089612936509551, 0.5092351696939307, 0.00807447120275212]
22400 -0.31709144971504977 0.1795296054898996 0.15 [0.14945439919989226, 0.025244571889269093, 0.00077532176567147, 0.12452570714516735] [0.0005456008001453612, 0.12475542811076348, 0.1492246782342658, 0.025474292854825307]
22500 0.1114648522309326 0.020330635451479215 0.11 [0.1049600185389577, 0.1044538372221975, 0.004692911558672417, 0.0058932326801724895] [0.005039981461043162, 0.005546162777897063, 0.10530708844129816, 0.10410676731976164]
22600 -1.0583797782862805 0.49853079910014436 0.48 [0.12445286469128947, 0.5012890834501419, 0.35641085505756304, -0.022152803198994223] [0.3555471353029037, -0.021289083443286606, 0.12358914494477716, 0.5021528031956055]
22700 -1.7542793593160328 0.7670494604310676 0.55 [0.2723412535614605, 0.559940360738254, 0.2769860261620517, -0.009267640461766032] [0.2776587464387679, -0.009940360738345049, 0.27301397383772935, 0.5592676404618474]
22800 0.11578131645875063 0.024369491643981802 -0.31 [-0.30881804413019526, -0.31385041987409606, -0.0011896627762522849, 0.003858126780543988] [-0.0011819558698023013, 0.0038504198741008376, -0.3088103372237498, -0.31385812678054925]
22900 0.08534498112213358 -0.023453968767844557 -0.16 [-0.1606962017926522, -0.15833298239955074, 0.0006930739262686862, -0.001663889734065782] [0.0006962017927273634, -0.0016670176004734475, -0.16069307392634463, -0.15833611026590919]
23000 0.07851288621663977 -0.051431207544345325 -0.34 [-0.33621337866321743, -0.33858612924815, -0.02637559523512562, 0.021175103146492975] [-0.0037866215028730123, -0.0014138705837120132, -0.3136244047688685, -0.3611751031445468]
23100 -1.2914659561789186 0.5587003982436065 0.98 [0.02026025155192282, 0.9691087692034529, 0.9609251774907606, 0.0097058017538639] [0.9597397484479199, 0.010891230796671885, 0.019074822509207244, 0.9702941982462008]
23200 -0.4124585089797008 0.22311820594088502 0.26 [0.0027560420550974403, 0.25154164920145394, 0.25666119739779886, 0.009041111345649569] [0.2572439579449013, 0.008458350798544538, 0.003338802602202715, 0.2509588886543511]
23300 1.5138086783867086 -0.7131268177538886 -0.5 [-0.3118487915741644, -0.4965332736814751, -0.18706697531091815, -0.004550959433441958] [-0.18815120842580377, -0.0034667263185447165, -0.3129330246891179, -0.49544904056653366]
23400 -0.10961530718789371 -0.030693463633786004 0.34 [0.00024193387821352374, 0.39219609781636644, 0.3391112047587054, -0.051549236453285296] [0.33975806612178694, -0.05219609781636476, 0.0008887952412944415, 0.39154923645328343]
23500 -2.224798606245402 1.2226911250616843 0.9 [0.15849626997302205, 0.6175573407139262, 0.8838442178666197, 0.14010217144643144] [0.7415037300269752, 0.2824426592860536, 0.01615578213337988, 0.7598978285535916]
23600 -1.0515512562022031 0.4624722288413218 0.3 [0.10185309677920124, 0.29085407231146054, 0.19645247144168562, 0.010840359467652444] [0.19814690322026163, 0.009145927688509563, 0.10354752855882321, 0.28915964053240545]
23700 0.9372060818101485 -0.44766707125313326 -0.5 [-0.4958806586810078, -0.3418727443981159, -0.0027250793467060723, -0.1595215175741702] [-0.004119341318999031, -0.1581272556018687, -0.4972749206532869, -0.34047848242584555]
23800 0.16651994176279522 -0.024131946494480486 -0.31 [-0.31261247423730937, -0.3077082643805158, 0.002618385231515904, -0.002297646613690852] [0.002612474237653291, -0.00229173561956728, -0.31261838523187324, -0.3077023533862129]
23900 -1.1017166816244284 0.561466062871926 0.79 [0.19149695388471366, 0.779806034654515, 0.10016104315867609, 0.5085359683020946] [0.5985030461233263, 0.010193965339793458, 0.6898389568378637, 0.2814640316990167]
24000 -0.5896077627716284 0.27054874470843737 0.92 [0.005957487464223039, 0.9140411763042557, 0.0056981393421211, 0.9143031968894009] [0.9140425125357777, 0.0059588236957445525, 0.9143018606578779, 0.005696803110599961]
24100 -1.4457712021037112 0.7560342402251926 1.0 [0.006251645474837278, 0.9941384182426196, 0.16917858335947364, 0.8304313529230689] [0.9937483545251621, 0.005861581757378802, 0.8308214166405307, 0.16956864707692776]
24200 -0.8199404825231449 0.38860109516993274 0.49 [0.05649056942818929, 0.4884916002034911, 0.1997820752943867, 0.23523575507393246] [0.4335094305718109, 0.0015083997965049361, 0.29021792470561253, 0.25476424492607147]
24300 0.4714328435293934 -0.1890074635893877 0.06 [0.1725442839096862, 0.05776557510911692, -0.11119635410642768, 0.0008864950876245639] [-0.11254428391630876, 0.002234424892732966, 0.1711963541130194, 0.059113504910556725]
24400 0.12436568598235334 -0.017877595742928208 -0.28 [-0.08629157821384607, -0.27746890924430895, -0.19508005684287533, -0.0011594556989694845] [-0.1937084217862713, -0.002531090755632284, -0.08491994315701136, -0.2788405443010851]
24500 0.8790309031027358 -0.4586684845773814 -0.47 [-0.43113414066057615, -0.46289534843818964, -0.038907126622965874, -0.007063384278268179] [-0.038865859339423464, -0.0071046515618104775, -0.431092873377034, -0.46293661572173206]
24600 -0.2590251282556066 0.26757271863297477 0.44 [0.15185114747058798, 0.33351271904143176, 0.3538543401246211, 0.040781793363359214] [0.2881488525326168, 0.10648728084616961, 0.08614565987073992, 0.39921820675047365]
24700 -0.9457988497820731 0.39812159847173967 0.66 [0.6499163901655157, 0.009833067969532283, 0.03303896724305853, 0.6272115746218934] [0.010083609834487021, 0.6501669320304679, 0.62696103275694, 0.03278842537810517]
24800 0.0987022971542082 -0.13322600801711248 0.06 [0.20109741065183193, 0.008243713742957267, -0.1495296094678348, 0.060188485073045535] [-0.14109741069896273, 0.05175628625565602, 0.20952960949919266, -0.00018848505588587355]
24900 -1.2661975248534472 0.5744878557644059 0.68 [0.6452957984395673, 0.011799371402605943, 0.03601718066955837, 0.6668876494882688] [0.0347042015604315, 0.668200628597394, 0.6439828193304434, 0.013112350511731475]
25000 -0.8132184464391413 0.3450071112419761 0.2 [0.1955885771383611, 0.0025980231109130007, 0.07655570940541079, 0.1252576903453151] [0.00441142286152647, 0.1974019768897082, 0.12344429059378059, 0.07474230965498474]
25100 -1.1393132599067968 0.5533557305414398 0.64 [0.20785912341600438, 0.4318757832257976, 0.5745511190066253, 0.06571397435157314] [0.4321408765839966, 0.2081242167742089, 0.06544888099336565, 0.5742860256484286]
25200 -1.5380095812142764 0.7816241794874954 0.84 [0.021915099158147034, 0.8280556636105635, 0.8124677718144194, 0.017561465416869395] [0.818084900841853, 0.011944336389435985, 0.027532228185580324, 0.8224385345831309]
25300 -0.9868763618050752 0.4585095703597842 0.68 [0.011796907054679815, 0.6681002570304665, 0.6717842097976633, 0.00831862611719022] [0.6682030929403281, 0.011899742969351304, 0.008215790207289414, 0.671681373883031]
25400 -0.8035676234989098 0.38259577030530084 0.54 [0.005844079769686855, 0.37572969035040665, 0.5295287572077041, 0.16889747267220245] [0.5341559202303219, 0.16427030964973702, 0.010471242792277253, 0.3711025273276637]
25500 -1.1413870783501674 0.5500415458834902 0.78 [0.01918785104657823, 0.7663352691767666, 0.749485343928978, 0.024991535847677052] [0.7608121489534243, 0.013664730823221673, 0.030514656071031886, 0.7550084641523226]
25600 -0.813070067479453 0.42647408171235296 0.52 [0.0067864706669749945, 0.12438172196656533, 0.5134510580211454, 0.3953807493453143] [0.5132135293336844, 0.3956182780168931, 0.006548941978076883, 0.12461925067134583]
25700 -1.4271012398273688 0.7330917105612048 0.84 [0.5542459353523655, 0.02146604799517077, 0.28405924624092665, 0.8202287704115361] [0.28575406464762915, 0.8185339520048263, 0.555940753759083, 0.01977122958846142]
25800 -1.2702628201772013 0.6123181369306014 0.86 [0.8377610179593874, 0.0223878033029418, 0.012265463148420554, 0.847585715589251] [0.022238982034938796, 0.8376121967030395, 0.8477345368506285, 0.01241428441139426]
25900 0.678530398690071 -0.29770519876342955 -0.24 [-0.23233197745748893, -0.04799988092655092, -0.0020874061229847088, -0.19758073549297553] [-0.007668022541715832, -0.1920001190737886, -0.23791259387699104, -0.042419264507504495]
26000 -1.1073282662970043 0.5607357282514055 0.72 [0.7254959144299478, 0.017751594271566817, -0.0018068476888206347, 0.6985593389873059] [-0.005495914430006068, 0.702248405728473, 0.7218068476888257, 0.021440661012706922]
26100 -0.29671493188917786 0.18983017631527793 0.07 [0.042768442539530875, 0.023013273184924805, 0.005287461957889654, 0.06893082231765454] [0.02723155746048839, 0.04698672681506724, 0.0647125380421105, 0.0010691776823338944]
26200 0.3376720589596258 -0.08387723782558322 0.06 [0.1748415459545667, -0.06783810452072143, -0.1023287777783606, 0.1153253363445153] [-0.11484154595459405, 0.12783810452072064, 0.16232877777837307, -0.055325336344499335]
26300 0.7692251632737753 -0.34667144430341507 -0.24 [-0.23793941854061004, 0.0970984941048662, -0.0014452537030949, -0.33771382186116156] [-0.002060581459261779, -0.3370984941039806, -0.23855474629708176, 0.09771382186032415]
26400 0.5225295667014697 -0.21643887456617414 -0.07 [-0.02023433425370661, -0.00355251333723136, -0.05047243622640192, -0.06574071618266014] [-0.04976566574639674, -0.06644748666275722, -0.019527563773690214, -0.004259283817155848]
26500 -1.150078153947313 0.6353181013010414 0.38 [0.3761549196995646, 0.07326774349285785, 0.004799224039813501, 0.30577811276776373] [0.0038450803004338435, 0.30673225650714236, 0.37520077596019036, 0.07422188723223329]
26600 -0.8375613012094343 0.37798540262950936 0.6 [0.2299734946385713, 0.37001325775991456, 0.030081666827084016, 0.56993158077443] [0.37002650536143455, 0.22998674224009746, 0.569918333172909, 0.030068419225558668]
26700 -0.7925942449135859 0.4494485745300294 1.0 [0.0113442160475823, 0.9886574660632124, 0.010007840530233361, 0.9899904773589718] [0.988655783952431, 0.011342533936773218, 0.9899921594697169, 0.010009522641078555]
26800 -0.9093789145982357 0.3643796428973933 0.63 [0.28860691557536083, 0.3441939646656392, 0.0011148151501530982, 0.626084304608847] [0.34139308442458627, 0.2858060353344078, 0.6288851848496975, 0.003915695391308267]
26900 0.11531116900421261 -0.12898651051529086 -0.07 [-0.0690091049431825, -0.003988835907023244, -0.0044150083628897935, -0.06258705078690449] [-0.000990895056817502, -0.06601116409297525, -0.06558499163711021, -0.007412949213096558]
27000 -0.8849585349904134 0.4570897023479707 0.46 [0.445824069718437, 0.022714233999385988, 0.03116580151982905, 0.42029589476234813] [0.014175930281576606, 0.437285766000614, 0.4288341984802982, 0.03970410523751154]
27100 -0.10578433722747667 0.1407546121974184 0.23 [0.34966642015699706, -0.013496109558478027, -0.2351175879142925, 0.35894727731577425] [-0.11966642015699663, 0.24349610955847814, 0.46511758791429325, -0.1289472773157742]
27200 0.8617587058501858 -0.37980828367974384 -0.19 [-0.0688939411746482, -0.11958450137596265, -0.19023136040491195, -0.0012901970444774483] [-0.12110605882546122, -0.07041549862392683, 0.00023136040503096022, -0.18870980295564282]
27300 -1.5060275832334709 0.6510509670217699 0.73 [0.7253159052069897, 0.0051461595897521065, 0.20282536545258814, 0.5267125697506697] [0.004684094793010232, 0.7248538404102495, 0.5271746345474069, 0.20328743024933335]
27400 -1.4977464814524764 0.6244001208154798 0.65 [0.17866289550545073, 0.42512245074065014, 0.05357254814768425, 0.6426421056062154] [0.471337104494552, 0.22487754925934716, 0.5964274518523145, 0.0073578943937860205]
27500 -0.8310396260246169 0.4047824905557134 1.0 [0.010553401074810589, 0.9894432406896305, 0.00922837518959467, 0.9907749830459645] [0.9894465989110973, 0.010556759318943449, 0.9907716248123584, 0.00922501695760096]
27600 -1.6427622093051397 0.8883420627655876 1.0 [0.009637319512772247, 0.9919921696715273, 0.2534225032566051, 0.744948007559096] [0.9903626804816308, 0.00800783033654739, 0.7465774967472615, 0.25505199243456034]
27700 -1.4099470403392254 0.760620482800555 0.92 [0.021647047215587835, 0.8984883660042113, 0.7844226394044869, 0.1354419473757134] [0.8983529527844076, 0.021511633995788065, 0.13557736059551367, 0.7845580526242897]
27800 -1.8442895000583246 0.8258110399370431 0.76 [0.12410366076704521, 0.6338395841824678, 0.7414047403984376, 0.020652014652049373] [0.6358963392329524, 0.12616041581750245, 0.018595259601562976, 0.7393479853479826]
27900 -1.4320699259041316 0.7528325649541746 0.82 [0.32654535482759284, 0.49319333967007783, 0.8084330479426266, 0.011828257559702729] [0.49345464517287463, 0.3268066603370562, 0.01156695203886879, 0.8081717424511996]
28000 -1.6149805371933583 0.7414132512371582 0.66 [0.14046767845252142, 0.5677095772193484, 0.6041509572494644, 0.0076717870786656575] [0.5195323215474786, 0.09229042278065165, 0.055849042750534886, 0.6523282129213342]
28100 -1.3564758069771494 0.649346111256154 0.98 [0.026316964846330722, 0.9674870775504661, 0.9546259921036157, 0.011569965499588228] [0.9536830351536261, 0.012512922449534473, 0.025374007896427627, 0.968430034500411]
28200 -2.5946628246784744 1.025139975162889 0.94 [0.09904050237809586, 0.8432093060243855, 0.17855577308819826, 0.7591944185093211] [0.8409594976219035, 0.09679069397561302, 0.7614442269118034, 0.1808055814906798]
28300 -0.18700099861863936 0.14599159296020187 0.32 [0.008571103248734257, 0.28545198185187304, -0.09504881301212123, 0.4410257279115138] [0.3114288967512686, 0.034548018148123597, 0.41504881301153757, -0.12102572791092969]
28400 -1.1110852861271716 0.4878802515412037 0.84 [0.01752657013307443, 0.8241092403698569, 0.8303722186777072, 0.0079919708193619] [0.822473429866916, 0.015890759630103134, 0.009627781322302765, 0.8320080291806772]
28500 -1.0874253818748256 0.4193134947739701 0.38 [0.14055726094926008, 0.24260425667822436, 0.3693604525781638, 0.0074780297943518835] [0.23944273905074465, 0.13739574332225016, 0.010639547421654698, 0.37252197020535044]
28600 -0.9489504510413375 0.4600831477284551 0.66 [0.011962378304771067, 0.6479077426139577, 0.6523838591684988, 0.007746019912772645] [0.6480376216952279, 0.01209225738604484, 0.007616140831501142, 0.6522539800872262]
28700 -2.153537995812701 0.930957175523483 0.84 [0.2308160039402307, 0.6462105068283498, 0.49351137424093083, 0.30946211499048876] [0.6091839960597709, 0.1937894931716505, 0.3464886257590683, 0.5305378850095103]
28800 -1.500097505635538 0.7775917901149206 0.96 [0.3272605720705185, 0.9076368233149914, 0.6329600687169704, 0.05214253589752113] [0.6327394279293577, 0.05236317668468291, 0.3270399312834576, 0.9078574641025011]
28900 -1.5298152464344066 0.6370786225772425 0.84 [0.00920114901659917, 0.8288246272493179, 0.7025328871466603, 0.1394413365874219] [0.8307988509834056, 0.011175372750673046, 0.13746711285334348, 0.7005586634125781]
29000 -1.1730226528694288 0.5514216457825204 0.92 [0.011926259597653891, 0.9079705217159045, 0.9076458502775112, 0.012457368408930023] [0.9080737404023462, 0.012029478284095538, 0.012354149722488408, 0.9075426315910698]
29100 -0.3528336784655274 0.19563464845810807 0.26 [0.003273342096196734, 0.25519546808022403, 0.2562148247856919, 0.005316365037887306] [0.2567266579039595, 0.004804531926378074, 0.0037851752140677843, 0.25468363495559465]
29200 -2.41932707862708 1.1315085008331112 0.92 [0.014935834746177361, 0.8773498887704452, 0.824676427550108, 0.12303784893327023] [0.9050641652546679, 0.04265011122791452, 0.09532357245079683, 0.7969621510666209]
29300 -1.4701100364883442 0.6953726780106976 0.94 [0.03812402327799865, 0.901221964754183, 0.9229629108877441, 0.017691101080073626] [0.9018759767219636, 0.03877803524581302, 0.017037089112292805, 0.9223088989199302]
29400 -2.067717549872348 0.9283698481517436 0.98 [0.04511307287583527, 0.9380724334444609, 0.9627698245035766, 0.014044669176127005] [0.9348869280323099, 0.041927565640522746, 0.017230175532796158, 0.9659553307943713]
29500 -0.43037824802280733 0.20274767129831145 0.28 [0.0043850644551566755, 0.30443074991738894, 0.276269902162478, -0.02508571653502345] [0.27561493554485667, -0.024430749917398128, 0.0037300978375082593, 0.3050857165350329]
29600 -1.866766246294894 1.0095567762695188 0.76 [0.022197340031020515, 0.6158294382809525, 0.7016191120666845, 0.1803541096213423] [0.7378026599689987, 0.14417056171903092, 0.058380887933318346, 0.5796458903786516]
29700 0.770983856594544 -0.388111462424094 -0.23 [0.002786734987799672, -0.12483063775564669, -0.22927742834782047, -0.10867866888433252] [-0.23278673498779903, -0.10516936224435393, -0.0007225716521793954, -0.12132133111566767]
29800 -0.8017133590647313 0.4337833776382032 0.55 [0.01127113112124664, 0.453994902920516, 0.5363509963490035, 0.09838296960923403] [0.5387288688787543, 0.0960050970794858, 0.013649003650996938, 0.4516170303907633]
29900 -0.7800371689312823 0.36927769409894684 0.6 [0.011990840062488446, 0.36934411511565274, 0.5867136009648722, 0.2319514438569869] [0.58800915993732, 0.23065588488424527, 0.013286399035304399, 0.36804855614313114]
30000 -2.4890742553134775 1.1759773979913763 0.72 [0.5538639395306352, 0.46290095359040956, 0.1671668681908365, 0.25606823868811895] [0.16613606046935422, 0.25709904640960707, 0.552833131809169, 0.46393176131186964]
