E0 -19.256770552294093
Ek0 -27.207719325273896
EV0 7.950948772979807
E_GS -21.208098533299765
Ek_GS -30.356327556772445
EV_GS 9.148229023472647
nup0 [0.4859949280609314, 0.34511688332221946, 0.41215575720573455, 0.44396035270249595, 0.1978034030992313, 0.33439145653558877, 0.4661157536734733, 0.19144880104451978, 0.10801422657731735, 0.24000540423394523, 0.29612974112568174, 0.5654357741017613, 0.39456743405701517, 0.4306058858957222, 0.4156083943162951, 0.09217949522641715, 0.4934034270924825, 0.5181226271495178, 0.413555904484857, 0.759729163704687, 0.637605380590124, 0.48002965095979144, 0.4985017805348148, 0.6623668644876965, 0.6060161136656894, 0.5557906683778218, 0.4102530728601051, 0.3924339607189872, 0.6902570841206844, 0.530228559650002, 0.4430603787103415, 0.48911167171407466]
ndn0 [0.4826316282412166, 0.6237532375737752, 0.5483185271107044, 0.5275278507707556, 0.73509650261241, 0.548148290382796, 0.4323203911411201, 0.7512872159031565, 0.760640487149286, 0.5585438762949095, 0.6171006410360231, 0.38178408723393686, 0.47654300493641283, 0.43866988969974396, 0.43701174964390044, 0.8504663751333887, 0.3772687986681499, 0.3164981350552114, 0.4167544970332987, 0.112327651950598, 0.1850903370185428, 0.29667701544895175, 0.2738680306970532, 0.13974754062203268, 0.2211077562679496, 0.2807415764935445, 0.40761491059908467, 0.4299292049684602, 0.18746498574635642, 0.317638238030653, 0.44699965242728973, 0.4204279141093103]
nup_GS [0.6609317131043807, 0.29535309200948084, 0.6575716488169796, 0.28588703282957234, 0.29950243955849987, 0.6323337007298366, 0.2746147435011891, 0.6407415361040729, 0.49913882545946775, 0.3145583124317388, 0.524847253314429, 0.2817977115160602, 0.39001313081804384, 0.39752027007021545, 0.3353207852520203, 0.5130584541621065, 0.32320529916804847, 0.43521251545495476, 0.3683433886244436, 0.4254674414628115, 0.5721659173593501, 0.3048678958290992, 0.4869873299639483, 0.3405839653214148, 0.2875108451097071, 0.6311814338737002, 0.2865574129115193, 0.6094380209897612, 0.670214879796691, 0.30192673818946386, 0.6535747176711403, 0.2995715485958653]
ndn_GS [0.2963400162785274, 0.6599384412740058, 0.2988682348733767, 0.6739784086025189, 0.6174669208550038, 0.2799547773641463, 0.6404458759563678, 0.2860718772775574, 0.33683395236717456, 0.49900995344265303, 0.3003976446685426, 0.5791944232720798, 0.4288247713542474, 0.36647491350814565, 0.4406250456420987, 0.3194884377409281, 0.5064304565815144, 0.3376944462883381, 0.3941777122749321, 0.39270859559224, 0.28605694304645557, 0.5162805869217382, 0.3194209569086671, 0.49116688566004735, 0.6359908484189777, 0.27886969581227494, 0.6199813857715709, 0.3034500700320883, 0.2866500437416547, 0.6516960380574278, 0.2997462283511475, 0.6557654120635628]
