step Ek EV sign nup ndn
100 -1.1737355745209865 0.6804242791141353 0.8266666666666667 [0.2552477949550231, 0.11628392651152351, 0.5135633832274384, 0.7682382286393477] [0.5718732504017583, 0.7100436684768529, 0.31261279150213234, 0.0588036229525902]
200 -1.33572937052279 0.7594925422519186 0.98 [0.4709538682369279, 0.5105792798502401, 0.18416383732090935, 0.7943030145919225] [0.5090461317630712, 0.46942072014976, 0.7958361626790903, 0.18569698540807747]
300 -0.9365311494591505 0.5161308060270225 0.9733333333333334 [0.952597213203272, 0.014223614258465718, 0.8833710535207452, 0.0964747856841836] [0.020736120130061295, 0.9591097190748674, 0.08996227981258796, 0.8768585476491498]
400 -1.4660567036165413 0.7607834097580447 0.9266666666666666 [0.02633341612255975, 0.9006423804150882, 0.8214101563549167, 0.1049473804407688] [0.9003332505441068, 0.02602428625157847, 0.10525651031175001, 0.8217192862258978]
500 -1.339988458688134 0.6384744573427293 0.8266666666666667 [0.08775844023281079, 0.3340513178374431, 0.724744737143791, 0.5067788381192886] [0.7389082264338559, 0.492615348829224, 0.10192192952287599, 0.3198878285473779]
600 -1.3322167211135687 0.7055739368046988 0.8866666666666667 [0.4872906701732219, 0.8275683551925493, 0.2284282314031829, 0.23004607656437884] [0.39937599649344496, 0.059098311474116955, 0.6582384352634838, 0.6566205901022881]
700 -1.5928021619723618 0.7458538794493056 0.9066666666666666 [0.11175490994552272, 0.8078847082124657, 0.7887093380184035, 0.10498437715694196] [0.7949117567211436, 0.09878195845420104, 0.11795732864826346, 0.8016822895097243]
800 -1.1554939599177199 0.6042287722841806 0.88 [0.6447641759188518, 0.6627883523420988, 0.05427430330089334, 0.3981731684381564] [0.23523582408114843, 0.21721164765790144, 0.8257256966991066, 0.48182683156184375]
900 -1.5542761540486163 0.8123516159105324 0.9066666666666666 [0.3041283633915458, 0.6711483006027228, 0.7856132231680444, 0.05244344617101977] [0.6025383032751208, 0.23551836606394383, 0.1210534434986216, 0.8542232204956474]
1000 -1.6213897219230315 0.813469878385905 0.9466666666666667 [0.0993712389004944, 0.7253782399905075, 0.6321143768781944, 0.43646947756413834] [0.8472954277661722, 0.2212884266761599, 0.31455228978847277, 0.5101971891025285]
1100 -1.5476042274668327 0.7837884685095446 0.92 [0.2724497011699476, 0.8199626233876661, 0.7156168900031699, 0.03197078543921717] [0.6475502988300531, 0.10003737661233442, 0.20438310999683046, 0.8880292145607834]
1200 -1.5555311232536515 0.8489842346901098 0.8333333333333334 [0.6200859620293517, 0.30527471237277826, 0.10863390716933637, 0.6326720850952012] [0.21324737130398208, 0.5280586209605549, 0.7246994261639967, 0.20066124823813272]
1300 -1.2031331241911798 0.6443981114712136 0.98 [0.04681534645557404, 0.8872177332567461, 0.4885092627456014, 0.5374576575420785] [0.9331846535444261, 0.09278226674325411, 0.4914907372543983, 0.442542342457922]
1400 -1.431581277700407 0.6427500743033238 0.8266666666666667 [0.4933995712955765, 0.6378029631058572, 0.33844183478636425, 0.18368896414553545] [0.33326709537108995, 0.18886370356080973, 0.48822483188030236, 0.6429777025211312]
1500 -1.551142338677104 0.843125913263965 0.9733333333333334 [0.9249353269849027, 0.043332310255389646, 0.022574770542211794, 0.9558242588841608] [0.048398006348430105, 0.9300010230779433, 0.950758562791122, 0.01750907444917144]
1600 -1.381238400129825 0.7490670831350739 0.9066666666666666 [0.774585844721976, 0.13147211779873277, 0.018094332722477985, 0.8891810380901463] [0.13208082194469134, 0.7751945488679343, 0.8885723339441894, 0.01748562857651966]
1700 -1.3575031128449602 0.689796273829312 0.8266666666666667 [0.1862579461708674, 0.46158737929883054, 0.6935444270586117, 0.31194358080502377] [0.6404087204957987, 0.36507928736783585, 0.13312223960805541, 0.5147230858616432]
1800 -1.3455985506003838 0.7420267814582661 0.92 [0.08348053403114318, 0.7996757557331695, 0.89995170407578, 0.056892006159908325] [0.8365194659688571, 0.12032424426683107, 0.02004829592422034, 0.8631079938400914]
1900 -2.178573715984528 1.0947650090297822 0.9066666666666666 [0.2519055497774383, 0.5491527423468081, 0.8171342861878841, 0.1951407550212035] [0.6547611168892283, 0.357513924319859, 0.08953238047878237, 0.7115259116454634]
2000 -1.550307802077083 0.7511891607479564 0.9 [0.293789644401933, 0.4757354625498855, 0.6211564046792925, 0.40931848836888846] [0.6062103555980659, 0.4242645374501142, 0.2788435953207076, 0.49068151163111184]
2100 -1.4181626998538424 0.7410694158450392 0.9533333333333334 [0.1507733319590588, 0.8283994307904449, 0.34233396352003853, 0.5851599403971242] [0.8025600013742747, 0.12493390254288823, 0.6109993698132942, 0.3681733929362094]
2200 -1.5783839961486532 0.8898052619982779 0.9333333333333333 [0.06184334812218014, 0.6743670889895398, 0.9214060582546244, 0.20905017130032377] [0.8714899852111527, 0.2589662443437941, 0.011927275078709797, 0.7242831620330098]
2300 -1.2662190412371461 0.5930808716228676 0.9733333333333334 [0.7921445133200561, 0.18193462836948796, 0.8988555723348381, 0.0737319526422842] [0.18118882001327669, 0.7913987049638459, 0.07447776099849503, 0.8996013806910497]
2400 -1.457108201904331 0.7145527930674511 0.9 [0.778785909011571, 0.10938186189628774, 0.37831918934241093, 0.5335130397497296] [0.12121409098842863, 0.790618138103712, 0.521680810657589, 0.3664869602502698]
2500 -1.217590390422327 0.6302680719617119 0.8666666666666667 [0.4667048771272178, 0.6564921237475063, 0.39802874874564464, 0.21210758371296468] [0.39996178953944894, 0.21017454291916035, 0.4686379179210219, 0.6545590829537019]
2600 -1.6534776368819326 0.7816587104054402 0.9133333333333333 [0.18085193492056148, 0.7232060673946521, 0.7274276955829017, 0.19518096876855048] [0.7324813984127725, 0.19012726593868068, 0.18590563775043104, 0.7181523645647826]
2700 -1.6053676005962605 0.8669672600214336 0.96 [0.5428366235428981, 0.4170770742147714, 0.09197344624491725, 0.8681128559974138] [0.41716337645710233, 0.5429229257852282, 0.8680265537550823, 0.09188714400258655]
2800 -1.810943835981304 0.8879752061782674 0.9133333333333333 [0.48908700360210977, 0.47539355669434824, 0.26359206412087693, 0.5985940422493313] [0.4242463297312231, 0.4379397766389848, 0.6497412692124568, 0.3147392910840019]
2900 -1.155822938626891 0.5824895884190008 0.8466666666666667 [0.4646261764116224, 0.7651865823477841, 0.14596064519307905, 0.3175599293808469] [0.3820404902550436, 0.0814800843188824, 0.7007060214735875, 0.5291067372858201]
3000 -1.3611136468677358 0.6777240571423709 0.8533333333333334 [0.13526435560296263, 0.835356103451611, 0.7202423631717741, 0.01580384444031951] [0.7180689777303709, 0.017977229881722775, 0.13309097016155932, 0.8375294888930142]
3100 -1.6973279273192188 0.8777394759671262 0.9133333333333333 [0.02374989619011254, 0.8977504698500405, 0.8065439277602906, 0.09862237286622291] [0.8895834371432206, 0.01558286348329269, 0.10678940557304266, 0.8147109604671107]
3200 -1.1960848375376447 0.61544235796613 0.86 [0.34369365117021405, 0.7921717467381012, 0.5184551085925874, 0.0656794934990982] [0.5163063488297858, 0.06782825326189935, 0.3415448914074125, 0.7943205065009024]
3300 -1.6437809869517208 0.7581497955023934 0.92 [0.22619038383609444, 0.5147249245257258, 0.6475447183783138, 0.45153997325986545] [0.6938096161639055, 0.40527507547427355, 0.272455281621686, 0.46846002674013487]
3400 -1.358366177497781 0.6950225844835174 1.0 [0.9891096831756039, 0.009384216355405523, 0.6357274021416166, 0.3657786983273745] [0.010890316824396073, 0.9906157836445946, 0.3642725978583836, 0.6342213016726258]
3500 -1.59957366048105 0.8157982674032114 0.9133333333333333 [0.15053695721188678, 0.7683150705975991, 0.37658008331939813, 0.5312345555377832] [0.7627963761214467, 0.14501826273573465, 0.5367532500139347, 0.38209877779555057]
3600 -1.479895383108424 0.6500941083069416 0.94 [0.08241044948343534, 0.6870492258698242, 0.845957719544929, 0.26458260510181136] [0.8575895505165649, 0.2529507741301761, 0.09404228045507074, 0.6754173948981885]
3700 -1.3053446405529696 0.7087834783410213 0.8933333333333333 [0.2866277475568687, 0.6598994217735628, 0.8165272075135213, 0.023612289822713784] [0.6067055857764644, 0.2334339115597704, 0.07680612581981199, 0.8697210435106202]
3800 -1.3623511376664632 0.6962774231070381 0.92 [0.43550878724835446, 0.5061083376079046, 0.8681673024330614, 0.03021557271067951] [0.48449121275164536, 0.4138916623920951, 0.05183269756693847, 0.88978442728932]
3900 -1.9178784578635293 0.8883622398740649 0.96 [0.5882576920914285, 0.355083206752812, 0.6347060137744223, 0.3419530873813379] [0.3717423079085717, 0.6049167932471883, 0.3252939862255779, 0.6180469126186628]
4000 -1.9754427057144581 0.9580779292920912 0.8533333333333334 [0.06628057471190081, 0.6957409658792821, 0.6796520726207149, 0.2649930534547694] [0.7870527586214324, 0.15759236745405153, 0.17368126071261847, 0.5883402798785641]
4100 -1.32883609698631 0.6828410433253198 0.9066666666666666 [0.10137725492272041, 0.6808647213782663, 0.8565872133083904, 0.17450414372395573] [0.8052894117439463, 0.22580194528839997, 0.05007945335827596, 0.7321625229427108]
4200 -1.6996821332631016 0.8368506702377514 0.9466666666666667 [0.08087554761328895, 0.8621358324880024, 0.9363840641263033, 0.013937889105738904] [0.8657911190533776, 0.08453083417866422, 0.010282602540363587, 0.9327287775609282]
4300 -1.7700230561593393 0.7452116124629597 0.8933333333333333 [0.11255319710691104, 0.7336259867319788, 0.8836461687417635, 0.05684131408601297] [0.7807801362264225, 0.15970734660135383, 0.009687164591569849, 0.8364920192473204]
4400 -2.1936169660824354 1.082229425898889 0.9066666666666666 [0.5669897227059291, 0.3969083761777767, 0.3080602631018758, 0.5413749713477519] [0.3396769439607382, 0.5097582904888895, 0.598606403564791, 0.3652916953189148]
4500 -1.5907837312783804 0.8375809536968312 0.8666666666666667 [0.16572908260144323, 0.7979583419227526, 0.708586679844036, 0.06105922896510098] [0.7009375840652234, 0.06870832474391393, 0.15807998682263028, 0.8056074377015658]
4600 -1.5683943367786601 0.7793896445978248 0.96 [0.7880554358745039, 0.2067783069406961, 0.7191174488001079, 0.20604880838469192] [0.1719445641254958, 0.7532216930593038, 0.2408825511998924, 0.7539511916153088]
4700 -1.8263845555495117 0.8150476146488345 0.9866666666666667 [0.3264264239081054, 0.6423667975907946, 0.9157327334834611, 0.08880737835097298] [0.6602402427585606, 0.34429986907587307, 0.07093393318320564, 0.8978592883156942]
4800 -1.505012976560226 0.7574916651646778 0.9466666666666667 [0.6577174670318728, 0.26762053395730817, 0.6928468476870728, 0.27514848465708064] [0.28894919963479393, 0.6790461327093585, 0.2538198189795945, 0.6715181820095864]
4900 -1.4655946799816162 0.7435771684903831 0.8933333333333333 [0.22038882577747634, 0.7479538747457769, 0.8088738841081191, 0.009450082035294346] [0.672944507555857, 0.14537945858755663, 0.08445944922521412, 0.8838832512980387]
5000 -1.4529104364542598 0.6625385792488275 0.96 [0.1125684363134971, 0.8570767405542647, 0.9396697046986733, 0.010685118433565519] [0.8474315636865029, 0.10292325944573516, 0.020330295301327336, 0.949314881566434]
5100 -1.7384727050739077 0.9190516170021787 0.9066666666666666 [0.2925462288705119, 0.6615938165883003, 0.8236399698459325, 0.03555331802858781] [0.6141204377961553, 0.24507285007836604, 0.08302669682073346, 0.8711133486380792]
5200 -1.9504599725798701 0.9664169256309384 0.9266666666666666 [0.1919254759873709, 0.9123357847125567, 0.6973048923279185, 0.051767180305486785] [0.7347411906792959, 0.014330881954109656, 0.22936177433874771, 0.8748994863611794]
5300 -0.763999747401153 0.39096550272677927 0.8266666666666667 [0.8034652688219818, 0.6781924713133666, 0.008050846128924842, 0.16362474706905944] [0.023201397844684855, 0.14847419535329925, 0.818615820537742, 0.6630419195976066]
5400 -2.009660458344937 1.092731833253562 0.94 [0.26263432814853166, 0.6849498041880718, 0.5821807319896224, 0.3502351356737744] [0.6773656718514687, 0.25505019581192767, 0.35781926801037817, 0.5897648643262255]
5500 -1.3219127693477686 0.601711166868688 0.9866666666666667 [0.2789620450313055, 0.7100735278240613, 0.07685625946473877, 0.9074415010132277] [0.7077046216353614, 0.27659313884260517, 0.9098104072019286, 0.07922516565343896]
5600 -1.5399707386119357 0.7815538569283143 0.9733333333333334 [0.26105704018662207, 0.7133764357143556, 0.8383876095605362, 0.13384558120515225] [0.7122762931467113, 0.25995689761897717, 0.13494572377279693, 0.8394877521281814]
5700 -1.2615584894745053 0.592656180030125 0.9066666666666666 [0.014825243738100997, 0.8934097914423853, 0.893671337185659, 0.011426960967188813] [0.8918414229285655, 0.013256875224281624, 0.012995329481008112, 0.8952397056994778]
5800 -1.3353884981540338 0.6751187762514042 0.9333333333333333 [0.6250143697175999, 0.3060563303381582, 0.4492179271207115, 0.4863780394901974] [0.3083189636157333, 0.6272770029951753, 0.4841154062126224, 0.4469552938431363]
5900 -2.109101224928023 1.0151959945320617 0.88 [0.8250732956642589, 0.06330481890609191, 0.06098266817950139, 0.8106392172501475] [0.054926704335741136, 0.8166951810939082, 0.8190173318204992, 0.06936078274985234]
6000 -1.248399068247772 0.638487212185959 0.92 [0.8450791238736435, 0.07499368068449785, 0.0232889149638397, 0.8966382804780193] [0.07492087612635677, 0.8450063193155025, 0.8967110850361606, 0.023361719521980902]
6100 -1.227727752611092 0.6990435237107191 0.9 [0.23483518306207374, 0.6120564302326811, 0.3336807690529018, 0.6194276176523439] [0.6651648169379273, 0.28794356976731883, 0.5663192309470987, 0.28057238234765636]
6200 -1.599366897083886 0.7872882672873377 0.86 [0.5307473329175151, 0.4790963023117077, 0.3507461849821788, 0.3594101797885982] [0.32925266708248485, 0.3809036976882924, 0.5092538150178214, 0.5005898202114022]
6300 -1.6180372656306894 0.8750605040122263 0.92 [0.049724819583571896, 0.8735646613147158, 0.8821411777786589, 0.0345693413230538] [0.8702751804164276, 0.04643533868528449, 0.03785882222134105, 0.8854306586769466]
6400 -1.3078309010152727 0.6631529753359454 0.9466666666666667 [0.5240796597352894, 0.42268807471648745, 0.907821379055682, 0.038744219825873866] [0.4225870069313771, 0.5239785919501788, 0.038845287610984554, 0.9079224468407926]
6500 -1.525482729084739 0.7897246332143424 0.9466666666666667 [0.1279398354465164, 0.8161160602257683, 0.6170860595954305, 0.3321913780656175] [0.8187268312201504, 0.1305506064408979, 0.32958060707123643, 0.6144752886010486]
6600 -1.5985479268133067 0.8690082887775171 0.9 [0.5711213437552499, 0.25461102430050303, 0.18509095559242028, 0.7891766763518269] [0.32887865624474966, 0.6453889756994968, 0.7149090444075797, 0.11082332364817372]
6700 -1.759805810161168 0.8088394607335971 0.86 [0.4086544152510474, 0.17670750472670468, 0.6954813265293303, 0.43915675349291716] [0.45134558474895264, 0.6832924952732959, 0.16451867347066884, 0.42084324650708366]
6800 -1.5107136990259684 0.7216687588430807 0.9733333333333334 [0.9556281238016553, 0.1894095536172285, 0.1675516830465719, 0.6340773062012112] [0.017705209531678152, 0.783923779716105, 0.8057816502867613, 0.33925602713212194]
6900 -1.1897978468875896 0.5837561412872793 0.9466666666666667 [0.9358448019849921, 0.1430365686525376, 0.39444284671004687, 0.4200091159857566] [0.010821864681674703, 0.8036300980141291, 0.5522238199566203, 0.5266575506809101]
7000 -1.5798196402024438 0.8379312802614681 0.9066666666666666 [0.4972750076210346, 0.46261299365555714, 0.3984292025336551, 0.4550161295230867] [0.40939165904563213, 0.4440536730111097, 0.5082374641330116, 0.45165053714358]
7100 -1.1420675799720992 0.6251628654459283 0.8333333333333334 [0.6716124570992942, 0.6695043380165319, 0.15996656371206813, 0.1655833078387723] [0.16172087623403925, 0.16382899531680115, 0.6733667696212648, 0.667750025494561]
7200 -1.8971307862309132 0.9714386034913309 0.9266666666666666 [0.7386294339006153, 0.5473434768453569, 0.2773907298323047, 0.28996969275505596] [0.1880372327660514, 0.3793231898213091, 0.6492759368343618, 0.636696973911611]
7300 -1.529283915090174 0.7349904656617606 0.8666666666666667 [0.6175931554710237, 0.6809910135066886, 0.2337575138896894, 0.20099165046593243] [0.24907351119564283, 0.18567565315997836, 0.632909152776977, 0.6656750162007349]
7400 -1.7419864267146026 0.8379103384496213 0.9333333333333333 [0.1427809950139613, 0.8646416366483036, 0.7697694313636291, 0.08947460364077285] [0.7905523383193719, 0.06869169668502967, 0.16356390196970425, 0.8438587296925607]
7500 -1.462392234496585 0.7222130786230615 0.9533333333333334 [0.08838066038053219, 0.9295336625305504, 0.5286424214114874, 0.3601099223440966] [0.864952672952802, 0.023799670802782984, 0.42469091192184594, 0.5932234109892369]
7600 -1.348899550490869 0.710271772690977 0.86 [0.3358813014622238, 0.24203033310438773, 0.5466702298092101, 0.5954181356241777] [0.5241186985377768, 0.6179696668956124, 0.31332977019078984, 0.2645818643758218]
7700 -1.4011653917878513 0.6559052779413775 0.9 [0.08353168551122635, 0.6908741358330992, 0.8210992066643921, 0.20449497199128244] [0.8164683144887737, 0.20912586416690102, 0.0789007933356078, 0.6955050280087175]
7800 -1.6115832803269643 0.9045631177521307 0.94 [0.5348437479896485, 0.43249021380162245, 0.5156963144516741, 0.3969697237570556] [0.4051562520103513, 0.5075097861983774, 0.4243036855483256, 0.5430302762429449]
7900 -1.4391697972609483 0.7458528815129453 0.9066666666666666 [0.010884869839526032, 0.7228020624882733, 0.8893098149540721, 0.19033658605146211] [0.8957817968271403, 0.18386460417839384, 0.01735685171259423, 0.7163300806152042]
8000 -1.7109216298052092 0.8249620329137625 0.9466666666666667 [0.7396161620546557, 0.23880951434527187, 0.7804554716059107, 0.1344521853274949] [0.20705050461201052, 0.7078571523213949, 0.166211195060756, 0.8122144813391717]
8100 -1.4925443306810815 0.844067483112562 0.8133333333333334 [0.5121300633348217, 0.6833976471452352, 0.3209364480261694, 0.11020250816044067] [0.30120326999851194, 0.12993568618809803, 0.49239688530716375, 0.7031308251728922]
8200 -1.952170447788128 1.0493857760430116 0.8933333333333333 [0.09156857292189116, 0.7111767181663021, 0.8370881332746162, 0.14683324230385691] [0.8017647604114426, 0.18215661516703108, 0.05624520005871694, 0.7465000910294767]
8300 -1.5671345447694713 0.6534703494420816 0.8533333333333334 [0.49090900801277937, 0.63396658654846, 0.3769969561495581, 0.20479411595586994] [0.36242432532055413, 0.2193667467848737, 0.47633637718377486, 0.6485392173774638]
8400 -1.2662473962379035 0.7037794262772545 0.9066666666666666 [0.21473821816441732, 0.6924123698025678, 0.12793428173297053, 0.7782484636333763] [0.691928448502249, 0.2142542968640982, 0.7787323849336956, 0.12841820303329002]
8500 -1.7191294771100691 0.8875429133299626 0.9266666666666666 [0.16082278033642403, 0.6623876686889469, 0.7942005734291399, 0.235922310878822] [0.7658438863302428, 0.2642789979777198, 0.1324660932375262, 0.6907443557878445]
8600 -1.957499359508526 1.0989192929699947 0.9133333333333333 [0.5109372953192867, 0.4250380785001538, 0.20932337813692511, 0.6813679147103006] [0.4023960380140464, 0.4882952548331798, 0.7040099551964076, 0.23196541862303235]
8700 -1.6191690944762753 0.8850648432678715 0.92 [0.68434249337619, 0.2573017642075193, 0.23078237153400394, 0.6675733708822871] [0.23565750662380974, 0.6626982357924808, 0.6892176284659958, 0.25242662911771396]
8800 -1.3640248201026313 0.7297628027550203 0.9333333333333333 [0.26991436845936534, 0.6474835037253118, 0.9177969422632231, 0.03147185221876544] [0.6634189648739682, 0.2858498296080212, 0.01553639107010982, 0.901861481114568]
8900 -1.542062306122225 0.7525413650206831 0.92 [0.04799530989115083, 0.8752515652334195, 0.7743592392491141, 0.1423938856263158] [0.8720046901088493, 0.04474843476658064, 0.14564076075088586, 0.7776061143736844]
9000 -1.5406873377190757 0.7035831651970901 0.9333333333333333 [0.08903695274870005, 0.7929514979094447, 0.7353289152954721, 0.24934930071305084] [0.8442963805846326, 0.14038183542388916, 0.19800441803786137, 0.6839840326202826]
9100 -1.6586759912240103 0.8102195488689673 0.8866666666666667 [0.5939117996429869, 0.27168170002556236, 0.36615893376945075, 0.5415808998953326] [0.2927548670236792, 0.6149849666411049, 0.520507732897216, 0.34508576677133435]
9200 -1.4700141437778964 0.6903720541365891 0.9666666666666667 [0.6187351209190745, 0.35527414595937623, 0.9512536662320493, 0.008070400222832822] [0.34793154574759194, 0.6113925207072906, 0.015413000434616882, 0.9585962664438343]
9300 -1.2285201777984276 0.6083018959411494 0.9 [0.6263523494935916, 0.3274061590014364, 0.45105641987858597, 0.39518507162638516] [0.27364765050640744, 0.5725938409985635, 0.44894358012141444, 0.5048149283736153]
9400 -1.6399599982660218 0.7183596732439096 0.9 [0.5665325947482368, 0.43161561980968655, 0.2350525983967936, 0.5667991870452831] [0.333467405251763, 0.46838438019031364, 0.6649474016032061, 0.33320081295471693]
9500 -1.5781487323276868 0.8508491120457821 0.8266666666666667 [0.09264189401365665, 0.7391748479711628, 0.7711940545097751, 0.05032253683873883] [0.7340247726530098, 0.08749181869550383, 0.05547261215689157, 0.7763441298279278]
9600 -1.4452797803661308 0.6641586307197194 0.8933333333333333 [0.05422583415949894, 0.8441990677393281, 0.7062547967044608, 0.18198696806337925] [0.8391074991738349, 0.04913426559400593, 0.18707853662887206, 0.7113463652699542]
9700 -1.1425664553764916 0.567257869781059 0.9066666666666666 [0.02295855304355441, 0.8052694313913282, 0.7422708057471511, 0.24283454315129868] [0.8837081136231126, 0.10139723527533816, 0.16439586091951483, 0.6638321235153672]
9800 -0.9909126030715267 0.49112509462700976 0.9733333333333334 [0.010623349353076373, 0.9641858914025857, 0.36504620670188154, 0.6068112192091228] [0.9627099839802575, 0.009147441930748502, 0.6082871266314518, 0.3665221141242094]
9900 -1.5200788988894536 0.7598392252728183 0.92 [0.10592552057002472, 0.8129904338169667, 0.851936228096161, 0.06914781751684806] [0.8140744794299752, 0.1070095661830334, 0.06806377190383922, 0.8508521824831522]
10000 -1.755331808428072 0.9477027532544499 0.8066666666666666 [0.4674719638333522, 0.30636420377487655, 0.2827797936552116, 0.5567173720698932] [0.3391947028333147, 0.50030246289179, 0.5238868730114555, 0.24994929459677329]
10100 -1.4601940332974297 0.7636703280615138 0.82 [0.4684760790531673, 0.8109109511838387, 0.3511095386353027, 0.009503431127690866] [0.35152392094683277, 0.009089048816160529, 0.4688904613646979, 0.810496568872309]
10200 -1.8637315708078703 1.0742761688034832 0.9466666666666667 [0.12977737280556437, 0.8639633970925809, 0.5535607516675249, 0.3460318117676637] [0.816889293861102, 0.082703269574086, 0.3931059149991419, 0.6006348548990028]
10300 -1.709652224843663 0.8835514081862392 0.98 [0.1417769052171717, 0.8384639649838959, 0.2925686088882708, 0.6871905209106616] [0.8382230947828283, 0.14153603501610443, 0.6874313911117282, 0.2928094790893385]
10400 -1.3903339338646459 0.7120310532154456 0.92 [0.025292745220401983, 0.9057110000468469, 0.8902428249326763, 0.018753429800075046] [0.8947072547795979, 0.014288999953153102, 0.02975717506732379, 0.9012465701999258]
10500 -1.7055347957191864 0.7573499829644421 0.86 [0.676870121609142, 0.49700528895344237, 0.2847118918396022, 0.26141269759781277] [0.1831298783908578, 0.3629947110465569, 0.5752881081603979, 0.598587302402187]
10600 -1.5971683634168126 0.8072213456834791 0.9333333333333333 [0.5586824808427899, 0.375045227180858, 0.2743781031217744, 0.6585608555212434] [0.374650852490543, 0.558288106152475, 0.6589552302115584, 0.27477247781208963]
10700 -1.375772391453179 0.7164774802244624 0.9733333333333334 [0.27544869470587136, 0.7006709062889227, 0.6728908765458271, 0.29765618912604574] [0.6978846386274623, 0.27266242704441107, 0.30044245678750603, 0.6756771442072879]
10800 -1.739380621704867 0.8823993415316708 0.9466666666666667 [0.019426820942804682, 0.9277529948244195, 0.7981736113040199, 0.14797990626208996] [0.927239845723863, 0.018913671842247418, 0.14849305536264684, 0.7986867604045771]
10900 -1.7021317811728192 0.7754766044746763 0.9733333333333334 [0.25206813301329367, 0.7192552277586414, 0.6733872039038442, 0.3019561019908875] [0.7212652003200396, 0.25407810557469224, 0.2999461294294885, 0.6713772313424458]
11000 -1.5748094351473059 0.788104275779121 0.9733333333333334 [0.16228748015798622, 0.8116520044222026, 0.9100558351804711, 0.06267134690600797] [0.8110458531753469, 0.16168132891113146, 0.06327749815286282, 0.9106619864273254]
11100 -1.1666381027966144 0.6458978467900465 0.92 [0.024109782568243223, 0.8933683030768335, 0.6409526057941816, 0.28156930856074236] [0.8958902174317571, 0.026631696923166928, 0.27904739420581864, 0.6384306914392583]
11200 -1.6577431517905576 0.8759638731359874 0.9066666666666666 [0.3539937733393649, 0.5306601571106182, 0.5536694546012356, 0.3750099482821141] [0.5526728933273013, 0.37600650955604814, 0.35299721206543083, 0.5316567183845529]
11300 -1.9978909072156132 1.011459264361545 0.92 [0.580606750932756, 0.2591375695763291, 0.3630898152010241, 0.6371658642898897] [0.3393932490672436, 0.6608624304236703, 0.556910184798976, 0.28283413571011046]
11400 -1.2055543058379383 0.6014937911323948 0.84 [0.8305447675963686, 0.1958272657763531, 0.011299852438770935, 0.6423281141885071] [0.009455232403631155, 0.6441727342236467, 0.8287001475612287, 0.19767188581149311]
11500 -1.0573464118576354 0.5140621261545377 0.8933333333333333 [0.8034823804878609, 0.5847946488397917, 0.006862715757956665, 0.3915269215810567] [0.08985095284547212, 0.3085386844935412, 0.886470617575377, 0.5018064117522769]
11600 -2.111865068999514 1.1519540713873022 0.9466666666666667 [0.7583534976434951, 0.1719715595227637, 0.16699449109588857, 0.7960137850711859] [0.18831316902317136, 0.7746951071439028, 0.7796721755707777, 0.15065288159548088]
11700 -1.3086589344702695 0.5644459421262601 0.8933333333333333 [0.6289151900338705, 0.2778122985878864, 0.5771667741052277, 0.3027724039396826] [0.2644181432994627, 0.6155210347454475, 0.3161665592281058, 0.5905609293936507]
11800 -1.523406636001071 0.8015963104748132 0.9 [0.5398737138912153, 0.6172172873136385, 0.5002401288480147, 0.1426688699471321] [0.3601262861087848, 0.2827827126863617, 0.39975987115198514, 0.7573311300528685]
11900 -1.1153355950917234 0.5668385909248495 0.9133333333333333 [0.3976107712113496, 0.5883896667813978, 0.018666102125095563, 0.8220001265488234] [0.5157225621219838, 0.3249436665519356, 0.894667231208237, 0.09133320678450994]
12000 -1.7196673192676584 0.8803518715707069 0.9466666666666667 [0.09924460414839655, 0.8459687291741644, 0.7415764090930146, 0.20654359091775792] [0.8474220625182706, 0.10069793749250235, 0.20509025757365223, 0.7401230757489086]
12100 -1.7012219863662186 0.9096131219452076 0.96 [0.6596418281380626, 0.27447640663002393, 0.4864648866740533, 0.49941687855786027] [0.3003581718619375, 0.6855235933699757, 0.4735351133259465, 0.4605831214421397]
12200 -1.337036574272187 0.6587231581524041 0.9333333333333333 [0.7085268881396027, 0.5570599039426302, 0.41043865555539727, 0.19064121902903683] [0.22480644519373066, 0.37627342939070324, 0.5228946777779364, 0.7426921143042968]
12300 -1.8706638651790077 1.0474516192237493 0.9466666666666667 [0.5452902584317615, 0.23405222895474517, 0.418980892099068, 0.6950099538477584] [0.40137640823490534, 0.7126144377119205, 0.5276857745675984, 0.2516567128189085]
12400 -1.3408322778098287 0.7434479651479748 0.9333333333333333 [0.08522619246166976, 0.8418538423617139, 0.5559162847709086, 0.38367034707237513] [0.8481071408716637, 0.09147949097161952, 0.37741704856242514, 0.5496629862609583]
12500 -2.05952552162287 1.0811124309318672 0.9333333333333333 [0.8518948884092429, 0.1542815401108229, 0.25828850852928154, 0.6022017296173187] [0.08143844492409016, 0.7790517932225111, 0.6750448248040521, 0.33113160371601436]
12600 -1.4581206728215752 0.8034306697196754 0.9466666666666667 [0.515854554320444, 0.4359656716983673, 0.30144437701226723, 0.6400687303022542] [0.4308121123462226, 0.5107009949682991, 0.6452222896543998, 0.3065979363644119]
12700 -1.5429756428489878 0.7188891760491148 0.96 [0.009441016544428993, 0.9437008117434534, 0.7070090079375074, 0.25984916377461087] [0.9505589834555718, 0.01629918825654752, 0.2529909920624918, 0.7001508362253898]
12800 -1.764707332745726 0.8138104822126502 0.92 [0.2813714511810759, 0.5589206186399592, 0.5581756831085024, 0.441532247070463] [0.6386285488189242, 0.3610793813600415, 0.3618243168914974, 0.47846775292953736]
12900 -1.7685710928510188 0.9392869185636874 0.88 [0.7846710421828588, 0.4922746231133856, 0.11554819256077098, 0.3675061421429849] [0.09532895781714125, 0.3877253768866145, 0.7644518074392285, 0.5124938578570152]
13000 -1.3359237521524692 0.709548051551508 0.9733333333333334 [0.0782886165773364, 0.7967064290550536, 0.9483735310398747, 0.12329808999440177] [0.8950447167559982, 0.17662690427827962, 0.0249598022934585, 0.8500352433389312]
13100 -1.5709447718900795 0.837579612099175 0.9466666666666667 [0.23280318960005209, 0.7095813769123558, 0.9265624458043927, 0.024386321016532514] [0.713863477066615, 0.2370852897543107, 0.02010422086227363, 0.9222803456501338]
13200 -1.5890452649450715 0.7483784183806064 0.92 [0.1836996716219372, 0.7855445424875839, 0.3883752024299061, 0.48238058346057255] [0.7363003283780633, 0.13445545751241633, 0.5316247975700944, 0.4376194165394272]
13300 -1.6508051362029612 0.885418174378703 0.9066666666666666 [0.31984904890749827, 0.6716607798387373, 0.6112758454367785, 0.21054765915031923] [0.5868176177591686, 0.23500588682792975, 0.29539082122988786, 0.6961190075163475]
13400 -1.3855055702301344 0.7311230544720576 0.92 [0.08273378581924244, 0.9081298905860647, 0.6360544441528695, 0.21308187944182228] [0.8372662141807576, 0.011870109413934795, 0.2839455558471299, 0.7069181205581773]
13500 -1.6347109776189785 0.8612245090084214 0.92 [0.732963160066452, 0.3176975405964308, 0.01341267047861628, 0.7759266288585013] [0.1870368399335483, 0.6023024594035689, 0.9065873295213833, 0.14407337114149896]
13600 -1.6273806790990306 0.7353371402506869 0.92 [0.7872929787990647, 0.3344037299513509, 0.16506940819713123, 0.5532338830524525] [0.13270702120093533, 0.5855962700486484, 0.7549305918028689, 0.36676611694754724]
13700 -1.3683866773124338 0.6243004253033813 0.9333333333333333 [0.4246396570878158, 0.558088782894569, 0.5086203668508895, 0.3753178598333921] [0.508693676245517, 0.37524455043876476, 0.4247129664824434, 0.5580154734999409]
13800 -1.434148632375763 0.6737727911936834 0.9733333333333334 [0.6528170286690451, 0.3154024794423053, 0.03171159648478614, 0.9467355620705307] [0.32051630466428827, 0.6579308538910282, 0.9416217368485473, 0.02659777126280317]
13900 -1.1225493763951004 0.5837564374177107 0.9533333333333334 [0.42001061705368115, 0.606926861503728, 0.017618652258208044, 0.8621105358510502] [0.5333227162796528, 0.34640647182960627, 0.935714681075125, 0.09122279748228272]
14000 -1.5847457655350061 0.7218978166685168 0.9133333333333333 [0.7762539439375082, 0.3866361597392581, 0.6071331645996505, 0.05664339839024997] [0.13707938939582548, 0.5266971735940751, 0.30620016873368255, 0.8566899349430832]
14100 -1.7350315984395486 0.8980924691190589 0.84 [0.3747160127208331, 0.6026079793028029, 0.4622991375198046, 0.24037687045655967] [0.4652839872791672, 0.2373920206971971, 0.37770086248019547, 0.5996231295434405]
14200 -1.8481382536766198 1.068788972099219 0.8866666666666667 [0.8030701473550259, 0.04766278538535231, 0.1653345500618851, 0.7572658505310691] [0.08359651931164, 0.839003881281314, 0.7213321166047817, 0.12940081613559756]
14300 -0.9419237478273129 0.46608631200449413 0.9533333333333334 [0.011482220465401953, 0.5795025769727091, 0.4996701121799574, 0.8160117570485985] [0.9418511128679316, 0.3738307563606241, 0.453663221153376, 0.1373215762847347]
14400 -1.0798733415800623 0.5687749913208943 0.88 [0.38336691745387586, 0.7436546490274824, 0.3238482169211906, 0.30913021659745177] [0.4966330825461238, 0.13634535097251813, 0.5561517830788101, 0.570869783402548]
14500 -1.1529435870548013 0.5619371489243458 0.78 [0.3775568280896358, 0.3728558507004694, 0.45433721250946224, 0.35525010870043244] [0.4024431719103643, 0.4071441492995304, 0.325662787490538, 0.4247498912995674]
14600 -1.2984468386205645 0.6236093311159991 0.9266666666666666 [0.5109492296645447, 0.44727083558018277, 0.8696940743891797, 0.025419193699425736] [0.4157174370021215, 0.4793958310864833, 0.056972592277487216, 0.9012474729672414]
14700 -1.7593372014124062 0.8901374701950353 0.92 [0.3008491893647172, 0.6305404004277506, 0.8107574853858035, 0.09785292482172901] [0.6191508106352824, 0.2894595995722505, 0.10924251461419601, 0.8221470751782712]
14800 -1.465581590748859 0.7902115953724735 0.9333333333333333 [0.3412516573201328, 0.5931435575003433, 0.21018663385528913, 0.7220848179909019] [0.5920816760132002, 0.3401897758329902, 0.7231466994780443, 0.21124851534243178]
14900 -1.829956273488571 0.9509755681046766 0.9733333333333334 [0.1532753150413494, 0.8542680975969824, 0.9037641764747878, 0.035359077553545844] [0.8200580182919837, 0.11906523573635086, 0.06956915685854428, 0.937974255779788]
15000 -1.6068302086985806 0.8115653833683685 0.8733333333333333 [0.31605016727405927, 0.7010524307444377, 0.685471604832861, 0.04409246381530993] [0.5572831660592739, 0.17228090258889633, 0.18786172850047284, 0.829240869518023]
15100 -1.5944030227785575 0.8189568579985962 0.9266666666666666 [0.3360619500708826, 0.8052069885295279, 0.669433179316295, 0.042631215416627906] [0.5906047165957845, 0.12145967813713893, 0.2572334873503715, 0.884035451250039]
15200 -1.5071311763557573 0.7274656488320514 0.9266666666666666 [0.39765476000158106, 0.9070801215110409, 0.527914897782248, 0.02068355403846314] [0.5290119066650855, 0.019586545155625655, 0.3987517688844186, 0.9059831126282044]
15300 -1.204171466987546 0.5757095657701122 0.8866666666666667 [0.6390592812762649, 0.22056267882817973, 0.3304240671254474, 0.5832873061034414] [0.24760738539040195, 0.6661039878384871, 0.5562425995412194, 0.3033793605632253]
15400 -1.7655458530972838 0.8849558323820128 0.8866666666666667 [0.7234652862151552, 0.5886136818756108, 0.17140128009853364, 0.28985308514403385] [0.1632013804515116, 0.2980529847910555, 0.7152653865681332, 0.5968135815226336]
15500 -1.1773147234006898 0.5588062775282725 0.9 [0.6658041690982315, 0.4045548753989958, 0.5941284025833912, 0.13551255291938127] [0.23419583090176857, 0.4954451246010041, 0.3058715974166086, 0.7644874470806183]
15600 -0.8288384392992026 0.4268980504442639 0.98 [0.5177277008926583, 0.4628097419168616, 0.668854877323142, 0.31060767986733834] [0.4622722991073417, 0.517190258083139, 0.3111451226768584, 0.6693923201326613]
15700 -1.805345191562369 0.9620346807287402 0.92 [0.30860546023024055, 0.5544555047228453, 0.773160923067499, 0.20377811197941584] [0.61139453976976, 0.3655444952771546, 0.14683907693250142, 0.7162218880205837]
15800 -0.7258355482295344 0.33605244649005106 0.88 [0.5357620429104853, 0.8736612151537361, 0.028337834019772908, 0.3222389079160059] [0.34423795708951443, 0.00633878484626435, 0.851662165980227, 0.5577610920839939]
15900 -1.3299952445924228 0.6733967720577357 0.94 [0.1299030913631906, 0.9269894611589253, 0.668510295986727, 0.15459715149115738] [0.8100969086368097, 0.013010538841074436, 0.2714897040132735, 0.785402848508843]
16000 -1.9735641223288183 0.8532009965148338 0.86 [0.4908969557446007, 0.27562036812667673, 0.4593421438845447, 0.4941405322441772] [0.36910304425539897, 0.5843796318733238, 0.4006578561154555, 0.3658594677558223]
16100 -1.4321479255717813 0.7196266477276961 0.94 [0.014385337215865919, 0.9101235603984552, 0.9257800535420646, 0.02971104884361378] [0.925614662784134, 0.02987643960154506, 0.014219946457934564, 0.9102889511563863]
16200 -1.6718400371232998 0.7657317848954285 0.9 [0.4018213219559731, 0.8057442507121277, 0.5838992306561751, 0.008535196675722678] [0.4981786780440269, 0.09425574928787156, 0.3161007693438244, 0.8914648033242781]
16300 -1.324361297803017 0.6665665576682562 0.9266666666666666 [0.5698629112042032, 0.3588230411186242, 0.3518791279922586, 0.5727682530182474] [0.356803755462464, 0.5678436255480427, 0.5747875386744079, 0.35389841364841934]
16400 -1.9509238447128951 0.9784820609880601 0.8933333333333333 [0.38073747422588133, 0.4281917080470322, 0.3465992783906187, 0.6311382060031353] [0.5125958591074521, 0.4651416252863017, 0.5467340549427147, 0.2621951273301986]
16500 -1.9653490181559676 0.981133688453893 0.9866666666666667 [0.35752346846674177, 0.6261960017434163, 0.5406459148713529, 0.4489679482518229] [0.6291431981999249, 0.3604706649232502, 0.4460207517953138, 0.5376987184148437]
16600 -1.488843950968875 0.7158208813436365 0.9466666666666667 [0.028978245990371666, 0.9233849183721685, 0.9204588704552535, 0.020511298515539497] [0.9176884206762952, 0.023281748294498014, 0.026207796211413056, 0.9261553681511266]
16700 -1.3015746524222562 0.7641557568935835 0.88 [0.37287484688572325, 0.7759402097018705, 0.43982882145633273, 0.17135612195607308] [0.507125153114277, 0.10405979029812874, 0.44017117854366755, 0.7086438780439266]
16800 -1.8435545061976821 1.0004646884200332 0.9066666666666666 [0.4895368501955248, 0.4703135188857551, 0.608647829404586, 0.24483513484746766] [0.4171298164711416, 0.43635314778091167, 0.298018837262081, 0.6618315318191991]
16900 -1.757278611531774 0.9016448456295766 0.88 [0.8596668599690512, 0.1496878547796149, 0.05120913605669644, 0.6994361491946369] [0.020333140030947997, 0.7303121452203851, 0.8287908639433038, 0.18056385080536355]
17000 -1.1533675679707474 0.5368302428882609 0.8666666666666667 [0.41392770413713986, 0.38794770663042066, 0.45260123432278815, 0.4788566882429844] [0.4527389625295267, 0.4787189600362459, 0.4140654323438783, 0.3878099784236824]
17100 -1.6898339081689016 0.9619703804030745 0.9333333333333333 [0.3085572765903609, 0.6234368403516303, 0.2943820932029621, 0.6402904565217133] [0.6247760567429729, 0.30989649298170285, 0.6389512401303705, 0.29304287681162]
17200 -1.526400172208297 0.786301403538353 0.92 [0.6925670171419213, 0.5257493161553325, 0.1055092258580575, 0.5161744408446893] [0.227432982858079, 0.39425068384466777, 0.8144907741419423, 0.403825559155311]
17300 -1.6244321658303926 0.8992172213098686 0.9333333333333333 [0.23259993968325182, 0.7417920723520476, 0.6653305749391872, 0.22694407969218114] [0.700733393650081, 0.1915412609812861, 0.2680027583941459, 0.7063892536411532]
17400 -1.3508437617344355 0.6636636696461665 0.9466666666666667 [0.4996589720402043, 0.35074651103528537, 0.43609459505349557, 0.6068332552043484] [0.4470076946264623, 0.5959201556313811, 0.5105720716131714, 0.33983341146231905]
17500 -1.549575741468845 0.7406050176214855 0.88 [0.14304204527916645, 0.6613259196664233, 0.8531636770318157, 0.10246835802259442] [0.7369579547208326, 0.218674080333577, 0.026836322968183755, 0.7775316419774052]
17600 -1.4043248041716103 0.6567087803623674 0.9333333333333333 [0.2035862195225888, 0.7304044913168233, 0.754618689077162, 0.17805726675009279] [0.7297471138107444, 0.2029288420165107, 0.178714644256171, 0.7552760665832402]
17700 -1.5818861290107218 0.7206059631640391 0.96 [0.04880100500957299, 0.8806924415340717, 0.21526120607733745, 0.7752453473790176] [0.9111989949904262, 0.07930755846592802, 0.7447387939226623, 0.18475465262098245]
17800 -1.3368828949396658 0.6829516698721405 0.9866666666666667 [0.12090326529799389, 0.9215461670318335, 0.9181105482848602, 0.012773352718644866] [0.8657634013686726, 0.06512049963483273, 0.06855611838180596, 0.973893313948022]
17900 -1.2355065907070943 0.5969776218966623 0.9066666666666666 [0.06527948564784786, 0.7688467109599079, 0.7082212123499758, 0.2709859243756015] [0.8413871810188187, 0.13781995570675845, 0.1984454543166908, 0.6356807422910646]
18000 -1.9589176122514547 0.9939151396519071 0.9133333333333333 [0.7209559610021012, 0.11866239462704262, 0.3054140324299853, 0.6816342786075374] [0.192377372331232, 0.7946709387062902, 0.6079193009033477, 0.23169905472579563]
18100 -1.300293808907633 0.655966518666821 0.8933333333333333 [0.21494321298601893, 0.7885484696323325, 0.45991433161655093, 0.3232606524317648] [0.6783901203473146, 0.104784863701001, 0.4334190017167824, 0.5700726809015685]
18200 -1.1069900544549778 0.5715389064873959 0.9666666666666667 [0.21470581848038242, 0.9519693412321892, 0.25984516545956354, 0.5068130081611983] [0.7519608481862842, 0.01469732543447748, 0.7068215012071027, 0.4598536585054683]
18300 -1.5758679020920325 0.8075985321666311 0.9066666666666666 [0.09774110461870969, 0.8581581811317796, 0.8049596876872983, 0.05247435989554558] [0.8089255620479574, 0.048508485534887104, 0.10170697897936808, 0.8541923067711209]
18400 -1.4188290111158692 0.6137997810664806 0.92 [0.5346963072148022, 0.7001575292274651, 0.43003064815436326, 0.1751155154033693] [0.385303692785198, 0.21984247077253485, 0.4899693518456369, 0.7448844845966298]
18500 -1.5622631442381774 0.7717612522231311 0.8333333333333334 [0.08347353243401874, 0.7531172476307793, 0.6136027886149581, 0.2164730979869107] [0.7498598008993145, 0.08021608570255442, 0.2197305447183748, 0.6168602353464228]
18600 -1.671204889106239 0.6708546221325117 0.9 [0.07439598593066749, 0.82278410124326, 0.8437867813333898, 0.05903313149268279] [0.8256040140693323, 0.07721589875673966, 0.05621321866661005, 0.8409668685073176]
18700 -1.3855264315334246 0.6906104712130022 0.9333333333333333 [0.48773074271501676, 0.4892118909732061, 0.32369359903600303, 0.5660304339424411] [0.4456025906183162, 0.4441214423601271, 0.6096397342973302, 0.3673028993908925]
18800 -1.693533871678744 0.8227517793920991 0.92 [0.16091389074356194, 0.6493099473413028, 0.5310321290785858, 0.4987440328365499] [0.7590861092564384, 0.27069005265869656, 0.38896787092141416, 0.42125596716345115]
18900 -1.6038969164100891 0.7433617820301639 0.9333333333333333 [0.2175813717862169, 0.6537643553221382, 0.8720577845458142, 0.12326315501249702] [0.7157519615471165, 0.2795689780111949, 0.06127554878751881, 0.810070178320836]
19000 -0.811263731811552 0.3837725360334139 0.8466666666666667 [0.6571343766672432, 0.8364040875415703, 0.18774276891663957, 0.012052100207880374] [0.18953228999942348, 0.010262579125096613, 0.6589238977500268, 0.8346145664587873]
19100 -1.6197728882373499 0.773922796703523 0.9 [0.8049556554590019, 0.39196275978522566, 0.151433294409614, 0.4516482903461581] [0.0950443445409977, 0.5080372402147746, 0.7485667055903864, 0.4483517096538421]
19200 -2.0757628438325755 1.0818757458610735 0.8533333333333334 [0.32824918168568407, 0.5966661991889668, 0.619563190302004, 0.16218809549001187] [0.5250841516476492, 0.25666713414436676, 0.23377014303132915, 0.6911452378433212]
19300 -1.2103253487570096 0.5630710955278914 0.9866666666666667 [0.02342882703334186, 0.972799758742256, 0.41044591046693263, 0.5666588370908023] [0.9632378396333252, 0.013866907924410745, 0.5762207561997336, 0.42000782957586447]
19400 -1.5561774344659418 0.8171330995773949 0.9333333333333333 [0.3784740456327471, 0.4852617585446226, 0.45184628594192616, 0.5510845765473712] [0.5548592877005858, 0.44807157478871074, 0.48148704739140696, 0.3822487567859627]
19500 -1.4632661695063793 0.6946777931274791 0.92 [0.1329913035427384, 0.8532770288034861, 0.41554450069868704, 0.4381871669550888] [0.7870086964572613, 0.06672297119651424, 0.5044554993013128, 0.48181283304491124]
19600 -1.882508041049189 0.9965948040390202 0.8733333333333333 [0.20336105346062017, 0.7398871401273756, 0.6134066571523503, 0.19001181592632074] [0.669972279872713, 0.1334461932059571, 0.2599266761809835, 0.6833215174070129]
19700 -1.5624721285992451 0.7993481242539061 0.9 [0.2182147213608792, 0.8342775220013436, 0.606167459414188, 0.14134029722358918] [0.6817852786391205, 0.0657224779986565, 0.2938325405858118, 0.75865970277641]
19800 -1.5113995048747422 0.8602870564147499 0.9133333333333333 [0.03122321751159672, 0.7626138385001899, 0.8983128006177312, 0.1345168100371485] [0.8821101158217365, 0.15071949483314365, 0.015020532715601493, 0.7788165232961849]
19900 -1.6223810416015392 0.930836371923516 0.8933333333333333 [0.40414739117828075, 0.8806799414810664, 0.4931151700120568, 0.008724163995262369] [0.4891859421550524, 0.012653391852266353, 0.40021816332127647, 0.8846091693380712]
20000 -1.3940272543170826 0.6808353100428066 0.8733333333333333 [0.3811766675586619, 0.636187269409416, 0.7191793073478845, 0.010123422350703907] [0.4921566657746714, 0.23714606392391707, 0.1541540259854487, 0.8632099109826303]
20100 -1.4718063292188688 0.7969033607472196 0.9066666666666666 [0.14445632365539243, 0.7252122445597315, 0.8598056790264682, 0.08385908609174134] [0.7622103430112739, 0.18145442210693472, 0.046860987640198734, 0.8228075805749261]
20200 -1.383053704845995 0.7379396115120024 0.92 [0.016362798061334467, 0.6441282732733026, 0.8755595590723084, 0.30394936959305563] [0.9036372019386653, 0.27587172672669735, 0.04444044092769211, 0.6160506304069442]
20300 -1.7379053243990465 0.8810655505075071 0.84 [0.3509735118923347, 0.4089631817035971, 0.6063762361076881, 0.3136870702963798] [0.48902648810766514, 0.43103681829640283, 0.2336237638923115, 0.5263129297036201]
20400 -1.0934140210590617 0.5605340273955329 0.8466666666666667 [0.02424116348092866, 0.14053231369640268, 0.8230971194645361, 0.7054627366914661] [0.8224255031857383, 0.706134352970264, 0.02356954720213084, 0.14120392997520048]
20500 -1.7218457835451948 0.8631500829135507 0.9066666666666666 [0.8668220548315931, 0.05154388829133926, 0.04281463843327127, 0.85215275177713] [0.03984461183507427, 0.8551227783753276, 0.8638520282333954, 0.05451391488953632]
20600 -1.298706658202241 0.5856177821861054 0.8866666666666667 [0.8763639558179932, 0.07762269241159227, 0.010428691289210798, 0.808917993814537] [0.010302710848673223, 0.809043974255074, 0.8762379753774555, 0.07774867285212995]
20700 -1.3161586022073042 0.635952167609408 0.8266666666666667 [0.4392356919505718, 0.6244480211144087, 0.09473284944816258, 0.4949167708201905] [0.38743097471609494, 0.20221864555225813, 0.7319338172185041, 0.3317498958464762]
20800 -1.3104722733479475 0.6621706803305966 0.8866666666666667 [0.15992092610521133, 0.32944621149627373, 0.7528718344662597, 0.5310943612655881] [0.7267457405614552, 0.5572204551703931, 0.13379483220040705, 0.3555723054010785]
20900 -1.4359311729655746 0.851607550808779 0.8533333333333334 [0.23421684258610018, 0.5349559868076565, 0.8006889226729088, 0.13680491460000146] [0.6191164907472326, 0.3183773465256768, 0.05264441066042463, 0.7165284187333322]
21000 -1.6503533181655556 0.8278407739802983 0.94 [0.20571756913802983, 0.8541184073242118, 0.34050148835920746, 0.47966253517855006] [0.7342824308619702, 0.08588159267578725, 0.5994985116407923, 0.46033746482144994]
21100 -1.9560288527239147 1.032339485492142 0.9066666666666666 [0.5264876387039433, 0.5011930769286072, 0.18037911229560688, 0.6052735054051762] [0.3801790279627231, 0.4054735897380595, 0.7262875543710597, 0.3013931612614906]
21200 -1.6716272190646513 0.8459570126132482 0.9 [0.15699190248300157, 0.7220305541333637, 0.7325164322771756, 0.18846111110645888] [0.7430080975169989, 0.17796944586663574, 0.1674835677228244, 0.7115388888935408]
21300 -1.7335838009022246 0.8763034036036464 0.94 [0.6637220691859643, 0.2257733830923189, 0.8336668169007436, 0.15683773082097308] [0.276277930814036, 0.7142266169076806, 0.10633318309925607, 0.7831622691790272]
21400 -1.7813949643566536 0.8256870705668478 0.9533333333333334 [0.279941644319557, 0.567931600388963, 0.7954330476886523, 0.2633603742694951] [0.673391689013777, 0.3854017329443703, 0.15790028564468153, 0.6899729590638379]
21500 -1.5800787362111057 0.8686277691044688 0.88 [0.5658886569138447, 0.44842787974167153, 0.3184757446014163, 0.4272077187430679] [0.3141113430861555, 0.43157212025832836, 0.5615242553985841, 0.45279228125693227]
21600 -1.2999493262480866 0.6609532759030087 0.8866666666666667 [0.4328055814089037, 0.8725389214717435, 0.3534340172918495, 0.11455481316083672] [0.4538610852577631, 0.01412774519492332, 0.5332326493748173, 0.77211185350583]
21700 -1.0075348207094363 0.5424978851864861 0.9133333333333333 [0.026302705560755424, 0.892881113355025, 0.3073594449110415, 0.6001234028398456] [0.8870306277725778, 0.02045221997830869, 0.6059738884222915, 0.31320993049348816]
21800 -1.9083219207818403 0.9201216471742139 0.9266666666666666 [0.22946036779869677, 0.7933922986270038, 0.39579127199250136, 0.4346893949151315] [0.6972062988679698, 0.13327436803966297, 0.5308753946741653, 0.49197727175153566]
21900 -1.396415813419501 0.6768264419880958 0.92 [0.0390356566810752, 0.7497229909189332, 0.888489998351941, 0.1627513540480499] [0.8809643433189244, 0.17027700908106666, 0.03151000164805849, 0.7572486459519496]
22000 -1.389660495091741 0.8054746672257308 0.9333333333333333 [0.1561449531010963, 0.7884453205899074, 0.9036126979779637, 0.01846369499769954] [0.777188380232237, 0.1448880127434261, 0.02972063535536962, 0.9148696383356344]
22100 -1.6621593351918142 0.7965824771816717 0.94 [0.6518998301611861, 0.2691612217654812, 0.5212599945062848, 0.43767895356704883] [0.2881001698388147, 0.6708387782345181, 0.41874000549371515, 0.5023210464329515]
22200 -1.2350953280088306 0.6390658176193762 0.9133333333333333 [0.12530217231272714, 0.6762059667498438, 0.3483929358616857, 0.6767655917424104] [0.788031161020606, 0.23712736658349, 0.5649403974716476, 0.23656774159092323]
22300 -1.7175590989037781 0.9612215511289529 0.9733333333333334 [0.6772661158681168, 0.2851927057743967, 0.04054661840093558, 0.9436612266232187] [0.2960672174652169, 0.6881406275589362, 0.9327867149323977, 0.029672106710115723]
22400 -1.1902962042049126 0.6300303896231126 0.8933333333333333 [0.6525661865333017, 0.24181306726382004, 0.6001253955444082, 0.2921620173251369] [0.2407671468000314, 0.6515202660695133, 0.29320793778892534, 0.6011713160081971]
22500 -1.4577838962908047 0.8489391741693613 0.8733333333333333 [0.029303207110669086, 0.8572495069769629, 0.7639693189735507, 0.09614463360548318] [0.8440301262226638, 0.016083826356370137, 0.10936401435978209, 0.7771886997278503]
22600 -1.3976875484164146 0.7419335818851808 0.94 [0.08895423288268024, 0.8391827636058219, 0.9216740360888057, 0.030188967422692285] [0.8510457671173187, 0.10081723639417829, 0.018325963911194097, 0.9098110325773071]
22700 -1.462872243668614 0.7736215298967408 0.9733333333333334 [0.17695688964404754, 0.8095377244794171, 0.9229649964367251, 0.03720705610647657] [0.7963764436892851, 0.16379560885391642, 0.05036833689660788, 0.9361262772268568]
22800 -1.1564154435602383 0.6232609429390888 0.8533333333333334 [0.20550322205713736, 0.4707003920393878, 0.6473843340047023, 0.38307871856543935] [0.6478301112761962, 0.3826329412939459, 0.20594899932863095, 0.47025461476789415]
22900 -1.2020845888843088 0.5648183217675076 0.8933333333333333 [0.01714379726622097, 0.8822755529169781, 0.8748120575424709, 0.012435258940996227] [0.8761895360671121, 0.011057780416355047, 0.01852127579086206, 0.8808980743923372]
23000 -1.2121339485918956 0.6013266012211392 0.8266666666666667 [0.051622840163215444, 0.8035020965917746, 0.7775284759784817, 0.02067992059986179] [0.7750438265034516, 0.023164570074892185, 0.049138190688184945, 0.8059867460668052]
23100 -1.135250443462922 0.5757101882065746 0.8933333333333333 [0.5951182506218972, 0.39569891070600943, 0.12498450257487498, 0.6708650027638847] [0.2982150827114362, 0.497634422627324, 0.7683488307584576, 0.22246833056944823]
23200 -1.1517115333320858 0.5426564472902023 0.96 [0.14139178205983355, 0.895511683693686, 0.8163651602522886, 0.06673137399419261] [0.8186082179401659, 0.06448831630631444, 0.1436348397477116, 0.8932686260058074]
23300 -1.2098035167133459 0.593490114793244 0.9533333333333334 [0.06683208281783294, 0.8588580329962432, 0.38779899936962214, 0.593177551482967] [0.8865012505155004, 0.09447530033709002, 0.565534333963711, 0.36015578185036534]
23400 -1.629111264669627 0.8966735802298066 0.9266666666666666 [0.1725428095674073, 0.536263355288572, 0.6989023851633918, 0.44562478331396144] [0.7541238570992602, 0.39040331137809475, 0.22776428150327444, 0.4810418833527054]
23500 -1.4341155356216084 0.7740184004458901 0.92 [0.03100552272608717, 0.8821346221204783, 0.4282550642362034, 0.49860479091723164] [0.888994477273913, 0.03786537787952206, 0.4917449357637967, 0.4213952090827685]
23600 -1.4520818307153687 0.6714284255202614 0.9733333333333334 [0.6482083087867256, 0.38906935351839567, 0.1951520527035532, 0.7142369516579924] [0.32512502454660736, 0.5842639798149377, 0.7781812806297802, 0.2590963816753413]
23700 -1.4880700252792343 0.7412538428281547 0.9066666666666666 [0.40746471614880214, 0.47962630859360966, 0.5409823835320551, 0.38525992505886625] [0.49920195051786453, 0.4270403580730571, 0.36568428313461143, 0.5214067416078005]
23800 -1.11058662618183 0.640821923059395 0.9 [0.4523848333963002, 0.4476068007547576, 0.3990069526142608, 0.5010014132346815] [0.44761516660369965, 0.4523931992452415, 0.500993047385739, 0.39899858676531913]
23900 -1.350145331662623 0.7143118681954053 0.9133333333333333 [0.020498806438851068, 0.895983828336718, 0.8932907505642667, 0.016893281326831315] [0.8928345268944821, 0.01734950499661528, 0.020042582769066928, 0.8964400520065021]
24000 -0.8376516941264323 0.45072354189438424 0.9266666666666666 [0.6795135546360119, 0.9191093934093806, 0.2472396619285702, 0.0074707233593707] [0.24715311203065493, 0.0075572732572861305, 0.6794270047380964, 0.919195943307296]
24100 -1.2821698459470738 0.6697990835623548 0.9 [0.1445421005764358, 0.8850354510855513, 0.7575787509071428, 0.012843697430869319] [0.7554578994235641, 0.0149645489144483, 0.14242124909285658, 0.8871563025691301]
24200 -1.745449839641969 0.9176721257195705 0.8666666666666667 [0.1833487893131785, 0.6946753299713144, 0.6848194187430364, 0.17048979530580416] [0.6833178773534884, 0.1719913366953522, 0.18184724792363036, 0.6961768713608628]
24300 -1.3724539065890935 0.7363274334781919 0.8933333333333333 [0.7533780049365462, 0.13358441607625796, 0.1256896694382616, 0.7740145762156007] [0.13995532839678734, 0.7597489172570757, 0.7676436638950715, 0.11931875711773259]
24400 -1.5362273611904955 0.7670891205980429 0.8866666666666667 [0.5231939172801561, 0.43193748738354465, 0.42671135964374834, 0.39149056902588447] [0.36347274938651003, 0.4547291792831224, 0.4599553070229182, 0.49517609764078285]
24500 -1.4582846886888245 0.7123948265440725 0.8866666666666667 [0.2739790039137758, 0.6068081710907784, 0.6183391797901153, 0.27420697853866366] [0.6126876627528917, 0.27985849557588777, 0.2683274868765512, 0.612459688128003]
24600 -1.2627974036667315 0.625323301322504 0.92 [0.7440254771140394, 0.20874213195936914, 0.009124306894376282, 0.8781080840322143] [0.1759745228859604, 0.7112578680406313, 0.910875693105624, 0.04189191596778506]
24700 -1.685977088650761 0.7825828285719253 0.88 [0.4317223832236324, 0.35875934315436475, 0.362853715018478, 0.6066645586035248] [0.44827761677636746, 0.5212406568456355, 0.5171462849815217, 0.2733354413964752]
24800 -1.7656440595382583 0.9187244109947004 0.9533333333333334 [0.8768737287834631, 0.11059039713729253, 0.4450368294708228, 0.47416571127508833] [0.07645960454987037, 0.8427429361960411, 0.5082965038625101, 0.4791676220582451]
24900 -1.2922617914487085 0.6472030583244075 0.8533333333333334 [0.12455621444981202, 0.3610751499687004, 0.7217095182565512, 0.4993257839916031] [0.7287771188835211, 0.49225818336463284, 0.1316238150767824, 0.3540075493417305]
25000 -1.183233437492019 0.6419409649420641 0.94 [0.5752850717724884, 0.26409644172084346, 0.5700241839461789, 0.4705943025604887] [0.3647149282275111, 0.6759035582791562, 0.3699758160538205, 0.4694056974395113]
25100 -1.6585944328504323 0.8328235472085826 0.9466666666666667 [0.2117534139942164, 0.6685404953079791, 0.8228275167518313, 0.19021190727930704] [0.7349132526724504, 0.27812617135868767, 0.12383914991483586, 0.7564547593873595]
25200 -1.788699042592448 0.9700717951575524 0.9066666666666666 [0.2819414563780015, 0.6544362724435622, 0.6247712804543932, 0.2521843240573763] [0.6247252102886651, 0.2522303942231044, 0.28189538621227334, 0.6544823426092904]
25300 -1.6405515328972051 0.8324802200569885 0.8266666666666667 [0.810611621361786, 0.21198843717782329, 0.015652811798484243, 0.6150804629952398] [0.01605504530488116, 0.6146782294888428, 0.8110138548681827, 0.21158620367142666]
25400 -1.590217379492218 0.7299790526790304 0.9066666666666666 [0.8885879906233847, 0.11502920185482611, 0.015280353803828044, 0.7944357870512944] [0.018078676043282258, 0.7916374648118407, 0.8913863128628388, 0.11223087961537197]
25500 -1.203416753556308 0.5672580757069173 0.9066666666666666 [0.0104056963729539, 0.8399482178388784, 0.8969041446721246, 0.06607527444937587] [0.8962609702937122, 0.066718448827788, 0.009762521994541636, 0.8405913922172908]
25600 -1.4532490681172816 0.8426792698887808 0.8933333333333333 [0.07995452647345147, 0.8339952043389232, 0.8252982129901402, 0.04741872286415125] [0.8133788068598815, 0.0593381289944094, 0.06803512034319313, 0.8459146104691823]
25700 -1.3891065900760646 0.6345295883511863 0.8933333333333333 [0.12051878033275817, 0.6119206472574805, 0.7732686860490213, 0.28095855302740735] [0.7728145530005754, 0.2814126860758533, 0.12006464728431221, 0.6123747803059257]
25800 -1.1116898185433972 0.5486658892713402 0.8933333333333333 [0.31872582236027724, 0.26562157267790265, 0.6589314109024955, 0.5433878607259911] [0.5746075109730561, 0.6277117606554307, 0.23440192243083757, 0.3499454726073425]
25900 -1.6667274609007277 0.8009534535029701 0.9466666666666667 [0.6626752473442572, 0.28541512519916157, 0.0850186976434864, 0.8602242631464289] [0.28399141932241, 0.6612515414675053, 0.8616479690231807, 0.08644240352023834]
26000 -1.4568403273125472 0.7677491869527283 0.8733333333333333 [0.5863896223731797, 0.5315712357395784, 0.29936831457944507, 0.3293374939744623] [0.2869437109601533, 0.3417620975937544, 0.5739650187538876, 0.5439958393588712]
26100 -1.4756098672572457 0.731503564616988 0.9 [0.885831058000004, 0.020044423657447255, 0.050414777459798325, 0.8437097408827502] [0.01416894199999606, 0.8799555763425528, 0.8495852225402016, 0.05629025911724965]
26200 -1.0908678858094751 0.5473402558214039 0.8933333333333333 [0.8744421941969696, 0.26183848578032703, 0.01066477212395448, 0.6397212145654158] [0.018891139136363824, 0.631494847553006, 0.8826685612093788, 0.2536121187679178]
26300 -1.7075653523595606 0.8716201332909219 1.0 [0.4722998284333514, 0.5257591200915772, 0.014565762505674667, 0.987375288969397] [0.5277001715666486, 0.4742408799084229, 0.9854342374943253, 0.012624711030603282]
26400 -1.494869472282947 0.7236165657805389 0.9333333333333333 [0.7510146499452454, 0.3176412700850501, 0.3285806654714756, 0.46943008116489515] [0.18231868338808715, 0.615692063248284, 0.6047526678618577, 0.46390325216843875]
26500 -1.1721007404045312 0.6135283535798136 0.8266666666666667 [0.19933520191595955, 0.756891156031753, 0.4945209571518716, 0.2025860182337488] [0.6273314647507069, 0.0697755106349137, 0.33214570951479466, 0.624080648432918]
26600 -1.6216602860270295 0.9035394993452412 0.9733333333333334 [0.2906507148325224, 0.6920265219367949, 0.9430619761600082, 0.020927453737341305] [0.6826826185008115, 0.28130681139653874, 0.030271357173324874, 0.9524058795959922]
26700 -1.4384526029465554 0.802103177837066 0.9333333333333333 [0.02080221473005101, 0.7930701890173061, 0.9153979767109242, 0.13739628620838548] [0.9125311186032828, 0.1402631443160269, 0.017935356622409426, 0.7959370471249481]
26800 -2.004804926206184 1.145517469602521 0.8933333333333333 [0.1690509430450914, 0.5724691655735392, 0.7226042441067007, 0.3225423139413361] [0.7242823902882422, 0.320864167759794, 0.17072908922663282, 0.5707910193919976]
26900 -1.361725419810559 0.6829874467342181 0.9066666666666666 [0.02752488776075981, 0.8926090665084301, 0.8507808087834071, 0.04241857028073661] [0.8791417789059068, 0.014057600158236604, 0.05588585788325979, 0.8642480963859301]
27000 -1.3040793942470859 0.707150419398167 0.9133333333333333 [0.3578151060718544, 0.8329139435429659, 0.5547138224945244, 0.08122379455732277] [0.5555182272614784, 0.08041938979036792, 0.3586195108388091, 0.8321095387760115]
27100 -1.2894341036036314 0.6139590124854819 0.8733333333333333 [0.05008719101287458, 0.3333944037864424, 0.7073470743707059, 0.6558379974966442] [0.8232461423204586, 0.5399389295468913, 0.1659862589626275, 0.21749533583668934]
27200 -1.7898766525917507 0.9893292193624308 0.94 [0.22656711327103993, 0.807550142284347, 0.675647119535213, 0.17023562490940045] [0.7134328867289595, 0.13244985771565307, 0.26435288046478705, 0.7697643750905999]
27300 -1.2686923697627692 0.6483585426076158 0.9333333333333333 [0.13709175236530455, 0.9141715100857893, 0.8022426165012, 0.013160787714372622] [0.7962415809680286, 0.01916182324754417, 0.1310907168321327, 0.9201725456189613]
27400 -1.7195059153456274 1.0214630461395182 0.8866666666666667 [0.21076681704979275, 0.7410215822722818, 0.6630952887303975, 0.15844964528086186] [0.6758998496168742, 0.14564508439438534, 0.22357137793626905, 0.7282170213858051]
27500 -1.5816553795036272 0.8546480960400006 0.9066666666666666 [0.4754444110439629, 0.722737597910756, 0.42627962263839225, 0.18887170174022175] [0.43122225562270367, 0.18392906875591047, 0.4803870440282746, 0.7177949649264451]
27600 -1.6943442299660634 0.7825032231533151 0.9066666666666666 [0.3428669084095012, 0.6296305219030874, 0.6074510162813835, 0.23338488673936075] [0.563799758257165, 0.2770361447635792, 0.2992156503852835, 0.6732817799273056]
27700 -1.5778685481336625 0.7951817244086146 0.9333333333333333 [0.15690515488644258, 0.7799829383689836, 0.9146590310864287, 0.01511954232481247] [0.7764281784468907, 0.1533503949643496, 0.018674302246905194, 0.9182137910085214]
27800 -1.402262804841967 0.6893332875694845 0.9733333333333334 [0.045918992790833196, 0.9280138799878497, 0.9591376604849372, 0.01359613340304642] [0.9274143405424993, 0.04531945334548345, 0.014195672848396073, 0.9597371999302877]
27900 -1.5528854155656304 0.7916685333643394 0.9466666666666667 [0.02272986392321791, 0.9047343436763405, 0.9320226230849147, 0.033846502648860015] [0.9239368027434495, 0.04193232299032572, 0.014644043581752128, 0.9128201640178063]
28000 -1.6974865707700288 0.8549111261996449 0.9333333333333333 [0.2806779928630739, 0.7929396483358285, 0.33733562948130974, 0.45571339598645455] [0.65265534047026, 0.14039368499750482, 0.595997703852023, 0.47761993734687846]
28100 -1.676865473200825 0.7952177405058339 0.9866666666666667 [0.6720960645556651, 0.32365830032854886, 0.07018750993916102, 0.9073914585099571] [0.31457060211100124, 0.6630083663381173, 0.9164791567275057, 0.07927520815670867]
28200 -1.460070857037872 0.6847700237582073 0.9066666666666666 [0.44039970756865815, 0.5833496830882283, 0.538597033736667, 0.2509869089397791] [0.4662669590980085, 0.323316983578438, 0.3680696329299994, 0.6556797577268877]
28300 -1.5195731790940428 0.7350181853220972 0.88 [0.4382942072062494, 0.5039079511471833, 0.47198606550080496, 0.3458117761457621] [0.4417057927937505, 0.37609204885281716, 0.4080139344991952, 0.5341882238542378]
28400 -1.512194043321116 0.7595867561151151 0.9466666666666667 [0.7382206815514322, 0.16349922604755152, 0.09236085813610632, 0.8992525675982436] [0.20844598511523446, 0.7831674406191153, 0.8543058085305603, 0.04741409906842357]
28500 -1.6158717086767795 0.7741684220246552 0.9733333333333334 [0.29210265932397206, 0.6862422207631483, 0.7062965339938103, 0.2620252525857369] [0.6812306740093617, 0.287091112570185, 0.26703679933952357, 0.7113080807475973]
28600 -1.6342830356945826 0.8430697622572646 0.92 [0.058565627148003355, 0.8640834116975022, 0.8915977555615707, 0.025753205592923406] [0.8614343728519965, 0.055916588302497704, 0.028402244438428946, 0.8942467944070768]
28700 -1.5021540916358118 0.5169220843622446 0.94 [0.07804806481289257, 0.7655738397346372, 0.8497337753992713, 0.18664432005319853] [0.8619519351871071, 0.174426160265363, 0.09026622460072811, 0.7533556799468019]
28800 -1.3870332350915955 0.7351795832028473 0.92 [0.10213125844797019, 0.6691338591421582, 0.8178554841170392, 0.2508793982928321] [0.8178687415520293, 0.2508661408578416, 0.10214451588296063, 0.6691206017071678]
28900 -1.6337370525300456 0.8165158851941541 0.9666666666666667 [0.6616375259511363, 0.2661547228564969, 0.5468370376454168, 0.45870404688028316] [0.30502914071553044, 0.7005119438101701, 0.41982962902125, 0.5079626197863835]
29000 -1.4480201693614614 0.7650893220589831 0.9866666666666667 [0.9399023594291409, 0.04375194586185887, 0.5518056972142267, 0.43787333082810753] [0.046764307237526184, 0.9429147208048084, 0.43486096945244007, 0.5487933358385593]
29100 -1.3978830358297958 0.7234484900707248 0.8666666666666667 [0.8071615419665433, 0.295469747339641, 0.06402823247905803, 0.5666738115480908] [0.0595051247001236, 0.5711969193270262, 0.8026384341876084, 0.2999928551185757]
29200 -1.4807493908995206 0.6754846570334939 0.96 [0.128145043793066, 0.8845345854519867, 0.5520526380090561, 0.3552677327458921] [0.8318549562069338, 0.07546541454801381, 0.40794736199094395, 0.6047322672541076]
29300 -1.250400941353031 0.5622113284215614 0.98 [0.011911877264041007, 0.9692726282214806, 0.9663759563463863, 0.012439538168091962] [0.9680881227359586, 0.01072737177851948, 0.013624043653613409, 0.9675604618319085]
29400 -1.5541777078178325 0.7150893051861518 0.8333333333333334 [0.1179699118961561, 0.4606827255801518, 0.6704069990157685, 0.4176070301745894] [0.715363421437177, 0.3726506077531815, 0.16292633431756437, 0.4157263031587437]
29500 -1.7268395823991092 0.905469542612435 0.9066666666666666 [0.3321264891677156, 0.7139778366367042, 0.5515619749663113, 0.21566703256260075] [0.5745401774989513, 0.19268883002996134, 0.35510469170035514, 0.6909996341040664]
29600 -1.66699550721488 0.8292054903337646 0.8733333333333333 [0.5023100627371438, 0.6595522808396517, 0.4259061083990583, 0.1588982146908121] [0.3710232705961892, 0.21378105249368137, 0.4474272249342747, 0.7144351186425214]
29700 -1.547655834004713 0.7708937675067651 0.94 [0.30068042260479333, 0.650897037473711, 0.9100809761014093, 0.018341563820086323] [0.6393195773952066, 0.2891029625262889, 0.029919023898590573, 0.9216584361799134]
29800 -1.3285522515418873 0.6538569632183658 0.9733333333333334 [0.9643913629179878, 0.11270465904968811, 0.4252487135069863, 0.4443219311920048] [0.008941970415345649, 0.860628674283645, 0.5480846198263468, 0.5290114021413287]
29900 -1.333427520991024 0.6474981876091762 0.9466666666666667 [0.43733363782613355, 0.6428845839193821, 0.6069772460982977, 0.20613786548952104] [0.5093330288405334, 0.3037820827472847, 0.33968942056836887, 0.7405288011771457]
30000 -1.3467295235317358 0.6919403977816175 0.9266666666666666 [0.8754273845067568, 0.14633261077804877, 0.6329496078782201, 0.19862373017030752] [0.05123928215991006, 0.7803340558886175, 0.2937170587884459, 0.7280429364963598]
