step Ek EV sign nup ndn
100 -1.6464293478890004 0.8046584494479672 0.9333333333333333 [0.2769950072050947, 0.6545778657377297, 0.8974634126506786, 0.037630381073164396] [0.6563725244801942, 0.27872126926445734, 0.03590527321214363, 0.8956675997098722]
200 -1.6589367519087184 0.8750701157918754 0.9 [0.21132678878791264, 0.7682382895845957, 0.6139118236818962, 0.2065230979455958] [0.6886732112177576, 0.13176171040244233, 0.2860881763212593, 0.6934769020585403]
300 -1.3509236828529971 0.5987056067363394 0.96 [0.14420296761878923, 0.8186429503556215, 0.5986691107208634, 0.35848497130472684] [0.8157970323888154, 0.1413570503482016, 0.3613308882038323, 0.601515029059151]
400 -1.8619520371061142 0.90309968603036 0.9 [0.149904748416447, 0.8463541182321174, 0.5771253764987531, 0.22661575685268256] [0.750095252031215, 0.05364588169847676, 0.3228746229815868, 0.6733842432887207]
500 -0.820229411682971 0.39168461801372806 0.9866666666666667 [0.03491933133815949, 0.9514254618590223, 0.201924673775731, 0.7850638663604215] [0.9517473353266552, 0.03524120480956273, 0.7847419928909809, 0.2016028003061341]
600 -1.6148690108826615 0.8939646903758514 0.9333333333333333 [0.2887676557664903, 0.642171530634345, 0.9221754473247512, 0.013552032941079073] [0.6445656774988562, 0.29116180267797515, 0.01115788605387894, 0.9197813004359569]
700 -1.4842817795998127 0.800060579004326 0.9333333333333333 [0.2954150592060589, 0.6378241217751401, 0.5545030233173778, 0.3789244623680897] [0.6379181344325919, 0.2955093505381539, 0.378830319216921, 0.5544088624790001]
800 -1.4462935535835493 0.6498590982597612 0.9466666666666667 [0.018068818635889435, 0.9294841121846399, 0.9144753004468942, 0.03130510206590956] [0.9285978480326903, 0.017182554480071884, 0.03219136622017448, 0.9153615646003971]
900 -1.3835183407092522 0.6520400552159469 0.8666666666666667 [0.24119618190390582, 0.852664705970046, 0.628136331877694, 0.011336113581687304] [0.6254704847618288, 0.014001960696724354, 0.23853033478981775, 0.8553305530849628]
1000 -1.826941152094383 0.8080263837318282 0.8533333333333334 [0.2984735071891162, 0.737057771172308, 0.2997760950910544, 0.37135929321418826] [0.5548598234501634, 0.11627556340370049, 0.5535572409492353, 0.4819740388635676]
1100 -1.3807063749245558 0.6599667919778393 0.92 [0.43285481513024215, 0.24110804405346106, 0.6285228530810949, 0.5375142877352016] [0.48714518488146324, 0.678891955936802, 0.29147714689266846, 0.38248571228906625]
1200 -1.545691196773988 0.6969949132840019 0.9066666666666666 [0.5644503914662473, 0.7295589532972613, 0.4056998605847793, 0.1136241279850456] [0.34221627519646786, 0.17710771334182773, 0.5009668060749223, 0.7930425387201162]
1300 -1.7766434253148293 0.8806498279476375 0.9266666666666666 [0.48767426474376063, 0.503994649161542, 0.5482497425478918, 0.3134146768801393] [0.43899240193463585, 0.4226720174936899, 0.37841692412431466, 0.6132519897806933]
1400 -1.1311100433280485 0.5812951721178814 0.9533333333333334 [0.8660315278531034, 0.009224941714466495, 0.7769967470559493, 0.25441345004314625] [0.08730180558340367, 0.9441083916470653, 0.1763365863914335, 0.6989198830447652]
1500 -1.4867650251236177 0.6736078083905498 0.9133333333333333 [0.18069233500509033, 0.7423976658803213, 0.4745859182891985, 0.42899074749205673] [0.73264099834974, 0.17093566743416663, 0.4387474150536364, 0.48434258582912293]
1600 -0.9148636676080414 0.4458539964542879 0.9533333333333334 [0.1325724905940039, 0.9462735204575464, 0.1831298956681462, 0.6446907599469708] [0.82076084273909, 0.007059812874045197, 0.7702034377567966, 0.30864257329673445]
1700 -0.9190008671165271 0.4523085336955799 0.9733333333333334 [0.052465479682901876, 0.9203778296234432, 0.1788512376519906, 0.7949721197083316] [0.9208678536349147, 0.052955503728178754, 0.7944820953062017, 0.178361213997371]
1800 -1.563513815089521 0.664257639966429 0.9666666666666667 [0.3125234687261698, 0.7055438514974011, 0.8826559019858428, 0.0326101111239196] [0.6541431979404754, 0.2611228151692596, 0.08401076468098684, 0.9340565555426114]
1900 -1.542891647895298 0.7388390158954427 0.9533333333333334 [0.2758885034730586, 0.7800483796274439, 0.6949344992049166, 0.1557952843612476] [0.6774448302880732, 0.17328495322171936, 0.25839883427080557, 0.7975380488860679]
2000 -0.9620784615687882 0.5385618672294695 0.96 [0.327724375894488, 0.9022969010410268, 0.029357477618618823, 0.6606212454458661] [0.6322756240902605, 0.057703098973697124, 0.9306425223871323, 0.29937875454890883]
2100 -1.3635685685449452 0.7077833993126154 0.8933333333333333 [0.06210406161588896, 0.879978139391191, 0.7556689546253543, 0.08891551103423224] [0.8312292719243085, 0.013355202271700532, 0.13766437735721568, 0.8044178151134415]
2200 -1.329434472230865 0.5697648321374331 0.88 [0.015878678474523948, 0.7831316654093959, 0.8720561419915243, 0.08893351412455616] [0.864121321542529, 0.09686833463481523, 0.00794385793912317, 0.7910664858835328]
2300 -2.028618753320352 1.0107925211399276 0.9733333333333334 [0.0643929012406746, 0.9513327677982052, 0.4284440971855934, 0.5024969004421926] [0.9089404320907791, 0.022000565537689053, 0.544889236136034, 0.47083643290216465]
2400 -2.183097313289469 0.9493785855464906 0.9466666666666667 [0.3171361145759045, 0.5551900590963772, 0.11485552268983805, 0.9061516369712141] [0.6295305532297416, 0.39147660673100676, 0.8318111437925177, 0.04051502958006743]
2500 -1.523886031224359 0.6974384434920358 0.96 [0.017362359021717736, 0.935703696951526, 0.839472433643805, 0.12746151038295128] [0.9426376409798778, 0.024296303094869316, 0.12052756628642877, 0.8325384896388232]
2600 -1.2213507353699398 0.6555649999121728 0.8933333333333333 [0.014240664979264024, 0.4768551863202108, 0.8820539665834537, 0.4135168487837384] [0.8790926688968103, 0.41647814697939095, 0.011279366205231511, 0.4798164845852336]
2700 -1.4054830682270867 0.654940037735871 0.96 [0.01761093748246797, 0.9299651311572013, 0.9466619255977077, 0.025762005762624652] [0.9423890625202288, 0.030034868811023997, 0.013338074523953572, 0.9342379941447931]
2800 -1.6207030611884945 0.9438679460325655 0.9333333333333333 [0.45024909010918046, 0.5424891175850157, 0.6104941176304426, 0.26343434134202814] [0.4830842431746128, 0.3908442184367745, 0.3228392121241599, 0.6698989929311203]
2900 -1.3557916145684246 0.6925204787334018 0.96 [0.2745742151143032, 0.6839538975247667, 0.945957491832404, 0.015514395528526006] [0.6854257848586698, 0.27604610248612627, 0.014042508206019716, 0.9444856044491848]
3000 -2.01356412680504 1.015046069139944 0.92 [0.10831830787081796, 0.7465376871423546, 0.6150013117760575, 0.3701426932107697] [0.8116816921301834, 0.1734623128576875, 0.30499868822428466, 0.5498573067878448]
3100 -1.691259892914012 0.7752532242714705 0.9733333333333334 [0.27577201675845714, 0.6912846350214901, 0.8986841649829148, 0.08092584990380472] [0.6975613182917879, 0.2820486963685332, 0.07464916869692927, 0.8924074833094162]
3200 -1.6304826453601535 0.7606040657286518 0.9733333333333334 [0.09739938692703598, 0.8737225502008369, 0.7991390949282317, 0.17640563461056183] [0.8759339464077929, 0.09961078315264629, 0.17419423839491394, 0.7969276987113131]
3300 -1.7383946622597235 0.8039558075630713 0.9133333333333333 [0.7096887339792245, 0.3525714379418674, 0.07618192125461169, 0.6882245734909631] [0.20364459931191659, 0.560761943333979, 0.8371514116625192, 0.22510871235825203]
3400 -1.3520787434726587 0.7082725709623071 0.8866666666666667 [0.09724097826601451, 0.8744056316716086, 0.7835764027582851, 0.01811032063742485] [0.7894256884012256, 0.01226103499707256, 0.10309026390556568, 0.8685563460294693]
3500 -1.64204439978543 0.9517198322812299 0.8533333333333334 [0.20799094513802072, 0.6896843386031698, 0.36219185527838843, 0.4467995276470873] [0.6453424745402456, 0.16364899713210923, 0.4911414080265692, 0.40653378696774234]
3600 -1.5617814355464656 0.8544437163551815 0.9266666666666666 [0.42930964449529135, 0.34855238154357615, 0.6001732699144953, 0.4752980373799714] [0.4973570221518751, 0.5781142851116101, 0.3264933967776845, 0.45136862929216404]
3700 -1.5495304940910515 0.7164292534223985 0.84 [0.48325533926352593, 0.7149643949613778, 0.31234788077300457, 0.1694323850020922] [0.35674466097900226, 0.12503560485513673, 0.5276521202043591, 0.6705676139615019]
3800 -1.2778165240956711 0.6546503781285762 0.9133333333333333 [0.6772454673172551, 0.22601069492087916, 0.2420335708898429, 0.6813769335386889] [0.236087866015582, 0.687322638412377, 0.6712997624440586, 0.23195639979464994]
3900 -1.4403273537263013 0.7456610774423281 0.8733333333333333 [0.2200931040877486, 0.8553657935990505, 0.6396377197456684, 0.031570049234197775] [0.6532402291430409, 0.017967539739344694, 0.2336956136834301, 0.8417632841008517]
4000 -1.7332657996735876 0.8435481550606219 0.9266666666666666 [0.294284407141985, 0.6701768484669602, 0.6568864252018373, 0.23198565252255055] [0.6323822599988231, 0.25648981786489905, 0.26978024149603286, 0.694681013973579]
4100 -1.526874171787814 0.7217348531288621 0.8533333333333334 [0.0828109416218395, 0.5771070333993321, 0.7535500178186487, 0.2931986738268468] [0.770522391713966, 0.2762262998964166, 0.09978331537070596, 0.5601346596855787]
4200 -2.048807195739896 1.0391509273371562 0.9333333333333333 [0.8396673003939724, 0.08378466955820163, 0.37368360720061056, 0.569531089513882] [0.09366603306074583, 0.8495486637884015, 0.559649726012909, 0.36380224380461035]
4300 -1.6007681066748887 0.7322638312568588 0.9133333333333333 [0.22336723043044876, 0.48788203212158077, 0.5699671309322663, 0.5454502731823707] [0.6899661029672881, 0.4254513010043735, 0.34336620236382664, 0.3678830603311791]
4400 -1.8719440976292625 0.9823032965715309 0.9666666666666667 [0.753437494871452, 0.19310120972376837, 0.2753371287370075, 0.7114575000011069] [0.21322917165482827, 0.773565456961891, 0.6913295377419285, 0.2552091669746852]
4500 -1.586411010049724 0.8294397970611812 0.9333333333333333 [0.1370237729715211, 0.7956085729607603, 0.8849560166901929, 0.04907830404419265] [0.7963095603574251, 0.1377247605315947, 0.048377316615136084, 0.8842550291625105]
4600 -1.550926298283299 0.7162297206109225 0.96 [0.2465246309723913, 0.713080556951916, 0.7009611944612129, 0.2594336176144805] [0.7134753689197962, 0.24691944263055082, 0.25903880606207236, 0.7005663823875808]
4700 -1.7160406328453954 0.9211590380236635 0.88 [0.28688566489899486, 0.6553459301132559, 0.6782724979600396, 0.1394959070277093] [0.5931143347895003, 0.2246540701669314, 0.2017275019759201, 0.7405040930676476]
4800 -1.2728975608635578 0.6348368255278155 0.9466666666666667 [0.012231935863284395, 0.7732403412502276, 0.9305959207052125, 0.17726513551460893] [0.934434730783723, 0.1734263250047049, 0.01607074605960651, 0.7694015314852984]
4900 -1.6509764532254787 0.8741656656236025 0.96 [0.19454867394853806, 0.7724791713990229, 0.9378559646741913, 0.015116189978247888] [0.7654513263424733, 0.18752082829503103, 0.02214403532557176, 0.944883810036924]
5000 -1.3842604649413144 0.7241663530609934 0.8933333333333333 [0.10201882231603089, 0.575908006746589, 0.8719827081894458, 0.23675712941460114] [0.791314511186245, 0.3174253264403874, 0.02135062512607141, 0.6565762039139628]
5100 -1.2733200508733737 0.599895787166702 0.8333333333333334 [0.03291612024554983, 0.4967033679481124, 0.7037211753053546, 0.4333260031676497] [0.8004172048166033, 0.3366299658943801, 0.12961216608170104, 0.4000073298739824]
5200 -1.3922735164757987 0.6770159974120469 0.94 [0.018853136286560695, 0.9179470870959137, 0.9229350969316249, 0.02026467968589957] [0.9211468637134438, 0.022052912904086962, 0.017064903068358353, 0.9197353203141102]
5300 -1.4882507284655957 0.6785017538762088 0.86 [0.6348877005755489, 0.4761655675635559, 0.26056719923406235, 0.3483795326268328] [0.22511229961692464, 0.38383443208501256, 0.5994328005755646, 0.5116204677224985]
5400 -1.645223506941503 0.8483069139695822 0.94 [0.24920165797378516, 0.6775636463700911, 0.40678966002575334, 0.5464450356303701] [0.6907983691902683, 0.2624362921406979, 0.5332102276625913, 0.3935551110064425]
5500 -1.455939400993562 0.6661240080978832 0.92 [0.03231325733412577, 0.9089688986924851, 0.8794407758576339, 0.019277068115755278] [0.8876867426076867, 0.011031099721880048, 0.04055922420524382, 0.9007229334651894]
5600 -1.2837477406464255 0.5879690710090798 0.9066666666666666 [0.322243710211767, 0.894280379876738, 0.5859126806957695, 0.010896562549059642] [0.5844229561841332, 0.012386286777879832, 0.3207539861993643, 0.8957701041719566]
5700 -1.3237554995094514 0.6174734597754746 0.9066666666666666 [0.3794909214554925, 0.4837773591986878, 0.5259235093361937, 0.4241415433429589] [0.5271757452125291, 0.4228893074668949, 0.38074315732913583, 0.48252512332477304]
5800 -1.6289800517945858 0.7429638361958243 0.8666666666666667 [0.4100866209374402, 0.6751898522934415, 0.4646925423311088, 0.18336431777134246] [0.4565800443531746, 0.19147681400829447, 0.4019741256010707, 0.683302349370794]
5900 -2.1793323217330003 1.1895319601493182 1.0 [0.0912421433512348, 0.9321080580663498, 0.7699111865351853, 0.20673861204722963] [0.9087578553476096, 0.06789194265639481, 0.23008881427878752, 0.7932613877172083]
6000 -1.3102625162028698 0.6082450713556148 0.88 [0.7129789464872182, 0.8188755397798585, 0.12469225930977182, 0.10345325442315169] [0.16702105366768139, 0.061124460086912746, 0.75530774056093, 0.7765467456844758]
6100 -0.813883663407113 0.4122780411311473 0.84 [0.8297644037444606, 0.5968013901014756, 0.009944389513082682, 0.24348981664098143] [0.01023559648030727, 0.24319861007075133, 0.8300556102597331, 0.5965101831892087]
6200 -1.170471071147802 0.6302503917800472 0.9333333333333333 [0.9158819863892282, 0.3782012189914017, 0.010031576798709235, 0.5625518844873281] [0.01745134270905158, 0.5551321143518216, 0.9233017607446451, 0.37078144886114933]
6300 -1.350569240442684 0.6368752682050615 0.9 [0.42232477874924945, 0.6301357645325384, 0.4783578828938913, 0.26918157382432106] [0.47767521959996617, 0.2698642287540248, 0.42164211832615167, 0.630818433319857]
6400 -1.7835245719765245 0.7795061612446056 0.94 [0.18618268559589768, 0.8794998428174288, 0.32451740497185566, 0.48980006661481884] [0.7538173137890403, 0.06050015794701425, 0.6154825949562563, 0.4501999333076891]
6500 -1.6490600718264643 0.8244272792119033 0.9266666666666666 [0.4358758162014009, 0.5854560595039968, 0.13120648959118858, 0.7007949680367465] [0.4907908510374792, 0.341210600745326, 0.7954601830075648, 0.22587169854296338]
6600 -2.1493700491898253 1.1773181514362128 0.8733333333333333 [0.7412578058464091, 0.2875439295865941, 0.2915623720284668, 0.42630255920519655] [0.1320755272662065, 0.5857894038775029, 0.5817709613209933, 0.4470307742019632]
6700 -1.7190056989253477 0.8020627678310247 0.96 [0.32528553641532754, 0.6339254362745761, 0.9296028309999739, 0.03118619631012298] [0.6347144635400764, 0.3260745637321821, 0.030397168831452756, 0.9288138038962876]
6800 -1.5196214188452997 0.9130806975952093 0.92 [0.18509102727389504, 0.8865883324277131, 0.4584035042142251, 0.3099171360841669] [0.7349089511540063, 0.03341166837631818, 0.46159651713891636, 0.6100828633307593]
6900 -1.7854188970020635 0.976513057049205 0.9066666666666666 [0.519666724456862, 0.45089189254538153, 0.39498083626886354, 0.44779388006222587] [0.3869999411878134, 0.4557747754221172, 0.5116857885339422, 0.4588728281894608]
7000 -0.9058716903828236 0.4494224233899343 0.9866666666666667 [0.17522468521819892, 0.811419440029113, 0.015273115956425396, 0.9714160921295966] [0.8114419811333248, 0.1752472269707845, 0.9713935523989444, 0.015250572830280215]
7100 -0.972644337912886 0.46115932969551154 0.84 [0.4581203309295497, 0.6145204100396776, 0.5075767902523182, 0.09978246877845447] [0.3818796693489008, 0.2254795897780862, 0.33242320979921663, 0.7402175310737963]
7200 -1.0030378674111262 0.49105539134652226 0.98 [0.4847863555682086, 0.4959203782594735, 0.16883561331146402, 0.8104576528608539] [0.495213644076868, 0.4840796220618116, 0.8111643866961262, 0.16954234716519404]
7300 -1.7550680293846115 0.8353202548737106 0.8533333333333334 [0.4893787101187756, 0.3612678097766134, 0.3865824425331162, 0.46943770423816206] [0.3639546106298872, 0.49206553435182976, 0.4667509029426747, 0.3838956187422748]
7400 -1.6096392607199672 0.7580235631236516 0.8933333333333333 [0.2831586946576481, 0.6190467349940804, 0.7424682495291727, 0.1419929874857664] [0.6101746386815394, 0.27428659833761687, 0.15086508379574312, 0.7513403458517669]
7500 -1.7363887957062252 0.8873081987386581 0.8733333333333333 [0.506189458184312, 0.7268942008202088, 0.17840847814145738, 0.33517452952068816] [0.3671438710467483, 0.14643913226051053, 0.6949248586872712, 0.5381588046721364]
7600 -1.7043644994734715 0.7772420235479826 0.96 [0.5298055366788442, 0.43498214879010455, 0.43326666862036317, 0.5219456459106884] [0.430194463327138, 0.5250178512098722, 0.5267333313725605, 0.4380543540904288]
7700 -1.334168528065834 0.6217018138789644 0.9466666666666667 [0.2957163579950386, 0.5849148181126015, 0.8883786877968843, 0.12432346942880841] [0.6509503086717505, 0.361751848553251, 0.05828797886747624, 0.8223431972408553]
7800 -1.3031770249516523 0.6788732116933678 0.9066666666666666 [0.5395818780430164, 0.2645038040731382, 0.37871315612718065, 0.6305344950899981] [0.36708478864183886, 0.6421628625891219, 0.5279535105944431, 0.2761321715079293]
7900 -1.6972082502229633 0.908540861368539 0.9333333333333333 [0.5731512484268066, 0.3756955553921876, 0.40330492337423635, 0.5145149394734364] [0.3601820849023048, 0.5576377778698551, 0.5300284099603866, 0.41881839393412085]
8000 -1.4440487682927772 0.6864664319540771 0.9333333333333333 [0.3293060252978562, 0.8503490648794603, 0.5669527713976507, 0.1200588050916996] [0.6040273081827237, 0.08298426879065099, 0.36638056204081926, 0.8132745276524733]
8100 -2.0608550316837424 1.0426257556333085 0.9066666666666666 [0.36259967985119773, 0.7603563108849468, 0.3677794923595943, 0.32259785023759474] [0.5440669799510258, 0.14631035563171302, 0.5388871809376339, 0.5840688168129611]
8200 -1.4528948670232524 0.7172193832706261 0.9266666666666666 [0.027393993097018374, 0.8694087684549411, 0.8837169355328689, 0.07281363624850408] [0.8992726736434139, 0.05725789822036667, 0.04294973106725062, 0.8538530304023025]
8300 -1.4886030894285596 0.8011195552120204 0.9266666666666666 [0.08094705147174551, 0.8263722369694496, 0.8970811496214517, 0.048932895270686935] [0.8457196151544388, 0.10029442749616688, 0.029585517052502733, 0.8777337736302263]
8400 -1.7005484432794182 0.8652033833983805 0.9466666666666667 [0.07308171299070737, 0.8991249087787856, 0.6757845930599193, 0.2453421185039205] [0.8735849537183975, 0.04754175800733854, 0.27088207326041386, 0.7013245483471829]
8500 -1.026338626454675 0.5130270519811029 0.88 [0.5235481386512617, 0.8677274067174814, 0.3559808741816586, 0.012743580449598595] [0.35645186134553825, 0.012272593282557743, 0.524019125821986, 0.8672564195499183]
8600 -1.2759901667893765 0.7242404036518866 0.96 [0.6845099351783976, 0.3715713745331867, 0.8077753353932741, 0.05614335489514147] [0.2754900648934254, 0.5884286254019941, 0.1522246646922878, 0.9038566450122926]
8700 -1.5483403456061036 0.7979069343720706 0.9733333333333334 [0.4338536381786515, 0.5402293495031015, 0.3704644194340261, 0.6021192595508885] [0.5394796939333919, 0.43310398431402336, 0.6028688929667534, 0.3712140954524981]
8800 -1.224497310917061 0.7360072904441612 0.8533333333333334 [0.6862820676562206, 0.5169199911073302, 0.2986439327480597, 0.20482067515505578] [0.16705126550132532, 0.33641334223977737, 0.5546894005882842, 0.64851265833728]
8900 -1.5596605072582683 0.7552155069214986 0.9466666666666667 [0.19363420928361366, 0.752349837531256, 0.9359927658579922, 0.011356520660471848] [0.7530324573766972, 0.19431682914183404, 0.010673900808539001, 0.9353101460062638]
9000 -1.5879551460509482 0.8033752619930243 0.8933333333333333 [0.7195613481786665, 0.5262620784115639, 0.11112276313419592, 0.42972047694224114] [0.17377198516753914, 0.3670712546165757, 0.7822105710670164, 0.46361285581553524]
9100 -1.4085537861891408 0.8012892641503644 0.8866666666666667 [0.344088953780679, 0.5943615193526742, 0.3584474977989364, 0.47643536240104395] [0.5425777129615336, 0.2923051473464526, 0.5282191687960262, 0.41023130422932047]
9200 -1.9380962006046014 0.9889870310885585 0.94 [0.2738143887835788, 0.5067362242708892, 0.5076416370006691, 0.5918077499448628] [0.6661856112334923, 0.43326377550669054, 0.4323583632176342, 0.3481922500421834]
9300 -1.5385474983202096 0.8386416819782448 0.9533333333333334 [0.036844121943753944, 0.9120025176426848, 0.9304282683006299, 0.027391758779596622] [0.9164892113901698, 0.04133081569041327, 0.02290506503279838, 0.9259415745532852]
9400 -1.3136923796745137 0.6460997724024188 0.9133333333333333 [0.011942508356957402, 0.8807556126627119, 0.8933235899197998, 0.04064495572719791] [0.9013908249781518, 0.03257772067125908, 0.020009743411358114, 0.8726883776058985]
9500 -1.4473770641892372 0.66383320142863 0.88 [0.2906693486140123, 0.6654567668261648, 0.5668801814551143, 0.2369937031047093] [0.5893306513101844, 0.21454323276170303, 0.31311981853336285, 0.6430062973947498]
9600 -1.4473462818382 0.7288507507404848 0.94 [0.9121810261002662, 0.011220832023456502, 0.13095302342326506, 0.825645118453012] [0.02781897388714359, 0.9287791679784076, 0.8090469765833678, 0.1143548815510815]
9700 -0.7885578981463612 0.3786729388886082 0.9066666666666666 [0.8989648346773716, 0.83239223120936, 0.007488480773857113, 0.07448778667274478] [0.007701831972984225, 0.07427443543305813, 0.8991781859262522, 0.8321788800010395]
9800 -0.9150078130227223 0.47503073819333214 0.8733333333333333 [0.5560966292949272, 0.8657445699728682, 0.3180431699630232, 0.0067822974358478765] [0.3172367031609695, 0.007588763276505827, 0.5552901642456908, 0.866551035983501]
9900 -1.5540953688669432 0.7091120018348147 0.8866666666666667 [0.3387112285249689, 0.7463796720033349, 0.6061071324563305, 0.08213530034869959] [0.5479554382018786, 0.1402869947031408, 0.2805595340671291, 0.804531366361185]
10000 -1.0927438027244052 0.5369164146866018 0.8733333333333333 [0.5516288941170182, 0.14995127904010588, 0.18290003645802946, 0.8621864570515129] [0.3217044392144301, 0.7233820542934101, 0.6904332968754193, 0.011146876283407237]
10100 -1.5171254846398468 0.7835404166197681 0.9066666666666666 [0.8825018547516396, 0.036206410507866986, 0.026260969523443402, 0.8683640985503835] [0.02416481190462636, 0.8704602561322476, 0.880405697181594, 0.038302568114865626]
10200 -1.0163327910386162 0.4634071105410289 0.9866666666666667 [0.9758800024809939, 0.008773028090100395, 0.5088448784999154, 0.479835424262324] [0.010786664202210458, 0.9778936385547856, 0.47782178817224047, 0.5068312424040959]
10300 -1.5520035622089328 0.8206068342145252 0.9533333333333334 [0.05137354365935835, 0.9011152661873567, 0.5827825715326049, 0.37139528528734655] [0.9019597896794854, 0.05221806714004769, 0.37055076181084956, 0.5819380480362842]
10400 -1.2769051340408908 0.6306913747407633 0.9066666666666666 [0.2472502145563467, 0.8908031289462325, 0.6599144591562568, 0.015365530674497939] [0.659416452111716, 0.015863537719149032, 0.2467522075098868, 0.8913011359925811]
10500 -1.215848606880545 0.5073783641879395 0.9 [0.2522345328274266, 0.6641899591226721, 0.6468764629401559, 0.23669904510974504] [0.6477654671328267, 0.23581004084298982, 0.25312353703895596, 0.6633009549852279]
10600 -1.4370778233888686 0.6468818888707966 0.8933333333333333 [0.8854183863417013, 0.41281997773637724, 0.013842798990689067, 0.47458550359789853] [0.007914950380020562, 0.48051335162044667, 0.8794905353754208, 0.41874782929077903]
10700 -1.6186442520909898 0.6977375073719312 0.84 [0.5131015990360072, 0.48017577449586873, 0.4731227144195529, 0.21359991204857096] [0.3268984010044441, 0.35982422546957243, 0.36687728554001786, 0.6264000879859659]
10800 -1.3433957838540294 0.662209579863384 0.8333333333333334 [0.09108043143503684, 0.5096448126556387, 0.7476943817088721, 0.31824704086712013] [0.7422529028981837, 0.32368852134170356, 0.08563895193132506, 0.515086290495454]
10900 -1.4433093233892138 0.7303405263453698 0.9666666666666667 [0.17167044802680922, 0.7974067432340054, 0.6724773055266925, 0.29177883654582665] [0.7949962186390871, 0.16925992343787274, 0.29418936114110233, 0.6748878301152708]
11000 -1.885513514002181 0.839943962083998 0.9333333333333333 [0.5061158251681189, 0.42545132486825843, 0.22323598860449417, 0.7118635280257958] [0.42721750897486155, 0.5078820075275454, 0.7100973448719387, 0.22146980529232024]
11100 -1.5102048711513623 0.795178604717128 0.96 [0.20273902648394249, 0.7620857379546487, 0.7492766603431007, 0.20589857521830804] [0.7572609734348493, 0.197914262106962, 0.21072333963167064, 0.7541014248265182]
11200 -1.3511676642930237 0.6952334333189937 0.8666666666666667 [0.4032136165438493, 0.23473521117049506, 0.6820466813301512, 0.41333782428883753] [0.4634530503010178, 0.6319314553036237, 0.18461998529409904, 0.4533288424345929]
11300 -1.2699001018793623 0.7295438308730653 0.88 [0.4741451354344284, 0.041652210636218046, 0.5023559112690159, 0.7418467426603371] [0.40585486459243797, 0.8383477893371291, 0.3776440887247118, 0.13815325734572112]
11400 -1.1529392289600757 0.5668787888037502 0.9133333333333333 [0.2746469558733908, 0.5738841970171925, 0.6379399071409669, 0.34019560663511594] [0.6386863774599342, 0.3394491363161455, 0.27539342619237595, 0.5731377266982106]
11500 -1.4321272648678485 0.7440225084268891 0.9133333333333333 [0.8208065263638963, 0.2331369047968764, 0.16201979048540044, 0.6107034450204942] [0.0925268443787802, 0.6801964751980709, 0.7513134607229704, 0.30262988636684485]
11600 -1.2768729680904265 0.5559864097130518 0.96 [0.4566047656306978, 0.5028336156862299, 0.8162983008164604, 0.144263317866612] [0.5033952341264528, 0.45716638428759165, 0.1437016993937408, 0.8157366821922143]
11700 -1.485519425406045 0.8002096449922699 1.0 [0.8514759170528404, 0.14796750277748524, 0.6683493089281836, 0.33220727124149096] [0.14852408240275733, 0.8520324972591011, 0.33165069107185313, 0.667792729266287]
11800 -1.3789265712111753 0.629134366193396 0.88 [0.00881770461177039, 0.5901538702628731, 0.8472856632884358, 0.3137427618369205] [0.8711822954016821, 0.2898461297899878, 0.03271433671088631, 0.5662572380974434]
11900 -1.7011625309404492 0.8836419593010495 0.92 [0.378602751147293, 0.5092292340749284, 0.8106087964709291, 0.14155921830684992] [0.5413972482849045, 0.41077076648155064, 0.10939120353862913, 0.7784407816949158]
12000 -1.3465581832180944 0.628360095189629 0.9133333333333333 [0.41532686177939554, 0.5512547547888603, 0.2229213324988862, 0.6371637175995238] [0.4980064715385442, 0.36207857845159697, 0.690412001237793, 0.2761696154387319]
12100 -1.4907372473983667 0.8122774249147607 0.8866666666666667 [0.8074601388371199, 0.1086646296816938, 0.009147751596339085, 0.848060813218181] [0.07920652780981215, 0.7780020370135469, 0.8775189150616921, 0.038605853448282185]
12200 -1.940806938494144 0.9537333528448401 0.9066666666666666 [0.5957220397835019, 0.5095337640517515, 0.24464312122563997, 0.463434408272439] [0.31094462671118267, 0.39713290315956107, 0.6620235454446995, 0.44323225801788957]
12300 -1.5355673455472278 0.7172863300444341 0.8933333333333333 [0.07775973101625869, 0.8177022173059717, 0.8799005539425989, 0.011304164401837116] [0.8155736022978435, 0.0756311160305469, 0.01343277937438111, 0.8820291689638954]
12400 -1.127265462933128 0.5218667854897322 0.92 [0.5325831046378882, 0.6032798661335874, 0.698077890655945, 0.0060591385725797114] [0.3874168953584915, 0.31672013386062176, 0.22192210935165965, 0.9139408614292275]
12500 -1.3232068037513065 0.6493826906513532 0.9733333333333334 [0.4137316861827158, 0.5607820780182063, 0.9597148762493138, 0.012438026216430016] [0.5596016471731913, 0.412551255310578, 0.013618457133908378, 0.9608953070489887]
12600 -1.358976184844625 0.7328892835872233 0.9866666666666667 [0.9776773070964467, 0.010339628551643365, 0.6008205382801893, 0.3844958594050532] [0.008989359509521648, 0.9763270384689383, 0.38584612523470874, 0.6021708101201643]
12700 -1.7356388880181544 0.9168010730688161 0.8933333333333333 [0.574480710170851, 0.606765367891116, 0.0585562880948342, 0.5468643005098662] [0.3188526231619426, 0.28656796543975144, 0.8347770452416958, 0.34646903282327723]
12800 -1.2890144747017787 0.6025456947568029 0.9533333333333334 [0.5485255514201205, 0.4403869260131652, 0.9064133074434918, 0.01134088178988875] [0.40480778196526296, 0.5129464072690754, 0.046920025763430934, 0.9419924516688967]
12900 -1.5100251810804821 0.7823990537781501 0.9533333333333334 [0.23452337761019326, 0.7233685843664345, 0.7799474227983474, 0.1688272818916913] [0.7188099556628927, 0.22996474903504308, 0.17338591052661628, 0.7845060514421143]
13000 -1.1839486894776863 0.6552104151983177 0.9466666666666667 [0.8286145031327936, 0.11844152048206723, 0.7038270355495314, 0.24245027416894135] [0.11805216352466222, 0.8282251461994263, 0.24283963113128432, 0.7042163924779611]
13100 -1.5543693906890013 0.7990880900616554 0.9733333333333334 [0.1346605314074641, 0.8351840055914317, 0.6733143806191164, 0.30350774904865424] [0.8386728015954874, 0.13814932801118743, 0.30001895276882073, 0.6698255842911709]
13200 -1.3878915254003787 0.6955852097631892 0.8533333333333334 [0.013677477772541746, 0.5779781348006955, 0.8080552599793533, 0.30695579411407575] [0.8396558555602393, 0.2753551983135438, 0.045278073378226036, 0.5463775394146583]
13300 -1.2645748999113513 0.7195508180433061 0.9466666666666667 [0.2624799329222051, 0.5731105455145475, 0.20265101099452007, 0.8550918439020608] [0.6841867338214669, 0.37355612112357, 0.7440156558328397, 0.09157482255545717]
13400 -1.2469175731591198 0.6326287180191282 0.88 [0.8679242777673721, 0.4585331833887159, 0.013148537517868502, 0.4203940013260434] [0.012075724815723072, 0.4214668158288759, 0.8668514624869839, 0.4596059968684182]
13500 -1.3339121146913933 0.6712616997762617 0.9333333333333333 [0.3097848619301628, 0.5043463878251739, 0.4363602712767165, 0.6161751456346136] [0.6235484716880492, 0.42898694526253184, 0.49697306206120934, 0.317158187654876]
13600 -1.4477433632290895 0.7438572482955611 0.92 [0.24251544853501145, 0.88515020575096, 0.33419116501044904, 0.3781431807035799] [0.6774845504407593, 0.03484979434516402, 0.5858088359693956, 0.5418568192446807]
13700 -1.1729324066037858 0.5758657797217889 0.8266666666666667 [0.23267632531563132, 0.5525306546753851, 0.5981547234560369, 0.26997162988628004] [0.5939903413407406, 0.2741360122150457, 0.22851194321184612, 0.5566950365657002]
13800 -1.6345823904718808 0.8002823999541054 0.9 [0.21274700689892304, 0.6146100022890111, 0.7103946135096076, 0.26224837730245854] [0.687252993101033, 0.28538999771104956, 0.18960538649037678, 0.6377516226975405]
13900 -2.053739822863299 1.036887088920394 0.98 [0.26361194930885984, 0.7162396971403602, 0.8681670048293932, 0.11198134872138678] [0.7163880507141271, 0.26376030283930046, 0.11183299515979264, 0.8680186512867791]
14000 -1.6351755353732549 0.8281792599183616 0.96 [0.9307897081966028, 0.031355060996262486, 0.020411256955563787, 0.9374439738515715] [0.029210291320109695, 0.9286449393423718, 0.9395887432881905, 0.02255602604932737]
14100 -1.728873371203221 0.8422317625681198 0.92 [0.503776944444357, 0.3396295949454622, 0.5294270700729387, 0.4671663905372415] [0.4162230555525479, 0.5803704050525387, 0.39057292992750603, 0.4528336094674079]
14200 -1.22909425397512 0.7236677355212895 0.88 [0.14034878313703408, 0.8566642216509204, 0.6132602863180683, 0.1497267088939781] [0.7396512119858282, 0.023335782866474947, 0.26673971359338977, 0.7302732915543069]
14300 -1.0330926090295665 0.49217674170569725 0.9 [0.23508697545558296, 0.5945795934823181, 0.17740711621221023, 0.7929263148498883] [0.6649130246943679, 0.3054204063610615, 0.7225928837754961, 0.1070736851690746]
14400 -1.2336128566091966 0.6740948003501995 0.9266666666666666 [0.5145347551060397, 0.7122187225662884, 0.3175296321822158, 0.30905022347878924] [0.4121319093777943, 0.21444795280055445, 0.6091370287341815, 0.617616442420803]
14500 -1.5199802413189785 0.7553980250903495 0.9466666666666667 [0.1229950378497255, 0.8391072293662342, 0.8475217349371802, 0.08370933118019365] [0.8236716288053397, 0.1075594372995833, 0.09914493174284672, 0.8629573354855643]
14600 -1.7187158416298984 0.9135204921521232 0.88 [0.6783000160145094, 0.3131195680914682, 0.21443684991933623, 0.5541435659746856] [0.2016999835685729, 0.5668804394140938, 0.6655631505115165, 0.3258564265058168]
14700 -0.9488182185272579 0.47498918917951527 0.9866666666666667 [0.21561382814866462, 0.77097227390198, 0.010063531676884325, 0.9766836996058053] [0.7710528385165396, 0.21569439276501343, 0.9766031349621721, 0.009982967089607761]
14800 -1.2573776446359066 0.6853735190992594 0.8933333333333333 [0.5742361745932872, 0.1513198546201506, 0.18240185137475454, 0.8787087860784744] [0.3190971581545874, 0.7420134798438558, 0.7109314824458326, 0.014624546222391212]
14900 -1.3458053094429354 0.7858636584496554 0.9066666666666666 [0.3351237542287725, 0.7232416385246246, 0.2291979381187062, 0.5257700024612288] [0.5715429095456048, 0.18342502857018905, 0.6774687307573644, 0.3808966644601748]
15000 -1.2941068072533053 0.7163751038752989 0.8933333333333333 [0.33801239558761387, 0.6944208871077481, 0.3927814251512259, 0.3614519588200787] [0.555320937745508, 0.19891244622491114, 0.5005519081824655, 0.5318813745137817]
15100 -1.4242651065716472 0.6964156145693695 0.9466666666666667 [0.04324901805800663, 0.9246354279111209, 0.9040903536335934, 0.02135853373061208] [0.9034176486086625, 0.022031238756599826, 0.04257631303300846, 0.9253081329350616]
15200 -1.3456331217899917 0.6892880763092355 0.9133333333333333 [0.021254203989238916, 0.8972489091524511, 0.8403408799368963, 0.06782267358808007] [0.8920791293461451, 0.016084424187746825, 0.07299245339354425, 0.8455106597392302]
15300 -1.4409814044593081 0.726452753074471 0.9266666666666666 [0.6954382151287405, 0.24626357200251708, 0.6769349162299474, 0.2346966299721275] [0.23122845154691526, 0.6804030946687377, 0.2497317504231462, 0.6919700366945347]
15400 -1.3406534013375155 0.7271698136534684 0.84 [0.3702770299532461, 0.16904179195045763, 0.4879600512712117, 0.6527211268250839] [0.46972297004724034, 0.6709582080447212, 0.3520399487280794, 0.18727887317995898]
15500 -1.3802662425659524 0.6383223181104589 0.9333333333333333 [0.06781319496209205, 0.9212047600066335, 0.5211606964624422, 0.35648801523549845] [0.8655201383702611, 0.01212857333428276, 0.4121726368395929, 0.5768453181225299]
15600 -1.2427300709116285 0.6891341983851504 0.9066666666666666 [0.27957102487242214, 0.8923080440771942, 0.6230601147298733, 0.018394149653842954] [0.6270956423673462, 0.014358622015742745, 0.28360655114630307, 0.8882725178039418]
15700 -1.2623031490298025 0.6459115416018887 0.9266666666666666 [0.012107520338400027, 0.743712248089449, 0.9156714468158447, 0.18184211808964043] [0.9145591463248879, 0.18295441859975245, 0.010995219829415098, 0.7448245485792775]
15800 -1.550789264213867 0.8648526971495641 0.9266666666666666 [0.18974169606880714, 0.8524374752656194, 0.7819394547762631, 0.029214707222643414] [0.7369249706071082, 0.07422919140272037, 0.14472721187314116, 0.8974519594503637]
15900 -1.0998306223833394 0.517784891495416 0.84 [0.09742996716404233, 0.4239117089706505, 0.7420410081514038, 0.4166173157139031] [0.7425700326016511, 0.4160882909151548, 0.097958991897242, 0.4233826845859516]
16000 -1.124947910249981 0.54583278198835 0.8733333333333333 [0.013756414873567527, 0.5470819967915161, 0.8602927451364316, 0.3255355098651515] [0.8595769187663033, 0.32625133613052965, 0.01304058816636286, 0.5477978236034708]
16100 -1.3951313319661032 0.7301653898276916 0.86 [0.4751016543818929, 0.6027686834610411, 0.39123399771553646, 0.2508956644415295] [0.3848983457247328, 0.2572313164183188, 0.4687660022864073, 0.6091043355705407]
16200 -1.8578287745967839 0.9341896934169197 0.9733333333333334 [0.40980075147357914, 0.5623692051783427, 0.7032921932228724, 0.2712045167918724] [0.5635325819561564, 0.41096412807513044, 0.27004114011561814, 0.7021288165197614]
16300 -1.0150867142837954 0.5381507593549477 0.94 [0.1107184938484058, 0.7601364773792822, 0.3809480572606985, 0.6281969715116134] [0.8292815064045477, 0.17986352256757557, 0.5590519433771516, 0.3118030276507257]
16400 -1.6131587487809291 0.8324960363635373 0.9133333333333333 [0.8004848371686476, 0.20977756856779917, 0.165163839981066, 0.6512404209491545] [0.11284849616481606, 0.7035557647655329, 0.7481694933523386, 0.26209291238397914]
16500 -1.2471748479801048 0.6811384498666743 0.9466666666666667 [0.016113268712450217, 0.9305673127094688, 0.6090548248202342, 0.33759792709117964] [0.9305533978856818, 0.016099354013151834, 0.33761184188271437, 0.6090687395517851]
16600 -1.2082355457331757 0.5890733245943583 0.9066666666666666 [0.028198645930162088, 0.8933768042309477, 0.8783175580853317, 0.013440325086891995] [0.878468020710608, 0.013289862482298203, 0.028349108564983395, 0.8932263415754444]
16700 -1.5175941559076476 0.7803407158243705 0.8866666666666667 [0.016441448636386757, 0.7736468744832805, 0.8360332896813856, 0.14721172053228077] [0.8702252180299778, 0.11301979218708608, 0.050633376985020975, 0.739454946131248]
16800 -1.3184473365013536 0.6428774186653102 0.9133333333333333 [0.02040879414519871, 0.6982622826356726, 0.7973590381354634, 0.31063655175033184] [0.8929245392079314, 0.2150710506775078, 0.11597429518821675, 0.6026967815930099]
16900 -1.1076373046090302 0.5434087760752679 0.92 [0.1310777073117843, 0.6456504787213648, 0.5192177381246538, 0.5440540758421963] [0.7889222843786968, 0.2743495293544803, 0.40078227342135636, 0.3759459128454671]
17000 -1.5196748171012746 0.7935706322564378 0.8666666666666667 [0.34531794245074143, 0.5695070940187767, 0.7930316647500899, 0.025476632113725514] [0.5213487244276809, 0.2971595727002243, 0.0736350016792972, 0.841190034526131]
17100 -1.2498779328536223 0.5916570787558905 0.8266666666666667 [0.44231777429720426, 0.007408976068372457, 0.3850552083968605, 0.8185513745708962] [0.3843488927373544, 0.8192576906152164, 0.44161145785897615, 0.008115292121786074]
17200 -1.1523151876734214 0.5963460663792706 0.8666666666666667 [0.8154078295917723, 0.11786323722218893, 0.1371154400352368, 0.6629468264841355] [0.051258836539171695, 0.7488034299729027, 0.7295512272854889, 0.20371983953576905]
17300 -0.9535829736396478 0.5073136066846617 0.8533333333333334 [0.8148361641322748, 0.4463855839052232, 0.00742859062376006, 0.4380163280054083] [0.03849716887111588, 0.40694774924211335, 0.8459047430394107, 0.41531700551402606]
17400 -1.5145301045242892 0.7343043616348681 0.8466666666666667 [0.19858719952716655, 0.7387847018760062, 0.6390085407738876, 0.11695289115627307] [0.6480794673623432, 0.10788196535910627, 0.20765812590401717, 0.7297137747078668]
17500 -1.5797470572082963 0.8094739691362751 0.9133333333333333 [0.5821934880319608, 0.24707820311452025, 0.37019642912597533, 0.627198546394211] [0.3311398455537553, 0.6662551302106882, 0.5431369040384156, 0.28613478686380794]
17600 -1.7317764644887026 0.7995228883996368 0.9466666666666667 [0.02937066151246669, 0.9317470168905801, 0.8396789543828392, 0.092536700547447] [0.9172960051306743, 0.014919649810677369, 0.10698771241713269, 0.8541299659748489]
17700 -1.5332667721259805 0.8281773522556553 0.8533333333333334 [0.5847880353005861, 0.27816340123852895, 0.2479165982059312, 0.5957986319216204] [0.2685452979385385, 0.5751699321885886, 0.6054167351645279, 0.25753470137501183]
17800 -1.5247729815517697 0.8198338890760378 0.9266666666666666 [0.8674692486199512, 0.6715842571397285, 0.10375246350633123, 0.21052736406732278] [0.05919741804863727, 0.25508240952480654, 0.8229142031578139, 0.716139302602076]
17900 -1.2972838225714953 0.6536526168972792 0.8666666666666667 [0.20717298319591693, 0.7294440095858299, 0.49226168220591765, 0.30445465834566876] [0.6594936834862831, 0.13722265707142392, 0.37440498445713516, 0.5622120083184915]
18000 -1.6979602134933411 0.8783577722639105 0.9266666666666666 [0.36697950047286343, 0.5974409063000724, 0.6053340851055665, 0.2835788414548317] [0.5596871655426761, 0.32922576033815554, 0.3213325821912432, 0.6430878252612585]
18100 -1.3304607786172324 0.7019458814834578 0.9733333333333334 [0.6420532591259307, 0.33202814416443593, 0.6531244133328804, 0.31946085004341945] [0.3312800743277755, 0.6413051893086784, 0.32020892001437984, 0.6538724830158329]
18200 -1.2097423574963373 0.6482835682888604 0.9333333333333333 [0.27903626511153795, 0.656353801712842, 0.14006058327055673, 0.7912160165717292] [0.6542970682193888, 0.2769795316242007, 0.7932727499143241, 0.1421173169087538]
18300 -1.4896234896381324 0.7821383786444098 0.88 [0.6803487545417201, 0.40032151678904326, 0.19884288801395003, 0.4804868406552875] [0.19965124555170827, 0.4796784831207204, 0.6811571119884502, 0.3995131593391222]
18400 -1.5975862136732462 0.7905919394656084 0.8866666666666667 [0.7367500491038319, 0.1755895250724285, 0.5671847141326803, 0.29380904502439226] [0.14991661754492852, 0.7110771417183039, 0.31948195253068, 0.5928576215394209]
18500 -1.7282485213347762 0.8670329344339619 0.9533333333333334 [0.21491513185826178, 0.734993821756621, 0.7957038239086468, 0.16105388914313745] [0.7384182017846861, 0.21833951129718007, 0.15762950583292346, 0.7922794477518769]
18600 -1.4022824045181936 0.6721968843613015 0.9466666666666667 [0.32366436373223334, 0.8479491765284658, 0.4480627363903462, 0.2736570566822869] [0.6230024746148225, 0.09871748774064812, 0.4986037620956604, 0.6730096088822027]
18700 -1.3974461381908847 0.7245867761782885 0.8933333333333333 [0.024362010000712392, 0.8784508043814119, 0.8419564899974767, 0.041897362287065795] [0.8689713214496302, 0.01488252889619316, 0.05137684525772273, 0.8514359710631204]
18800 -1.515034762616035 0.7069618883267995 0.9866666666666667 [0.18028131850412965, 0.8060208164544941, 0.5423834000513869, 0.44464779832332235] [0.8063853481621046, 0.1806458501725337, 0.4442832667389989, 0.5420188682596954]
18900 -1.6404255447490053 0.9336573673121029 0.92 [0.22304757494933797, 0.8110333866370053, 0.4045474931073172, 0.4013715453063401] [0.6969524250878634, 0.10896661330604362, 0.5154525068846281, 0.5186284547214648]
19000 -1.7214836598875487 0.8050182738886581 0.9066666666666666 [0.5732170984535572, 0.277736570823457, 0.42475405433721786, 0.5376256097191013] [0.33344956806440856, 0.6289300960928876, 0.48191260077453685, 0.3690410684015]
19100 -1.621476237176321 0.7683780396811606 0.9866666666666667 [0.5901805424622059, 0.44024219829067185, 0.8990255072997292, 0.043885085280727126] [0.39648612762846996, 0.5464244651505753, 0.0876411525503546, 0.9427815880039335]
19200 -1.0086944935586168 0.4933303685986248 0.8333333333333334 [0.49961555845906325, 0.7559798991200621, 0.32995762698568853, 0.08111358210185375] [0.3337177749027209, 0.07735343434518036, 0.5033757063205889, 0.7522197510981763]
19300 -1.495143751032951 0.7474637566730009 0.9066666666666666 [0.08317356593807179, 0.8917531841027528, 0.7839072129122758, 0.0544993703802329] [0.8234931008760666, 0.014913482572412061, 0.12275945361680425, 0.8521672962680509]
19400 -0.5331930341818336 0.27000612322676615 0.7533333333333333 [0.7470556863293755, 0.6754135952280781, 0.014099038019789187, 0.07009834708942408] [0.006277647027692586, 0.07791973808859155, 0.7392342952919332, 0.6832349862584489]
19500 -1.5905305611852842 0.8540493622970725 0.96 [0.7799747719918673, 0.17384653733514963, 0.22340813034509494, 0.7427705603278875] [0.18002522800773105, 0.7861534626441042, 0.7365918696566993, 0.21722943969146538]
19600 -1.4637728347680923 0.7373615986592486 0.8533333333333334 [0.13030064072989822, 0.7524438778831548, 0.7248105167065729, 0.09911163134704006] [0.723032692603925, 0.10088945544942204, 0.1285228166276605, 0.7542217019856596]
19700 -1.4233811958799922 0.7194297810099594 0.9733333333333334 [0.1676647093146403, 0.805429668653007, 0.6780107922893479, 0.2955614964096708] [0.8056686240779325, 0.16790366467958914, 0.29532254106073996, 0.6777718368484053]
19800 -1.6284925364266003 0.7617021628268152 0.8666666666666667 [0.22663365546899258, 0.645423666473192, 0.6712325533235444, 0.19004345806760412] [0.640033010410107, 0.2212430007768594, 0.19543411332714453, 0.6766232088192219]
19900 -1.3035625809849323 0.6365314985196452 0.8333333333333334 [0.2711033701540878, 0.8243288925919827, 0.5432164031450238, 0.02801800077557238] [0.5622299660912199, 0.009004440734484094, 0.29011692972066455, 0.8053153301202981]
20000 -1.8695200578722215 1.046318832044865 0.9066666666666666 [0.5620264004965945, 0.5176717457804625, 0.41355097296366683, 0.3200842140926098] [0.34464026567778083, 0.3889949207175868, 0.49311569417755036, 0.5865824527604153]
20100 -1.228243820346354 0.6268407519814088 0.96 [0.407870656456986, 0.627978197743244, 0.8610870513458593, 0.023064094453911305] [0.5521293436499082, 0.33202180215341703, 0.09891294862182795, 0.9369359055748467]
20200 -1.367812074295603 0.7092391093612106 0.9 [0.7649272790940075, 0.009232401543851769, 0.2058888951655152, 0.8199514241966247] [0.1350727211310709, 0.8907675984413116, 0.6941111046080032, 0.08004857581961447]
20300 -1.5432969542385742 0.810430169615847 0.9 [0.3701286545898361, 0.5349170079979436, 0.8032442439779842, 0.09171009343423578] [0.5298713628445381, 0.3650829764570728, 0.0967557569645309, 0.8082899037338581]
20400 -1.3629012186604006 0.6696069669622119 0.94 [0.4675207264251067, 0.7401578771550971, 0.2926356922892026, 0.3796857041305937] [0.47247927358368136, 0.19984212284757852, 0.6473643077303386, 0.5603142958384013]
20500 -1.2908352443385718 0.7040177100297084 0.94 [0.6426189335995408, 0.3414226461728768, 0.14792827295615274, 0.7480301472714294] [0.2973810684426532, 0.5985773524435484, 0.7920717249052619, 0.19196985420853663]
20600 -1.5948088241762555 0.7650518450550906 0.8866666666666667 [0.06161752819876739, 0.8443247476902516, 0.768888484531836, 0.09850257291247799] [0.8250491384669075, 0.04234191897652185, 0.11777818213557112, 0.788164093754332]
20700 -2.0516233584589543 1.0313680056890369 0.9333333333333333 [0.328311373091715, 0.6252083570296091, 0.5053991155980151, 0.4077478209473273] [0.60502195994616, 0.3081249762238184, 0.4279342145974303, 0.5255855158992583]
20800 -1.5905633948816562 0.7496590519265138 0.9266666666666666 [0.2326431803910717, 0.6947528642825701, 0.9146467139525544, 0.011290574707137077] [0.694023486284538, 0.2319138023816332, 0.012019952713782988, 0.9153760919533801]
20900 -1.4819908914786533 0.777106252846335 0.9266666666666666 [0.5684232419396814, 0.525841345683927, 0.2735427955787604, 0.4855259501309643] [0.358243424607216, 0.4008253205913809, 0.6531238712429134, 0.441140716891823]
21000 -1.0939754082314739 0.49283631073993717 0.9 [0.009017849583557475, 0.8904638155611515, 0.8578140270612106, 0.042704307794080576] [0.8909821504161425, 0.009536184438867617, 0.04218597293820032, 0.8572956922067905]
21100 -1.488989509091858 0.7614578640689076 0.8533333333333334 [0.7107586378420576, 0.4610605836086404, 0.14227956328915428, 0.3925678819268146] [0.14257469531283049, 0.3922727498221141, 0.7110537702856231, 0.46076545124609947]
21200 -1.407007924865443 0.6531918537543642 0.86 [0.4721556096599364, 0.6753084638230057, 0.5089076079258869, 0.06362831859117044] [0.3878443903264046, 0.18469153622276957, 0.351092392100082, 0.7963716813507433]
21300 -1.3448150732213195 0.6733575817291666 0.94 [0.6412825641229002, 0.36401294951554025, 0.5897557211442997, 0.28494876521726076] [0.29871743589874267, 0.5759870504632802, 0.3502442788451927, 0.6550512347927846]
21400 -1.0570326976212419 0.5021675613486749 0.8066666666666666 [0.47625253427209735, 0.789741374856472, 0.3356927067095502, 0.011646717495212112] [0.33041413239158085, 0.016925291851927857, 0.47097395996159275, 0.7950199491282316]
21500 -1.4113288171579819 0.7097975067804954 0.9466666666666667 [0.027151700145175248, 0.9242639432185217, 0.9179593391878496, 0.023958350781786233] [0.9195149665256263, 0.02240272344670712, 0.02870732749383786, 0.9227083158671635]
21600 -1.3726631196221153 0.6892083286708193 0.88 [0.221668105581623, 0.7993799716064452, 0.5089158838516915, 0.23003603896024083] [0.6583318945057494, 0.08062002825197999, 0.3710841160795727, 0.6499639611626987]
21700 -1.5189012566196176 0.761597945124765 0.94 [0.09420019619342591, 0.9262982047658986, 0.6454963187491517, 0.21400528029152427] [0.8457998038037163, 0.013701795236807169, 0.2945036812522147, 0.7259947197072614]
21800 -1.432920024597609 0.7021810330479749 0.8866666666666667 [0.10957427357977695, 0.6607233527411749, 0.792461111061584, 0.2105745959507965] [0.7770923931024346, 0.2259433140478391, 0.09420555544124985, 0.6760920707418091]
21900 -1.6267646024331577 0.8246801895362815 0.9666666666666667 [0.1138775041457185, 0.8474180172416207, 0.9015735090331549, 0.07046430291283881] [0.8527891615733149, 0.11924864878027024, 0.06509315914613198, 0.8962023638336167]
22000 -1.5559734679851678 0.8142058718617324 0.9533333333333334 [0.1894635902767053, 0.7739266235252981, 0.912039160052394, 0.03123729281226945] [0.7638697425762242, 0.1794067102845609, 0.04129417327798559, 0.9220960405278963]
22100 -1.5845400402515861 0.8148530273684739 0.8666666666666667 [0.16676993463507409, 0.8334704026776314, 0.7174484722842055, 0.015644523736422354] [0.6998967338541504, 0.03319626219307725, 0.14921819571056769, 0.8510221415755382]
22200 -1.1723501383134955 0.6772202600834457 0.9333333333333333 [0.42917083930369887, 0.4979429231648394, 0.5697471316466886, 0.36980577255143976] [0.5041624927536091, 0.435390411300471, 0.3635862034000764, 0.5635275592125101]
22300 -1.5493303969927372 0.7388148402065503 0.9466666666666667 [0.016003207959080678, 0.9371960681364413, 0.5015062959857719, 0.438627761252039] [0.9306634586950661, 0.009470598515440978, 0.44516037024310623, 0.5080389058797208]
22400 -1.4775358392407345 0.7114501770338351 0.92 [0.19980322007506315, 0.7196581399443039, 0.6195543921658756, 0.30098424781475785] [0.7201967785888517, 0.20034186561366846, 0.3004456041162553, 0.6190157516812252]
22500 -1.3210665835552304 0.6431834550031043 0.9733333333333334 [0.6735066050421368, 0.2991919187235983, 0.7284097227852826, 0.2455584201156489] [0.29982672835538576, 0.674141415297436, 0.2449236097109039, 0.7277749133029404]
22600 -1.3596407551176868 0.6472976804377231 0.9066666666666666 [0.8872941572069538, 0.0319008110402381, 0.014542295342705484, 0.8795960697434365] [0.01937250947724047, 0.874765855626355, 0.8921243713170607, 0.027070596912677013]
22700 -1.5729585206431498 0.6927595780883347 0.9266666666666666 [0.3188233418694785, 0.6091690348678177, 0.5827551759928863, 0.34258578060315076] [0.6078433247888648, 0.31749763180861235, 0.34391149067286003, 0.584080886062996]
22800 -1.9277476203395982 1.0562753734671786 0.9533333333333334 [0.7246424458183186, 0.3057318535176437, 0.5116500537227895, 0.36464231360791427] [0.22869088772676535, 0.6476014803420597, 0.4416832795523474, 0.5886910190454935]
22900 -1.3055363137513538 0.6459505290835126 0.92 [0.8998381462090905, 0.01967439541570533, 0.20842106787654355, 0.7120663904986606] [0.020161853871335043, 0.9003256045698599, 0.711578932869618, 0.2079336086891866]
23000 -1.9023013705218648 0.9029455776248558 0.9066666666666666 [0.17289397998143555, 0.7371103323815138, 0.5230368643514, 0.38029215661898347] [0.7337726866835548, 0.16955633427850175, 0.38362980232522575, 0.5263745100460511]
23100 -1.769915960613694 0.8424889697917325 0.9133333333333333 [0.03347088291895483, 0.8492934589786604, 0.8795185529605722, 0.06438377180847896] [0.879862450412636, 0.06403987435369722, 0.033814780373806655, 0.8489495615265267]
23200 -1.4132345087182088 0.7328381778074129 0.8866666666666667 [0.07405927549905551, 0.788179927955642, 0.8145490129203384, 0.09654511695829723] [0.8126073910120333, 0.09848673861692893, 0.07211765374805976, 0.7901215499563108]
23300 -1.232907260903266 0.5254652519736845 0.84 [0.5394015503938714, 0.8344012975092671, 0.2995175917093538, 0.006679560387507797] [0.3005984495777166, 0.005598702491651359, 0.5404824083125067, 0.8333204396181246]
23400 -1.3337463895673485 0.6933762870128951 0.8933333333333333 [0.4429403813620012, 0.34024286575171353, 0.696057090461212, 0.30742632909173995] [0.45039294502895755, 0.5530904737280058, 0.19727624258914545, 0.5859070053205572]
23500 -0.9886520125768665 0.5053011921065863 0.9466666666666667 [0.7923000424561653, 0.17128882543711604, 0.7553159948977752, 0.17442847054227692] [0.15436662419502195, 0.7753778412414141, 0.1913506717869606, 0.7722381961099368]
23600 -1.5761389285847673 0.6994010423057498 0.9333333333333333 [0.26792328007350974, 0.8177628354487978, 0.7692747373042065, 0.011705813840152627] [0.6654100534240937, 0.11557049770911362, 0.1640585960384128, 0.9216275194950467]
23700 -1.4984692848885863 0.6975450862891557 0.96 [0.5160463392057162, 0.5960461488375484, 0.7967776088087617, 0.011129903147973281] [0.4439536608072185, 0.3639538511551484, 0.16322239118486748, 0.9488700968527657]
23800 -1.2608216422410554 0.6845445729929885 0.8933333333333333 [0.4098045452999366, 0.7178899266302539, 0.6489803339418464, 0.009991860794629496] [0.4835287880263282, 0.17544340670794648, 0.24435299939685734, 0.883341472535534]
23900 -1.3240956512529043 0.682013050759675 0.9533333333333334 [0.49240158833015535, 0.5755935774308056, 0.7043929643580992, 0.1342785365476059] [0.46093174499651, 0.3777397559038754, 0.2489403689797464, 0.8190547967865349]
24000 -1.209163142083369 0.6540794741396602 0.9666666666666667 [0.2650206263339659, 0.7002710289747996, 0.2279937027333662, 0.7400479752912013] [0.7016460403191134, 0.2663956367272155, 0.7386729640260299, 0.22661869226097575]
24100 -1.6861796415390924 0.8042453530536517 0.9733333333333334 [0.012812795758774271, 0.945158427489402, 0.8952806946790806, 0.09341474873941036] [0.9605205375742516, 0.028174905844124284, 0.07805263865431383, 0.8799185845939765]
24200 -1.5674136741386406 0.7756110177617492 0.9733333333333334 [0.02679078660039008, 0.9373363647173278, 0.604747039924759, 0.37779247542419] [0.9465425467437023, 0.03599696859655755, 0.36858629342889737, 0.59554085789751]
24300 -1.8263664037838145 0.9706249776047335 0.9333333333333333 [0.03689314275576725, 0.9048081441673622, 0.8121071631407203, 0.1128582166028171] [0.8964401919154538, 0.028525189403525067, 0.12122616864419408, 0.820475116703493]
24400 -1.8194790016092892 0.9398486258462642 0.9733333333333334 [0.32812481659594095, 0.6688338663216329, 0.8510348266626871, 0.09867315708640542] [0.6452085129815528, 0.30449947121338494, 0.12229850797116347, 0.8746601745005649]
24500 -1.3902899313937027 0.71073425077066 0.9466666666666667 [0.0878076748259907, 0.7832458695710063, 0.5781685669143005, 0.4441112220220358] [0.8588589918755232, 0.16342079706082915, 0.3684980997629233, 0.5025554446340568]
24600 -1.6345091876730684 0.7905700620895719 0.8666666666666667 [0.6133968919835306, 0.46597333056753504, 0.4076637573690207, 0.24629935341324655] [0.25326977478966944, 0.4006933359827453, 0.4590029084200782, 0.6203673141408398]
24700 -0.8599321520583029 0.44833108864652843 0.9866666666666667 [0.9703352332853463, 0.016348110187243827, 0.9763976971231239, 0.010252292737619195] [0.01633143359801457, 0.9703185562896391, 0.010268968785314787, 0.9764143746603651]
24800 -1.640709341831337 0.8007533682845721 0.96 [0.35936765829494827, 0.6704829600306967, 0.7495489229440854, 0.1406004587302695] [0.6006323417048179, 0.289517039968508, 0.21045107705579807, 0.8193995412708769]
24900 -1.0647393652508241 0.5720942761551184 0.9066666666666666 [0.3338029874245071, 0.692483916101949, 0.17014116864871984, 0.6169052611581569] [0.5728636801884771, 0.21418274960897812, 0.7365254980028094, 0.2897614055330693]
25000 -1.3676504537342768 0.718351203903597 0.8666666666666667 [0.25056637582764035, 0.8190293565636044, 0.6464986246231202, 0.01723897631896835] [0.6161002905074983, 0.04763731054479348, 0.22016804223073497, 0.8494276900503063]
25100 -1.5350601171598364 0.8022554878956634 0.9733333333333334 [0.44005891703894323, 0.5397821903606544, 0.9538313515449081, 0.012994207722161618] [0.5332744162880192, 0.4335511429794705, 0.019501981788305003, 0.9603391256108724]
25200 -1.518032551850999 0.8448232046014559 0.9066666666666666 [0.14130677388081941, 0.5760958145778707, 0.8627857022010721, 0.23314504267357142] [0.765359892723463, 0.3305708521799442, 0.04388096403240389, 0.6735216243975216]
25300 -1.3921213834071855 0.6982208377307009 0.8866666666666667 [0.4716722576214002, 0.8581636416022451, 0.41487067726427296, 0.028626756845415303] [0.4149944090471133, 0.028503025097606632, 0.47179598940267603, 0.8580399097859375]
25400 -1.0850134740005388 0.5656332657632084 0.8533333333333334 [0.7764226621037774, 0.7621446595784548, 0.07524947579899983, 0.09284986918543521] [0.07691067151276097, 0.09118867363691453, 0.7780838573176712, 0.76048346419932]
25500 -1.3528921275839279 0.7490002410662623 0.9333333333333333 [0.04162259304297013, 0.8551380563720494, 0.8892516891185342, 0.08065432813311357] [0.8917107403021165, 0.07819527697160525, 0.04408164419268875, 0.8526790052002557]
25600 -1.2618346788204242 0.6285856212433606 0.9133333333333333 [0.7562139085250239, 0.24137487492177187, 0.14207510790745348, 0.6870027753124176] [0.15711942487327077, 0.671958457147146, 0.7712582253491652, 0.226330559297085]
25700 -1.7546370214565805 0.9565858209547463 1.0 [0.5598795794800373, 0.44215556743936646, 0.37526428356536085, 0.622700569515236] [0.44012042054941475, 0.5578444325298042, 0.6247357164372672, 0.377299430483514]
25800 -1.3775338139530304 0.6396128741057154 0.8933333333333333 [0.2197544612291948, 0.6725164579647133, 0.884702367107495, 0.009693380365263706] [0.6735788721590075, 0.2208168753637554, 0.008630966187014337, 0.883639952956889]
25900 -1.342640315175828 0.7449322807740217 0.92 [0.01236754541846839, 0.8176319788964515, 0.6108874412289929, 0.39911303445608765] [0.9076324545920397, 0.10236802111942808, 0.30911255877190197, 0.5208869655166302]
26000 -1.7980075275572311 0.9038972990936213 0.9466666666666667 [0.5451587178452452, 0.46932345895498184, 0.5567884551421448, 0.3220627013909621] [0.4015079488555198, 0.4773432076797255, 0.38987821152600716, 0.6246039652720803]
26100 -0.9189554282060757 0.46090758175509394 0.8933333333333333 [0.3569855607572103, 0.8862555148217776, 0.155059242980204, 0.38836634810747467] [0.5363477725488046, 0.007077817840267889, 0.7382740903722709, 0.5049669859053232]
26200 -1.3926254409567909 0.6505847120210455 0.9066666666666666 [0.23340826286553584, 0.7803678464128413, 0.4022408652017224, 0.39731635885323313] [0.6732584036847753, 0.12629882032538786, 0.5044257962667822, 0.5093503130563886]
26300 -1.518371647513933 0.7077447770872938 0.9 [0.43785821394879226, 0.552852375959656, 0.6572093338610218, 0.1520800762305287] [0.46214178595772126, 0.34714762408265193, 0.24279066615624856, 0.7479199238033792]
26400 -1.3575127374390266 0.6668710408918018 0.8933333333333333 [0.8658790078646806, 0.5029904399073446, 0.09024935930027495, 0.3275478595943657] [0.027454325466248323, 0.3903428934260826, 0.8030839739850595, 0.5657854737892766]
26500 -1.468335846377868 0.7166707173965604 0.94 [0.2651387380065332, 0.7546151184161701, 0.843693217964488, 0.016552925612808723] [0.6748612620061111, 0.18538488156846644, 0.0963067820389131, 0.923447074386509]
26600 -1.4837515993700097 0.8148694804758182 1.0 [0.27425855880515937, 0.7272556853562332, 0.7068309006035106, 0.29165485523509654] [0.7257414397697066, 0.27274431607284116, 0.2931690993893435, 0.7083451447681088]
26700 -1.3437410292370895 0.7437970737944878 0.9333333333333333 [0.23803662272442103, 0.7388281059926544, 0.8612004867403452, 0.028601451209246384] [0.6952967089376711, 0.19450522730489472, 0.07213284796480232, 0.9047318824592975]
26800 -1.4316537878660733 0.679702072010782 0.9466666666666667 [0.025219255169935104, 0.9294544364853465, 0.9239363802836226, 0.014723261394428973] [0.9214474114967398, 0.01721223018131546, 0.022730286383071344, 0.9319434052722071]
26900 -1.3922854446604847 0.7511147671044306 0.9466666666666667 [0.09801702520641518, 0.8470176806178205, 0.46601612648088986, 0.48228250102820747] [0.848649641215713, 0.09964898621551137, 0.4806505402503682, 0.46438416565174095]
27000 -1.144167767000757 0.5701347623064132 0.9066666666666666 [0.22359880275967672, 0.8804264761342431, 0.7008787580425969, 0.00842929639681639] [0.683067863908342, 0.02624019053100416, 0.20578790862408358, 0.8982373702699035]
27100 -1.0254637980331238 0.5600799543613343 0.9866666666666667 [0.9762431644975891, 0.019754444660938997, 0.7041888768235549, 0.2731468473512507] [0.01042350196109531, 0.9669122222532275, 0.28247779009236174, 0.7135198190266494]
27200 -1.594617009102577 0.7818426563641239 0.9466666666666667 [0.19314255816228146, 0.7433930388897939, 0.8780526555335956, 0.0787450807476621] [0.7535241084743217, 0.20327362774548838, 0.06861401113116386, 0.8679215859823589]
27300 -1.3158710576749504 0.6576550252946999 0.9866666666666667 [0.007739559893168694, 0.9235927970646522, 0.4639902670661103, 0.5780107093094021] [0.9789271067737146, 0.06307386758414449, 0.5226763995980307, 0.40865595937744364]
27400 -1.3647880968515862 0.6601672547860715 0.96 [0.01510300258032418, 0.8837443509615202, 0.592831954201002, 0.42832069225715297] [0.9448969974243012, 0.07625564907083354, 0.36716804580256956, 0.5316793077022964]
27500 -1.1219284666311804 0.6027956981417499 0.92 [0.07559461586080601, 0.7671452434553065, 0.4164709571317239, 0.5807891835521634] [0.8444052567275793, 0.15285436946983424, 0.5035291174431531, 0.3392112563594333]
27600 -1.6836820092011124 0.7589769346156569 0.9866666666666667 [0.28473371960238575, 0.6170898479134431, 0.2832911973129874, 0.788218568504517] [0.7019329470657768, 0.369576818752909, 0.7033754693525246, 0.1984480981621234]
27700 -1.2454157951450686 0.6004208519343162 0.8666666666666667 [0.20691818520050398, 0.41967647202624875, 0.6329379397593279, 0.4738007363472525] [0.6597484809816935, 0.44699019390642625, 0.23372872529149594, 0.39286593315371793]
27800 -1.1174212255853784 0.589470374589562 0.9533333333333334 [0.5696082117378111, 0.38412549633422977, 0.011393632446480935, 0.941539326148144] [0.3837251215975606, 0.569207836984739, 0.9419397008775142, 0.011794007206852102]
27900 -1.2311294767780703 0.6210889243864186 0.9133333333333333 [0.5967566448498577, 0.5402561487454404, 0.5487521955613356, 0.14090167751003363] [0.31657668853844795, 0.3730771845198561, 0.3645811377838651, 0.7724316558244967]
28000 -1.195082308836038 0.651179499612633 0.96 [0.7877507585143139, 0.1732604631251303, 0.9349235324301234, 0.024065245930431387] [0.17224924156116106, 0.7867395367843241, 0.02507646804130437, 0.9359347536132103]
28100 -0.9807556803829622 0.47485577762880354 0.92 [0.9066195234771596, 0.013186342467647197, 0.683434090278008, 0.2367600437771848] [0.013380477095080435, 0.9068136569767993, 0.23656590972584146, 0.6832399562022782]
28200 -1.5161891814734039 0.7093106834557601 0.9466666666666667 [0.45110222126012756, 0.48975446454782134, 0.7879718034713962, 0.164504844053989] [0.4955644454157078, 0.4569122021181405, 0.15869486320357465, 0.7821618225959102]
28300 -1.2913313576308678 0.5897045988281164 0.96 [0.011040869814183412, 0.9464655296273531, 0.8807138721752534, 0.08177972838321027] [0.9489591304617191, 0.01353447008399675, 0.07928612785498877, 0.8782202715992963]
28400 -1.8236809568227064 0.8755775977958197 0.92 [0.012438011517912968, 0.8979943868548075, 0.7965827831390667, 0.1329848184882133] [0.9075619878733862, 0.02200561383829478, 0.12341721668361108, 0.787015181604708]
28500 -1.4567201877312441 0.7544517626742355 0.9466666666666667 [0.013573080433735327, 0.9193013095084797, 0.7613773886407271, 0.19908155475039194] [0.9330935862379414, 0.02736535716141252, 0.185289278047647, 0.7475851118863319]
28600 -1.5159758755555193 0.788655491718093 0.9333333333333333 [0.2680534248080639, 0.6747660789556673, 0.8001212942117378, 0.12372586869119771] [0.665279908454819, 0.25856725438164146, 0.13321203918657037, 0.8096074646436358]
28700 -1.7882778853985708 0.765319166732138 0.88 [0.6263065054049842, 0.2374565019788502, 0.4377568150020526, 0.45848017761411325] [0.2536934945900508, 0.6425434980259985, 0.4422431850026794, 0.4215198223812707]
28800 -1.6081876912932345 0.7940920456621747 0.9466666666666667 [0.07917263395521464, 0.8345895660061295, 0.907006617753922, 0.07256451561806644] [0.8674940327245262, 0.1120771005844627, 0.039660048707425816, 0.8741021513169189]
28900 -1.143564655323008 0.5941135819054347 0.9533333333333334 [0.5531763730340858, 0.5690963995176033, 0.7181599856426226, 0.06623390847235501] [0.4001565692304036, 0.3842372939885135, 0.2351733068983701, 0.8870994965493795]
29000 -1.6700519852148301 0.7982404000336384 0.9133333333333333 [0.7874012336257127, 0.1554259922185291, 0.2199134820342035, 0.6639259587882206] [0.12593209971433283, 0.7579073411187625, 0.6934198513449232, 0.24940737448864828]
29100 -1.5132732671834537 0.8143293786993878 0.9466666666666667 [0.030754886293227552, 0.8318110138811753, 0.918034333248644, 0.11273309991028642] [0.9159117803727183, 0.11485565270167032, 0.028632333416551543, 0.8339335668423918]
29200 -2.026575420521227 0.9685056916561596 0.9266666666666666 [0.1339966672349895, 0.7958797211008654, 0.847414414339947, 0.0760425306575321] [0.7926699994251045, 0.13078694556141293, 0.07925225234156087, 0.8506241360052549]
29300 -1.436624708463492 0.7657731012103434 0.9 [0.6994950424756494, 0.7991116583633808, 0.20977065871490244, 0.09162264044606738] [0.2005049575134834, 0.10088834164597309, 0.6902293412954218, 0.8083773595451214]
29400 -1.3778025608439397 0.7423676481457624 0.8933333333333333 [0.759399172485835, 0.4074467804535967, 0.1568532523909024, 0.4629674613363327] [0.13393416084754847, 0.4858865528800995, 0.7364800809440694, 0.4303658719949489]
29500 -1.3623039716032168 0.6562886957005276 0.9066666666666666 [0.40749137558109466, 0.8266717171577691, 0.503378540458462, 0.07579170013600758] [0.4991752902833281, 0.07999494949927176, 0.40328812701298933, 0.8308749665377438]
29600 -1.6682056444158868 0.7778499300274966 0.9466666666666667 [0.13616486018865917, 0.8784039854318038, 0.7385927776552069, 0.14017171005766343] [0.8105018064672153, 0.06826268122788375, 0.20807388901041898, 0.8064949566278147]
29700 -1.2763613112463 0.7011585281699432 0.8933333333333333 [0.028793325118686965, 0.6179935697584259, 0.8661617878315254, 0.27371798395802927] [0.8645400082115683, 0.27533976327922743, 0.027171545507278166, 0.619615349668592]
29800 -1.1595673913561557 0.6437430731952929 0.8266666666666667 [0.5200401399238581, 0.6789580523305045, 0.37586049433183577, 0.07847464674713556] [0.3066265264868964, 0.14770861447547823, 0.45080617255859834, 0.748192019812361]
29900 -1.2584732099000844 0.5269152381463158 0.96 [0.3664839893275613, 0.6066017717418952, 0.04291916040281894, 0.9039950785277242] [0.593516010755192, 0.3533982281750869, 0.9170808395968806, 0.0560049214728413]
30000 -1.5049570232507858 0.6757672565937756 0.96 [0.2907565897369983, 0.6616734025511449, 0.2731010067073344, 0.6944690010045225] [0.669243410334531, 0.29832659746784734, 0.6868989932287987, 0.26553099896882254]
