[1, 2, 3, 4] -0.004508963414941005
[1, 2, 4, 3] -0.0782645163436535
[1, 3, 2, 4] 0.005602261190111256
[1, 3, 4, 2] 0.00029425722314719915
[1, 4, 1, 4] -0.010322397033603438
[1, 4, 2, 3] -0.08073181253337251
[1, 4, 3, 2] -0.051492758303732226
[1, 4, 4, 1] -0.010322397033603438
[2, 1, 3, 4] 0.048951473400873524
[2, 1, 4, 3] -0.004566403047674487
[2, 2, 3, 3] 0.2945370998257908
[2, 3, 1, 4] -0.05077984813299006
[2, 3, 2, 3] -0.30747291907588975
[2, 3, 3, 2] -0.35494790031925694
[2, 3, 4, 1] -0.05077984813299004
[2, 4, 1, 3] 0.004566403047674537
[2, 4, 3, 1] -0.04895147340087351
[3, 1, 2, 4] 0.06804519287134952
[3, 1, 4, 2] 0.003574054979475398
[3, 2, 1, 4] -0.08058458526264083
[3, 2, 2, 3] -0.7137483629410583
[3, 2, 3, 2] -0.30736590303224653
[3, 2, 4, 1] -0.08058458526264081
[3, 3, 2, 2] 0.15945546425210902
[3, 4, 1, 2] -0.003574054979475402
[3, 4, 2, 1] -0.06804519287134955
[4, 1, 1, 4] -0.010322397033603438
[4, 1, 2, 3] -0.0807318125333725
[4, 1, 3, 2] -0.05149275830373221
[4, 1, 4, 1] -0.010322397033603437
[4, 2, 1, 3] 0.07826451634365349
[4, 2, 3, 1] 0.004508963414941006
[4, 3, 1, 2] -0.00029425722314719964
[4, 3, 2, 1] -0.005602261190111261
