[1, 1, 4, 4] -0.0
[1, 2, 3, 4] 5.5910531669496736e-5
[1, 2, 4, 3] 0.009833745498633835
[1, 3, 2, 4] 6.94672750398895e-5
[1, 3, 4, 2] -0.0
[1, 4, 1, 4] 0.00012799631603574546
[1, 4, 2, 3] 0.010143755244211359
[1, 4, 3, 2] -0.0
[1, 4, 4, 1] -0.0
[2, 1, 3, 4] -0.0
[2, 1, 4, 3] 5.6622775285044694e-5
[2, 2, 3, 3] 0.0036522198856357704
[2, 3, 1, 4] -0.0
[2, 3, 2, 3] 0.003812622280886287
[2, 3, 3, 2] -0.0
[2, 3, 4, 1] -0.0
[2, 4, 1, 3] 5.6622775285045256e-5
[2, 4, 3, 1] -0.0
[3, 1, 2, 4] 0.008549712441384787
[3, 1, 4, 2] 4.43177945193183e-5
[3, 2, 1, 4] 0.010125256496905736
[3, 2, 2, 3] 0.9087330677703075
[3, 2, 3, 2] 0.003811295296533818
[3, 2, 4, 1] 0.010125256496905712
[3, 3, 2, 2] 0.0019772260192664147
[3, 4, 1, 2] 4.431779451931834e-5
[3, 4, 2, 1] 0.008549712441384768
[4, 1, 1, 4] -0.0
[4, 1, 2, 3] 0.010143755244211359
[4, 1, 3, 2] -0.0
[4, 1, 4, 1] 0.00012799631603574517
[4, 2, 1, 3] 0.009833745498633825
[4, 2, 3, 1] 5.5910531669496594e-5
[4, 3, 1, 2] -0.0
[4, 3, 2, 1] 6.94672750398894e-5
[4, 4, 1, 1] -0.0
