E0 -5.904497517742522
Ek0 -7.092304321103418
EV0 1.1878068033608948
E_GS -8.556924430474698
Ek_GS -11.820101293170001
EV_GS 3.2631768626953024
nup0 [0.15802014969767367, 0.5474026567486836, 0.5874597458464657, 0.04258743944091652, 0.051583683959272, 0.7420338880989933, 0.7302952782040162, 0.0640761799496533, 0.9663853394830306, 0.7302909319604666, 0.5124627179047092, 0.12009975135348426, 0.005361589300998641, 0.8319373777943754, 0.3048448624847915, 0.6051584077724718]
ndn0 [0.7479912309636325, 0.22065103141022466, 0.16120742176432903, 0.878409101008696, 0.8917693831597737, 0.09997183169334461, 0.10068738876675229, 0.8907059380453963, 0.00012883070498554322, 0.023380238065968333, 0.24591116392858337, 0.779394285997926, 0.9786473500371924, 0.04606976265865783, 0.588673253873175, 0.346401787921365]
nup_GS [0.45905866820393376, 0.4378159204111114, 0.44105447028980693, 0.46066187278909004, 0.4346722196920435, 0.4143008344496806, 0.4151496164138654, 0.43727679695617505, 0.43816911982659534, 0.4147987920693355, 0.41361221923656377, 0.4356146340075994, 0.46015639012431203, 0.4411594512638192, 0.4383991168547234, 0.45809987741134783]
ndn_GS [0.46035339322499214, 0.4368640124624821, 0.43850745397039415, 0.46416117451996014, 0.434287844239014, 0.4141230430497288, 0.41635867174600266, 0.4354805694554173, 0.4347046897462031, 0.4166917731209709, 0.41478615613067454, 0.43327462559755753, 0.4646920369976138, 0.43838113000168066, 0.4361572326094525, 0.4611761931278584]
