step Ek EV sign nup ndn
100 0.43217900484042054 -0.25091091995037934 -0.57 [-0.009009585194674855, -0.000235000768488382, -0.5609989648320954, -0.5697564492047418] [-0.5599087192714686, -0.5701009780228907, -0.010078553488774062, 8.825078313313345e-5]
200 0.008743214959119162 -0.028634124302981054 0.02 [-0.00048582841336587197, -0.0015087877603197285, 0.020466949783849046, 0.021527666389836275] [0.020485828413365926, 0.0215087877603198, -0.00046694978384915884, -0.0015276663898364548]
300 -1.0121103792919306 0.45118958046259144 0.42 [0.3775506136639241, 0.003576591918167522, 0.05407952813651214, 0.4047932662813964] [0.04244938633607601, 0.4164234080818324, 0.36592047186348764, 0.015206733718603711]
400 -3.128404107073669 1.3494132794628095 0.87 [0.603477906085936, 0.29621940520029333, 0.23144983069603906, 0.6088528580177321] [0.26652209391406456, 0.5737805947997066, 0.6385501693039607, 0.2611471419822681]
500 -1.362542775800999 0.6307186339697747 0.87 [0.017516951866771227, 0.859010863338816, 0.8320960622254822, 0.03137612256893005] [0.8524830481332293, 0.010989136661183379, 0.03790393777451782, 0.8386238774310697]
600 -1.5476562147555009 0.8014108594442303 0.92 [0.024891419539758052, 0.8939502739988592, 0.9036120172342025, 0.0175462892271802] [0.895108580460242, 0.026049726001140992, 0.01638798276579712, 0.9024537107728204]
700 -0.408732965707989 0.21147025779600218 0.33 [0.19060322388450604, 0.1451169754809504, 0.2960265534429394, 0.028253247191604228] [0.13939677611549411, 0.18488302451904953, 0.03397344655706056, 0.30174675280839575]
800 -1.6311357395369628 0.7821046486862052 0.77 [0.21056284948953632, 0.560750332545822, 0.7451666192493371, 0.02352019871530458] [0.5594371505104639, 0.2092496674541781, 0.02483338075066288, 0.7464798012846956]
900 -0.2298264713089564 0.08458640408726764 0.23 [0.003619445091370857, 0.22709149824287628, 0.2527458566737296, -0.023456800007976536] [0.22638055490862904, 0.0029085017571238085, -0.022745856673729484, 0.2534568000079766]
1000 0.4750977384061676 -0.22122882551238476 -0.28 [-0.06418057341957148, -0.27844368282807086, -0.21053172711088006, -0.00684401664147792] [-0.21581942658042855, -0.0015563171719293882, -0.06946827288911991, -0.2731559833585225]
1100 -0.6323680770690693 0.3354083127472143 0.23 [0.2291804049657799, 0.1169103141011748, 0.0019014401692064081, 0.11200784076383886] [0.0008195950342199813, 0.11308968589882525, 0.22809855983079366, 0.1179921592361612]
1200 0.2904858366101611 -0.19954045831004058 -0.09 [-0.08457030800880959, -0.0033782547326816565, -0.006067051595853586, -0.08598438566265502] [-0.00542969199119043, -0.08662174526731839, -0.08393294840414654, -0.0040156143373448585]
1300 0.10219891596869238 0.007580596890936593 -0.15 [-0.15358169907459782, -0.0014477410988119701, 0.0033694069741473736, -0.14833996680073733] [0.003581699074598158, -0.1485522589011881, -0.1533694069741474, -0.0016600331992627595]
1400 -1.121193019232418 0.7265458605707594 0.6 [0.567320611816989, 0.01745641920687869, 0.023797391851349003, 0.5914255771247828] [0.03267938818301094, 0.5825435807931213, 0.5762026081486511, 0.008574422875216906]
1500 -1.1868328210260881 0.5730556782014598 0.88 [0.8696976882484667, 0.010586398179779036, 0.015529955307258158, 0.8641859582644956] [0.010302311751533226, 0.8694136018202208, 0.8644700446927416, 0.015814041735504075]
1600 -1.1739317608802287 0.5723862493806677 0.38 [0.3169026294694909, -0.014288156222035976, 0.0032821389519884776, 0.4541033878005571] [0.06309737053050933, 0.39428815622203595, 0.3767178610480116, -0.07410338780055686]
1700 -0.30737731263146534 0.15108023517089678 0.03 [0.05433924984626728, 0.02702434203627426, -0.023106718296836713, 0.0017431264142951503] [-0.02433924984626729, 0.0029756579637256943, 0.05310671829683688, 0.028256873585704802]
1800 0.33509857065123655 -0.09666066743324299 -0.38 [-0.3604203425147542, -0.3737805834073748, -0.019362001917420088, -0.006437072160450511] [-0.019579657485245566, -0.006219416592625034, -0.36063799808257985, -0.3735629278395496]
1900 -0.29261450513866355 0.18500031423126564 0.39 [-0.029619971962071903, 0.30743788814938056, 0.40961519427422116, 0.09256688953847009] [0.4196199719620719, 0.08256211185061947, -0.01961519427422131, 0.29743311046152987]
2000 -0.4720843178951909 0.20627980188997072 0.06 [-0.07681697878918993, 0.024827675738186228, 0.1528954439005875, 0.019093859150416042] [0.13681697878919, 0.03517232426181385, -0.09289544390058775, 0.04090614084958395]
2100 2.1316741479877295 -0.9080960974609866 -0.9 [-0.7873130845532219, -0.8912765191860876, -0.11263407959967738, -0.008776316661013002] [-0.11268691544677792, -0.008723480813912301, -0.7873659204003226, -0.8912236833389874]
2200 2.6738981003393927 -1.344450076003504 -0.9 [-0.43459406697206254, -0.877330603690971, -0.46534381024117866, -0.02273151909578758] [-0.4654059330279374, -0.022669396309028908, -0.4346561897588209, -0.8772684809042127]
2300 1.4319819202822996 -0.615761072803127 -0.7 [-0.6258957070537937, -0.24535960931608394, -0.07408265891944467, -0.45466202471067774] [-0.07410429294620648, -0.45464039068391593, -0.6259173410805556, -0.24533797528932233]
2400 0.11798182779576791 -0.12374036235607912 -0.22 [-0.23784182481170574, 0.01757428051398023, -0.004289163580647253, -0.21544329212162744] [0.01784182481170568, -0.23757428051398016, -0.21571083641935282, -0.004556707878372715]
2500 -1.0433182033118247 0.4778768168385143 0.44 [0.42040343877854575, 0.011146158215933321, 0.014626321714088843, 0.43382408129143213] [0.019596561221454423, 0.4288538417840668, 0.42537367828591116, 0.006175918708567788]
2600 0.07895827483256213 -0.010399021046943306 0.24 [0.2195895037166489, -0.019790977709190374, 0.1290600426994015, 0.15114143129313992] [0.020410496283351197, 0.2597909777091906, 0.11093995730059865, 0.08885856870685994]
2700 -2.240953098514064 1.0754262513095738 0.96 [0.9509169510909955, 0.014700145318025541, 0.36630627066440197, 0.5880766329265767] [0.009083048909004635, 0.9452998546819749, 0.5936937293355977, 0.3719233670734232]
2800 -1.124108425210045 0.5768783155599707 0.9 [0.8882149577211716, 0.011366748445695378, 0.3913980941314664, 0.509020199701667] [0.011785042278828407, 0.8886332515543042, 0.5086019058685337, 0.3909798002983335]
2900 -1.1925262913803367 0.6108474998232208 0.96 [0.9490160250344405, 0.011164027097523064, 0.4332912467438985, 0.5265287011241384] [0.010983974965559624, 0.9488359729024768, 0.5267087532561017, 0.433471298875862]
3000 -2.0435819945326217 0.9008519750391425 0.88 [0.7463895230100954, 0.009994715338547134, 0.1352977171193547, 0.8683180445320032] [0.1336104769899049, 0.8700052846614534, 0.7447022828806452, 0.011681955467997036]
3100 -0.6551074330832314 0.32249384155624017 0.42 [0.12400247506899394, 0.05212590569118718, 0.29680048437847256, 0.3670711348613465] [0.2959975249310064, 0.3678740943088126, 0.12319951562152731, 0.05292886513865372]
3200 -1.0581254746452666 0.6811222169967202 0.75 [0.017950701100890237, 0.7350621249620116, 0.587179291066035, 0.15980788287106262] [0.7320492988991103, 0.014937875037987896, 0.1628207089339647, 0.590192117128937]
3300 0.005891981256565914 -0.0192693227782873 0.13 [0.02395583024464087, 0.10896505555969817, -0.06948303876209258, 0.1965621529577536] [0.10604416975535917, 0.02103494444030185, 0.19948303876209245, -0.06656215295775353]
3400 -1.0984997411619746 0.41238589118264196 0.54 [0.05222953278167875, 0.4922512716494034, 0.37895505535066426, 0.1565641402182538] [0.487770467218321, 0.04774872835059676, 0.16104494464933564, 0.3834358597817464]
3500 -0.4858694882276591 0.16850794333225877 0.43 [-0.0017868038105429878, 0.42701410830940395, 0.43039420362995773, 0.0043784918711818124] [0.43178680381054313, 0.0029858916905961745, -0.00039420362995736923, 0.42562150812881827]
3600 -1.095366190962222 0.5394369536115309 0.63 [0.0300894966193184, 0.6097453558603743, 0.6142531765964457, 0.005911970923861654] [0.5999105033806819, 0.0202546441396259, 0.01574682340355407, 0.6240880290761384]
3700 0.7963153114907654 -0.42276121142249806 -0.51 [-0.008562474136912464, -0.499151244161623, -0.5017974300581028, -0.010488851643361528] [-0.5014375258630874, -0.01084875583837706, -0.00820256994189688, -0.49951114835663846]
3800 -0.528994604474397 0.22587368688497247 0.59 [-5.091816366045259e-5, 0.5861750409523974, 0.1461393259556555, 0.4477365512556076] [0.5900509181636603, 0.0038249590476026733, 0.44386067404434437, 0.14226344874439237]
3900 -1.0255903876956671 0.5191425042148062 0.94 [0.02055083255011849, 0.9193154094934254, 0.010883848624430901, 0.9292499093320252] [0.919449167449881, 0.020684590506574643, 0.9291161513755692, 0.010750090667974794]
4000 -0.22196460194166132 0.21525760317062498 0.34 [0.017070857461833375, 0.26120702351168545, 0.06229521701534498, 0.33942690201113623] [0.32292914253816685, 0.07879297648831445, 0.2777047829846548, 0.0005730979888639426]
4100 -1.4946226863791123 0.7126084315550023 0.98 [0.03946167671241857, 0.9691651427228422, 0.9398546593986675, 0.01151852116607202] [0.9405383232875819, 0.010834857277157805, 0.04014534060133269, 0.9684814788339279]
4200 -1.3160946142275072 0.6259169370900348 0.88 [0.01159201324973793, 0.8671350330898124, 0.8648252072063539, 0.016447746454096166] [0.8684079867502621, 0.012864966910187103, 0.015174792793646887, 0.8635522535459037]
4300 0.08591473592960266 -0.08357234991092101 -0.17 [-0.0041347900547122375, -0.1640965066727569, -0.16709811197750266, -0.00467059129502846] [-0.16586520994528772, -0.0059034933272432985, -0.002901888022497394, -0.16532940870497193]
4400 0.3797638150445254 -0.1834129454909087 -0.09 [0.16105981980379092, -0.04410385035559816, -0.24944520810113932, -0.047510761347053246] [-0.251059819803791, -0.045896149644401765, 0.1594452081011396, -0.04248923865294694]
4500 -0.4814156533451975 0.2896500068216947 0.44 [0.4146716478799267, 0.4368118106135656, 0.025348524375529712, 0.003168017130978339] [0.025328352120073352, 0.00318818938643466, 0.4146514756244701, 0.4368319828690215]
4600 -0.351460004655441 0.22131602688620064 0.1 [-0.11493771036708791, 0.08947161969010432, 0.21747159458383233, 0.007994496093151364] [0.21493771036708803, 0.010528380309895547, -0.11747159458383231, 0.0920055039068487]
4700 -1.6742534047168653 0.7849053992449652 0.94 [0.011335664450965384, 0.8857279223242683, 0.9226127728625265, 0.06032364036223921] [0.9286643355490348, 0.054272077675731084, 0.017387227137473357, 0.8796763596377615]
4800 -1.322400930087897 0.6035259173343701 0.74 [0.036142408071217956, 0.7347934702760365, 0.6770215629101917, 0.03204255874255427] [0.7038575919287824, 0.005206529723963853, 0.06297843708980827, 0.7079574412574459]
4900 -1.7727108817114858 0.975242013232243 0.92 [0.16762286032720575, 0.9072933470559259, 0.745848968043765, 0.019234824573103573] [0.7523771396727946, 0.012706652944074198, 0.17415103195623502, 0.9007651754268966]
5000 -1.540716355356305 0.7559487773840614 0.98 [0.10170839457356218, 0.9659454506123782, 0.8809799929870137, 0.011366161827046266] [0.8782916054264382, 0.014054549387621412, 0.09902000701298688, 0.968633838172954]
5100 -1.8846505265475446 1.001965923373307 0.98 [0.6375034867534219, 0.9357498046104098, 0.3425933946317707, 0.0441533140043976] [0.3424965132465776, 0.044250195389590526, 0.6374066053682292, 0.9358466859956026]
5200 1.4753612316690714 -0.7463166969037818 -0.41 [-0.09054487277036262, -0.4049182851511361, -0.29173369935204524, -0.03280314272645611] [-0.3194551272296373, -0.005081714848863771, -0.11826630064795488, -0.3771968572735441]
5300 -0.9674970713192748 0.4536608797091998 0.75 [0.6927202527264694, 0.7392887685355086, 0.05727769297824174, 0.010713285759779584] [0.05727974727353027, 0.010711231464491027, 0.6927223070217585, 0.7392867142402204]
5400 -0.8960487652246301 0.4687220695268492 0.3 [0.28235097081180827, -0.005802762825141881, 0.018664490111920236, 0.3047873019014134] [0.017649029188191504, 0.30580276282514185, 0.2813355098880795, -0.004787301901413116]
5500 -0.44930708588507123 0.08226260467046606 0.08 [0.08343212515263165, -0.1102726042818718, -0.0035275134492711085, 0.1903679925785112] [-0.0034321251526317474, 0.19027260428187173, 0.08352751344927103, -0.11036799257851097]
5600 0.20712981507304587 -0.07237361839723486 -0.18 [-0.177411744496343, -0.0014625567142431404, -0.001678235299040972, -0.17944746349037236] [-0.0025882555036566674, -0.17853744328575707, -0.17832176470095917, -0.0005525365096274404]
5700 0.07831906702208058 0.028491006681893184 -0.1 [-0.0760670409319103, -0.022305395459740262, -0.394092786631954, 0.29246522302360434] [-0.023932959068089885, -0.07769460454025968, 0.29409278663195404, -0.39246522302360426]
5800 -1.184744512271062 0.6282205276950243 0.74 [0.6454308426494036, 0.009763834041760488, 0.030844233514555723, 0.7939610897942805] [0.09456915735059647, 0.7302361659582394, 0.7091557664854448, -0.053961089794280215]
5900 -1.0168863111636723 0.36628545439286575 0.62 [0.04149639107910657, -0.009599408668210983, 0.5789367109110695, 0.6291663066780356] [0.5785036089208931, 0.6295994086682108, 0.04106328908893108, -0.009166306678035483]
6000 -1.0434784478221015 0.5870256506640292 0.58 [0.5368777534956177, 0.037337822717646754, 0.02041558125357378, 0.5653688425331609] [0.04312224650438203, 0.5426621772823528, 0.5595844187464265, 0.01463115746683855]
6100 -1.4964860915192353 0.8620104530806394 0.79 [0.726100821303671, 0.014237486580322048, 0.08126336653845286, 0.7583983255775546] [0.06389917869632894, 0.7757625134196775, 0.7087366334615475, 0.03160167442244605]
6200 0.8690330554117895 -0.4095465636903979 -0.42 [-0.4151490749534857, -0.042973587276036784, -0.006567716707141533, -0.3753096210633358] [-0.004850925046514178, -0.37702641272396287, -0.41343228329285836, -0.044690378936664235]
6300 -1.125390125367219 0.6893398081648214 0.59 [0.12514497219993614, 0.5403177069616271, 0.464566528355317, 0.04997079248311967] [0.46485502780006394, 0.04968229303837272, 0.12543347164468296, 0.5400292075168807]
6400 -0.3894594083892569 0.17927730842680656 0.43 [0.09890510151409333, 0.33141024900668886, 0.4253810211649508, 0.004303628314266736] [0.3310948984859067, 0.09858975099331112, 0.004618978835048961, 0.425696371685733]
6500 -0.353490603942588 0.1782088324888051 0.13 [-0.03098086752550287, 0.16647074636832815, 0.11318486769254889, 0.011325253464625746] [0.16098086752550292, -0.03647074636832822, 0.016815132307451002, 0.11867474653537431]
6600 -0.5549256289740365 0.2068880209617136 0.44 [0.0015163802965742165, 0.4397582089743269, 0.3980134536786023, 0.0407119570504968] [0.4384836197034256, 0.00024179102567323433, 0.041986546321397755, 0.3992880429495035]
6700 -1.4010678064933635 0.8313443779811992 0.84 [0.03446146924172679, 0.5032759869598088, 0.8157707649278398, 0.3264917788706244] [0.8055385307582739, 0.33672401304019084, 0.024229235072160203, 0.5135082211293757]
6800 -0.9916096181891674 0.4210101608919491 0.03 [-0.04386830569868682, -0.2381010049579959, 0.08521942404763014, 0.2567498866090527] [0.0738683056986869, 0.2681010049579961, -0.05521942404763017, -0.22674988660905257]
6900 -1.0273319169717074 0.520563880515198 0.77 [0.5042212560529147, 0.2553133489704101, 0.018842148006696233, 0.7616232469699793] [0.2657787439470855, 0.5146866510295901, 0.7511578519933034, 0.008376753030021028]
7000 -0.2783238621376102 0.10338985830733635 0.06 [0.1369009870085559, -0.07171537185625622, -0.06267079087876101, 0.11748517572646124] [-0.07690098700855601, 0.13171537185625593, 0.12267079087876125, -0.05748517572646127]
7100 -0.9788917249947563 0.47893697420506776 0.78 [0.3068057146471611, 0.46982550946343904, 0.023736445952452122, 0.7596323299369483] [0.47319428535283914, 0.31017449053656126, 0.7562635540475476, 0.02036767006305234]
7200 -0.8491993825155575 0.38272366584622763 0.08 [0.0015145128825902049, 0.07857579020546739, 0.20285096145374393, -0.1229412645418015] [0.07848548711740967, 0.0014242097945326411, -0.12285096145374394, 0.20294126454180156]
7300 -2.0006243117019173 1.0406370256571882 0.82 [0.6073511478013743, 0.8121489304105124, 0.21502815379262163, 0.005471767995492795] [0.21264885219862628, 0.007851069589487879, 0.6049718462073786, 0.8145282320045069]
7400 0.28458727916343435 -0.25896432972879013 -0.04 [0.01437181601025404, -0.03597692546761851, -0.056330190567750946, -0.0020646999748845226] [-0.054371816010254016, -0.004023074532381489, 0.016330190567751007, -0.03793530002511554]
7500 -0.4633458589142058 0.3847741753469618 0.42 [0.19871442213065454, 0.41281558188781853, 0.22365263767988247, 0.004817358301644592] [0.2212855778693456, 0.007184418112181398, 0.19634736232011768, 0.41518264169835556]
7600 -1.2169648869235778 0.5637247388541333 0.88 [0.2238062998467044, 0.4141441771995636, 0.870158966565415, 0.25189055638831664] [0.6561937001532957, 0.465855822800436, 0.009841033434585011, 0.6281094436116831]
7700 1.0146047315389124 -0.5502429815647027 -0.71 [-0.029157930593957708, -0.049960547231918534, -0.6805584807869022, -0.660323041387222] [-0.6808420694060419, -0.6600394527680814, -0.02944151921309814, -0.049676958612778196]
7800 -0.4780672210241966 0.12123420239627984 0.13 [0.02352636639584366, 0.0027930044610038817, 0.10567776236850973, 0.12800286677464257] [0.10647363360415626, 0.12720699553899617, 0.02432223763149011, 0.0019971332253574097]
7900 -0.058185805099262015 -0.033658312303843176 0.04 [0.04521677436950677, -0.017950710429206696, -0.04627246873092386, 0.09900640479062338] [-0.005216774369506905, 0.05795071042920668, 0.08627246873092397, -0.05900640479062362]
8000 0.4925781611286013 -0.2511605802047229 -0.19 [-0.19382373438266373, -0.06497582419106136, 0.004028139507002149, -0.125228580933277] [0.003823734382663823, -0.12502417580893865, -0.1940281395070022, -0.06477141906672317]
8100 0.3043259132927133 -0.17908507116487712 -0.24 [-0.23435588145935538, -0.23603763542325396, -0.0056854083675777975, -0.0039210747498130034] [-0.005644118540644695, -0.003962364576746086, -0.2343145916324222, -0.23607892525018703]
8200 0.38669136019246914 -0.1783001045311884 -0.69 [-0.693905470186413, -0.6865561915700418, 0.0041039920901297135, -0.0036423303336748938] [0.0039054701864128976, -0.0034438084299580674, -0.6941039920901301, -0.686357669666325]
8300 -0.5330440980601135 0.1974341994276988 -0.04 [-0.05892346771545487, -0.03987385449064256, 0.01899371301723942, -0.000196390811142307] [0.018923467715455042, -0.00012614550935759062, -0.05899371301723963, -0.03980360918885748]
8400 -0.09377888120049238 -0.034736333426573125 -0.14 [-0.0028435822246734035, -0.08743140288659847, -0.1560271607856261, -0.033697854103102005] [-0.13715641777532653, -0.052568597113401505, 0.016027160785626125, -0.10630214589689797]
8500 -1.0619462436367169 0.5545208296661809 0.62 [0.09526688874045973, 0.5074467368799246, 0.6070782797074267, 0.030208094672188837] [0.5247331112595401, 0.11255326312007537, 0.012921720292573134, 0.5897919053278112]
8600 -0.18106804544791844 0.14315416184081062 0.13 [-0.01655343175010158, 0.13341909199234517, 0.12284325491614366, 0.020291084841612798] [0.14655343175010166, -0.0034190919923451787, 0.007156745083856319, 0.10970891515838725]
8700 -0.7752655737462889 0.3270870546468106 0.39 [-0.06505880624759149, 0.2696678470126366, 0.3939521576407031, 0.1814388015942517] [0.45505880624759143, 0.12033215298736342, -0.0039521576407036555, 0.20856119840574874]
8800 -1.4782071725491719 0.6542350908568703 0.86 [0.008429606981051446, 0.580710544794026, 0.8516491586639251, 0.27921068956099715] [0.8515703930189491, 0.27928945520597437, 0.00835084133607472, 0.5807893104390032]
8900 -0.31764855148347065 0.14204153794397226 0.56 [0.021916690632802053, 0.5397448076739885, 0.44533174555351884, 0.11300675613969087] [0.5380833093671976, 0.02025519232601184, 0.11466825444648114, 0.44699324386030936]
9000 -0.4779150104048812 0.22010634593745224 0.36 [0.30726582891041826, 0.20521140445606342, 0.20655848325308152, 0.0009642833804367794] [0.052734171089581755, 0.15478859554393645, 0.1534415167469185, 0.35903571661956335]
9100 0.5642899346092974 -0.23529529742965327 -0.29 [-0.28633602132120123, -0.25266173457805885, -0.003916358775946961, -0.03708588532479306] [-0.0036639786787999577, -0.03733826542194057, -0.2860836412240521, -0.2529141146752075]
9200 -1.5356923887942273 0.7136596004420263 0.67 [0.16509052277111316, 0.5530625191077235, 0.5008229643917533, 0.12102399372940979] [0.504909477228887, 0.11693748089227646, 0.16917703560824615, 0.5489760062705905]
9300 -1.2141135014527686 0.6682173137334266 0.82 [0.01029301676849777, 0.8063714834385227, 0.7765900429393888, 0.046745456853590585] [0.8097069832315016, 0.01362851656147737, 0.043409957060610876, 0.773254543146409]
9400 -1.115898957237194 0.6451755032217921 0.7 [0.021322723392429264, 0.6814505847625643, 0.6088365610773391, 0.08839013076766719] [0.6786772766075708, 0.01854941523743577, 0.09116343892266045, 0.6116098692323331]
9500 -0.36734046572982054 0.17216367502336744 0.24 [0.0020231080510086557, 0.23669534270657128, 0.23586909020266775, 0.005412459039752033] [0.23797689194899121, 0.003304657293428487, 0.004130909797332169, 0.23458754096024811]
9600 -0.14799430122937904 0.052076678914254056 0.22 [-0.003988218528948856, 0.21816933846952652, 0.22456344086604915, 0.0012554391933733424] [0.22398821852894893, 0.001830661530473573, -0.00456344086604909, 0.21874456080662671]
9700 -2.387163050230525 1.0989049413219427 0.9 [0.06177673310367646, 0.8420209622869704, 0.8371448268774148, 0.059057477731937744] [0.8382232668963239, 0.05797903771302918, 0.06285517312258489, 0.8409425222680622]
9800 -1.889196349619678 0.9667490883025143 0.9 [0.3808402765268617, 0.5151607231538882, 0.8697199546689768, 0.03427904565027377] [0.5191597234731382, 0.3848392768461119, 0.030280045331023395, 0.8657209543497261]
9900 -0.9245126111361159 0.4096131114350278 0.7 [0.010941044290124968, 0.6912861495866922, 0.6880775700838523, 0.009695236039330807] [0.6890589557098749, 0.00871385041330786, 0.011922429916147835, 0.6903047639606696]
10000 -1.713544342810396 0.7819776730062901 0.94 [0.01672892132544872, 0.9168479208906903, 0.911576642233872, 0.034846515549989236] [0.9232710786745509, 0.02315207910930982, 0.028423357766128, 0.9051534844500111]
10100 -1.3965535693088384 0.6931117159141793 0.76 [0.030462794342845653, 0.7453410142528711, 0.7289640053439023, 0.015232186060380635] [0.7295372056571543, 0.014658985747128374, 0.031035994656097826, 0.7447678139396195]
10200 -1.1318768399521408 0.5856596955014887 0.68 [0.17718354716268483, 0.6707040298391109, 0.5030172286006603, 0.009095194397543771] [0.5028164528373149, 0.009295970160888697, 0.17698277139934, 0.6709048056024565]
10300 -1.3856742868485747 0.6781744030809703 0.86 [0.04663616028666353, 0.8223849269437637, 0.8402855251120794, 0.010693387657492838] [0.813363839713337, 0.03761507305623604, 0.019714474887920254, 0.8493066123425074]
10400 -1.3394855839216018 0.6866748235997115 0.72 [0.027420697489905246, 0.7088423706266656, 0.6623404464982289, 0.04139648538520043] [0.6925793025100946, 0.01115762937333458, 0.057659553501770926, 0.6786035146147996]
10500 -1.2847287400218181 0.5820275734249026 0.9 [0.014599385342621037, 0.8830066343556049, 0.8906427654075447, 0.01175121489422911] [0.8854006146573787, 0.01699336564439481, 0.009357234592455202, 0.8882487851057713]
10600 -1.168154426777802 0.6870992235985383 0.8 [0.01810725168383105, 0.7782450198892801, 0.7234181481114299, 0.08022958031545818] [0.7818927483161694, 0.021754980110719413, 0.07658185188856971, 0.7197704196845414]
10700 -1.206189731914029 0.7115550824669897 0.64 [0.011433206452654809, 0.586322203327963, 0.6052622339432417, 0.07698235627614076] [0.628566793547345, 0.05367779667203721, 0.034737766056758136, 0.5630176437238594]
10800 -1.764604822187686 0.9037617154180161 0.9 [0.017611703530290238, 0.8861384818622308, 0.8560936301374467, 0.04015618447003269] [0.88238829646971, 0.013861518137769584, 0.04390636986255322, 0.8598438155299678]
10900 -0.01886273225932192 -0.02817879198353888 -0.13 [0.005999489454539987, 0.16247207645544282, -0.13604753961859056, -0.2924240262913919] [-0.13599948945453982, -0.29247207645544265, 0.006047539618590811, 0.16242402629139208]
11000 -0.9906093683556371 0.4547195156534042 0.41 [0.07947420250532634, 0.45532793021732026, 0.35782924908625735, -0.07263138180890401] [0.33052579749467365, -0.0453279302173203, 0.052170750913742674, 0.48263138180890414]
11100 -1.262017149868866 0.6833128696120265 0.62 [0.10701498183275487, 0.5073333572216644, 0.6071554365842652, 0.01849622436131559] [0.5129850181672456, 0.11266664277833519, 0.012844563415735033, 0.6015037756386844]
11200 -1.3003158633927137 0.5887289191973675 0.86 [0.030433547254663722, 0.8434742514619218, 0.8319940347686946, 0.01409816651471987] [0.8295664527453362, 0.016525748538078124, 0.028005965231305368, 0.8459018334852796]
11300 -1.921297206724069 0.8569564456561518 0.96 [0.07738246288801266, 0.9286998300148729, 0.8797740054736312, 0.03414370162348237] [0.8826175371119872, 0.03130016998512642, 0.08022599452636847, 0.9258562983765176]
11400 -0.4221348815891377 0.2168251033962667 0.2 [0.004439154271016577, 0.11162155576074306, 0.2009216555958982, 0.0830176343723423] [0.19556084572898347, 0.08837844423925688, -0.0009216555958980273, 0.1169823656276577]
11500 -0.37032333419860713 0.24150352286019663 0.09 [-0.027931804804047344, 0.1053830334047044, 0.20837273704844736, -0.10582396564910468] [0.11793180480404741, -0.015383033404704366, -0.11837273704844772, 0.1958239656491047]
11600 1.41119043200725 -0.49731726696615774 -0.19 [-0.13569063099119918, -0.19058655942963865, -0.025927896678638124, -0.027794912900524084] [-0.05430936900880081, 0.0005865594296386289, -0.164072103321362, -0.16220508709947556]
11700 -1.6112028284296724 0.8560118536565362 0.92 [0.04202013929687027, 0.9087436057113395, 0.8721857625393222, 0.01705049245246783] [0.8779798607031298, 0.011256394288660803, 0.047814237460677186, 0.9029495075475321]
11800 -1.6821296708832698 0.8191463549978957 0.96 [0.026378661171145824, 0.9407321566421397, 0.9319642763574205, 0.020924905829293884] [0.933621338828854, 0.019267843357860193, 0.028035723642579384, 0.9390750941707061]
11900 -0.9842235814499929 0.6266760258223113 0.46 [0.4289494690995758, 0.1532714050595489, 0.03229844639095503, 0.3054806794499202] [0.031050530900424266, 0.306728594940451, 0.42770155360904477, 0.15451932055007986]
12000 -1.1151966143847674 0.6418132250634419 0.68 [0.6779738170245436, 0.5590113634795429, 0.0022790958474169717, 0.12073572364849613] [0.002026182975456439, 0.12098863652045652, 0.677720904152583, 0.559264276351504]
12100 -0.30670979345763455 0.15873146524469614 -0.03 [-0.03085245755019778, 0.026982386642478415, 0.001534739445459724, -0.05766466853774028] [0.0008524575501977688, -0.05698238664247848, -0.03153473944545981, 0.02766466853774041]
12200 0.6100512163875673 -0.29381948945910485 -0.09 [-0.051835412624829026, -0.02148861659421586, -0.03400807577256908, -0.07266789500838605] [-0.03816458737517078, -0.06851138340578408, -0.05599192422743085, -0.017332104991614167]
12300 0.35623794853558477 -0.15566146416082327 -0.26 [-0.24117583561940614, -0.005878342065666221, -0.01624112921932716, -0.2567046930956003] [-0.018824164380593797, -0.2541216579343337, -0.24375887078067288, -0.0032953069043996247]
12400 0.34474316154942514 -0.23106343704210822 -0.33 [-0.28540277225335237, -0.0050129733522252615, -0.04523235402981587, -0.3243519003646068] [-0.044597227746647726, -0.32498702664777473, -0.2847676459701842, -0.0056480996353934654]
12500 -0.9452988626762788 0.5356256233512775 0.69 [0.6781591104096131, 0.013792474391864129, 0.010088541268841414, 0.6779598739296812] [0.011840889590386925, 0.6762075256081359, 0.6799114587311589, 0.012040126070318706]
12600 -0.26894648024410794 0.2134598150796403 0.18 [0.338231929190437, 0.00393944192171281, -0.15767114243330657, 0.17549977132115696] [-0.158231929190437, 0.17606055807828727, 0.33767114243330665, 0.004500228678843133]
12700 -0.26721752532397214 0.23486270089537126 0.1 [0.12110740294040725, 0.008629683897523697, -0.0234801408291299, 0.09374305399119884] [-0.021107402940407232, 0.09137031610247626, 0.12348014082912961, 0.0062569460088011605]
12800 -2.151599845948033 0.9683123335904201 0.8 [0.756816325700003, 0.22116032019315557, 0.031082373758116563, 0.5909409803487243] [0.043183674299996956, 0.5788396798068439, 0.7689176262418836, 0.20905901965127552]
12900 -1.6715317991445182 0.6473052870604328 0.76 [0.6436401585717546, 0.11695344153979416, 0.23323764159098698, 0.526168758297464] [0.11635984142824536, 0.643046558460206, 0.526762358409013, 0.2338312417025359]
13000 -1.4238649543906177 0.7566317912179756 0.82 [0.07138525713163557, 0.7598167017076132, 0.7344041463904715, 0.07439389477027994] [0.7486147428683642, 0.06018329829238702, 0.0855958536095284, 0.7456061052297206]
13100 -0.37516534229255205 0.2455762187728711 0.01 [0.23134248592372816, 0.008139672041128585, -0.22322742786495312, 0.003745269900096503] [-0.22134248592372802, 0.0018603279588714204, 0.2332274278649529, 0.0062547300999036375]
13200 -1.4245400084729192 0.7107797966554154 0.78 [0.11350785495074202, 0.6657506318684179, 0.7713931629495963, 0.00934835023124405] [0.6664921450492587, 0.11424936813158214, 0.008606837050403847, 0.7706516497687563]
13300 -1.6714526388601354 0.734074213685587 0.51 [0.3505267931980466, 0.15999543757974918, 0.24669009440287215, 0.26278767481933213] [0.1594732068019537, 0.35000456242025096, 0.26330990559712764, 0.2472123251806679]
13400 -2.038775413115796 0.8936573017621068 0.64 [0.6313227363635532, 0.010344663585850608, 0.07112206565124611, 0.5672105343993503] [0.008677263636447196, 0.6296553364141493, 0.5688779343487534, 0.07278946560064974]
13500 -2.407827183664941 1.0484621946031152 0.92 [0.13999098322369685, 0.15457764455650913, 0.7787084474961816, 0.7667229247236126] [0.7800090167763031, 0.7654223554434908, 0.14129155250381864, 0.15327707527638748]
13600 -1.4203215951012735 0.5552556415939024 0.44 [0.0047959462749241925, 0.32837428917058176, 0.4345106156018549, 0.11231914895263909] [0.43520405372507587, 0.11162571082941812, 0.005489384398145073, 0.3276808510473609]
13700 -1.136721702222914 0.5709565969785907 0.74 [0.018149795509822646, 0.7184788752887482, 0.7332086243179298, 0.01016270488349981] [0.721850204490177, 0.021521124711251498, 0.006791375682070887, 0.7298372951165]
13800 -1.1870078333799545 0.677416660517804 0.88 [0.0785349554844831, 0.8024936784353245, 0.8660961510706923, 0.012875215009500045] [0.8014650445155173, 0.07750632156467538, 0.013903848929307613, 0.8671247849905008]
13900 -1.065755234098579 0.5419384214744689 0.88 [0.013738633932964518, 0.3888457074412986, 0.865385228107436, 0.49203043051830087] [0.8662613660670351, 0.4911542925587015, 0.014614771892563867, 0.38796956948169914]
14000 -0.41192922832148526 0.21487812768855988 0.49 [0.027795260743455175, 0.002890781104198583, 0.4622035944203816, 0.4871103637319647] [0.46220473925654476, 0.4871092188958017, 0.027796405579618492, 0.002889636268035276]
14100 -0.04617065966829065 0.01692384846983613 0.45 [0.0012957182353445298, 0.03953690976541054, 0.449346731537666, 0.40982064046157857] [0.44870428176465543, 0.41046309023458977, 0.0006532684623337262, 0.04017935953842125]
14200 -2.3354505995878 1.0562319863389062 1.0 [0.7017342339963314, 0.29813238945198534, 0.9663342214235502, 0.033799155128133404] [0.2982657660036686, 0.7018676105480146, 0.03366577857644993, 0.9662008448718659]
14300 -0.4446116758992877 0.23266481956106003 0.56 [0.5617996105485501, -0.0013024344774528053, 0.49980677107153154, 0.05969605285737106] [-0.0017996105485502767, 0.5613024344774528, 0.060193228928468505, 0.5003039471426292]
14400 -1.3835116661466547 0.6430330404261281 0.42 [0.18595546133485502, 0.23330055082899123, 0.005411652306464354, 0.41533233552968946] [0.23404453866514474, 0.1866994491710087, 0.41458834769353586, 0.004667664470310622]
14500 -1.9543991175246702 0.8137450114252794 0.85 [0.8412947660848051, 0.008434133313394083, 0.42406761980058916, 0.42620348080121195] [0.008705233915194883, 0.8415658666866054, 0.425932380199411, 0.4237965191987884]
14600 0.00778323077914127 -0.020982124997944624 0.11 [0.11441180243088983, -0.006436102341562933, 0.001571982099914021, 0.11045231781075904] [-0.00441180243088983, 0.11643610234156304, 0.10842801790008604, -0.00045231781075907564]
14700 -1.335148973917651 0.7198670781883775 0.96 [0.9311509497529351, 0.015359075093446034, 0.03608368266538588, 0.9374062924882317] [0.028849050247064176, 0.9446409249065546, 0.9239163173346137, 0.0225937075117678]
14800 -2.9446525001229453 1.3152723170070681 0.92 [0.9102347899979538, 0.05903015338418939, 0.40033890117307835, 0.47039615544477864] [0.00976521000204654, 0.8609698466158102, 0.5196610988269214, 0.4496038445552215]
14900 -1.5797906004022082 0.780555241655525 0.9 [0.8610059050221699, 0.03865118485643693, 0.8354042578839648, 0.06493865223742928] [0.03899409497783063, 0.8613488151435633, 0.06459574211603548, 0.8350613477625711]
15000 -0.966430144600821 0.564425028075897 0.78 [0.3505091998411969, 0.42035140103669705, 0.7817715076477135, 0.007367891474392819] [0.42949080015880287, 0.3596485989633033, -0.0017715076477136894, 0.7726321085256074]
15100 -0.7695336423807952 0.4235284782132821 0.84 [0.8300528849425766, 0.009976217626974083, 0.8281232545187561, 0.011847642911693004] [0.009947115057423178, 0.8300237823730253, 0.01187674548124386, 0.8281523570883078]
15200 -1.7300435396537954 0.8177911993212068 0.87 [0.08063293979955369, 0.7863789431836008, 0.8505331130370807, 0.022455003979764365] [0.7893670602004458, 0.08362105681639913, 0.01946688696291882, 0.8475449960202363]
15300 -1.340794094979804 0.689006378645097 0.85 [0.0399937553446373, 0.8098221054740132, 0.8234387792553706, 0.02674535992597837] [0.8100062446553629, 0.04017789452598639, 0.026561220744629126, 0.8232546400740225]
15400 -1.026477497104307 0.4901368257612023 0.7 [0.015325842193003689, 0.684402716555849, 0.6929967982360482, 0.007274643015099247] [0.6846741578069966, 0.015597283444151204, 0.0070032017639516655, 0.6927253569849008]
15500 -0.30781062891454125 0.1929226326065066 0.1 [0.01082771605740482, 0.0917756041575956, 0.09679449708622943, 0.0006021826987701116] [0.08917228394259528, 0.00822439584240427, 0.0032055029137706467, 0.09939781730122997]
15600 -1.4736707669146876 0.7422985195383667 0.92 [0.015032570303721769, 0.9029228532821574, 0.9030011191512395, 0.019043457262881373] [0.9049674296962783, 0.01707714671784259, 0.01699888084876042, 0.9009565427371191]
15700 -1.069533288593622 0.545040014598291 0.72 [0.007501184988728918, 0.5317428333120282, 0.672122534283455, 0.22863344741578803] [0.7124988150112708, 0.18825716668797188, 0.047877465716545026, 0.49136655258421236]
15800 -1.796377574707212 1.0249063708133275 0.9 [0.6637740673363646, 0.07421521477182295, 0.8603570962335391, 0.2016536216582736] [0.23622593266363598, 0.8257847852281769, 0.03964290376646049, 0.6983463783417269]
15900 0.7197776807701064 -0.24005367016378623 0.17 [0.2671456244798515, -0.09804565277206782, 0.1687815736390266, 0.0021184546531896847] [-0.09714562447985134, 0.2680456527720678, 0.001218426360973239, 0.16788154534681027]
16000 -0.8107419400493948 0.33435434665674796 0.51 [0.01709200219025248, 0.5048449082080144, 0.49181502383654824, 0.006248065765184761] [0.49290799780974764, 0.005155091791985656, 0.01818497616345153, 0.5037519342348151]
16100 0.9669742925383151 -0.45551007914525293 -0.73 [0.012730594941063336, -0.7127118350206716, -0.6681785535865157, -0.09184020633387689] [-0.7427305949410632, -0.017288164979328415, -0.061821446413485005, -0.638159793666123]
16200 -0.6577667404540419 0.3408152822799073 0.59 [0.20607069066119205, 0.5871587837656232, 0.38389239658468666, 0.0028781289884978983] [0.38392930933880803, 0.0028412162343766255, 0.20610760341531312, 0.587121871011502]
16300 -2.980376033767632 1.515574945591328 0.92 [0.6157961637154996, 0.6911383947607495, 0.14147289347262487, 0.3915925480511258] [0.30420383628450043, 0.22886160523925003, 0.7785271065273753, 0.5284074519488747]
16400 -0.9547948697765329 0.46414082874673745 0.5 [0.013216216600797956, 0.4868821131118339, 0.06864478023847839, 0.4312568900488899] [0.48678378339920186, 0.013117886888166251, 0.43135521976152136, 0.06874310995111013]
16500 -0.9224850531261168 0.5457984098085469 0.74 [0.14720497949614852, 0.5955682645216086, 0.6449350371487317, 0.09229171883351184] [0.5927950205038514, 0.14443173547839175, 0.09506496285126852, 0.6477082811664883]
16600 -1.4116668774026206 0.6598562130818961 0.71 [0.08488064389502945, 0.6970480868419006, 0.619761569639708, 0.018309699623361847] [0.6251193561049704, 0.01295191315809945, 0.09023843036029186, 0.6916903003766387]
16700 -0.9870349880536939 0.4014606097801557 0.73 [0.2629560845300699, 0.4737150394791039, 0.7200783146262464, 0.0032505613645795583] [0.46704391546993024, 0.2562849605208963, 0.009921685373753212, 0.7267494386354207]
16800 -1.1097314639500597 0.5461265762027058 0.82 [0.011614022727851425, 0.8075447080624544, 0.807946683584236, 0.012894585625458038] [0.8083859772721483, 0.012455291937545306, 0.012053316415764062, 0.8071054143745421]
16900 -1.3301202219703387 0.5236087154287264 0.84 [0.02082494703793782, 0.8323444017063407, 0.8175666782498758, 0.009263973005845395] [0.8191750529620617, 0.0076555982936588355, 0.02243332175012429, 0.8307360269941543]
17000 -1.3664861956447591 0.7092036893203723 0.85 [0.33479695676061544, 0.515189532890648, 0.84475007433165, 0.005263436017085762] [0.5152030432393846, 0.3348104671093522, 0.005249925668349166, 0.8447365639829146]
17100 -1.3036695683935628 0.652546910788932 0.91 [0.388002752060893, 0.5212980218624427, 0.8782442553204639, 0.032454970756199825] [0.5219972479391073, 0.388701978137557, 0.0317557446795356, 0.8775450292438003]
17200 -0.45916296159302966 0.3087800509052735 0.52 [0.5187932248023411, 0.004144964847729723, 0.4145995804458391, 0.10246222990408997] [0.0012067751976590681, 0.51585503515227, 0.10540041955416052, 0.41753777009591003]
17300 -1.2805499053610205 0.6401759731264243 0.92 [0.9073189761793783, 0.014605816958800946, 0.01389032476390095, 0.9041848820979197] [0.012681023820621903, 0.905394183041199, 0.9061096752360993, 0.015815117902080126]
17400 -0.9400505304305792 0.4834651241239936 0.28 [0.31516544177936623, -0.03518610220690728, 0.016263107230600662, 0.2637575531969405] [-0.035165441779366015, 0.3151861022069071, 0.2637368927693993, 0.016242446803059484]
17500 -0.06168212667359201 0.01092095576379374 0.15 [0.007255653683630101, -0.004323262764866467, 0.14265008373482738, 0.15441752534640898] [0.14274434631636973, 0.1543232627648663, 0.007349916265172614, -0.00441752534640901]
17600 -0.44544917796570643 0.2644348520849346 0.37 [0.003427365366904731, 0.011725067037208636, 0.3665476455187657, 0.358299922077121] [0.36657263463309525, 0.35827493296279117, 0.0034523544812342113, 0.011700077922879203]
17700 0.5149125150014057 -0.2948448319532556 -0.13 [-0.06320438778648256, 0.0007034948051488364, -0.06622229902193226, -0.13127680799673405] [-0.06679561221351749, -0.13070349480514884, -0.06377770097806773, 0.0012768079967340133]
17800 -0.6522773291358771 0.44116677348620315 0.46 [0.3829020662157342, 0.025460392052079252, 0.034330695200685594, 0.4773068465315009] [0.07709793378426573, 0.4345396079479208, 0.4256693047993144, -0.017306846531500882]
17900 0.6018617046148929 -0.31186133867979016 -0.21 [-0.16557920006483062, -0.17945769952524773, -0.04504205330801571, -0.029921047101905716] [-0.044420799935169154, -0.030542300474752183, -0.16495794669198433, -0.18007895289809445]
18000 0.8614301295035136 -0.4440400857449469 -0.68 [-0.6676588373943744, -0.6636278521296846, -0.013039292075475648, -0.01567401840046551] [-0.012341162605625558, -0.016372147870315542, -0.6669607079245244, -0.6643259815995346]
18100 0.02316160666835175 0.04076145077517515 -0.01 [-0.007907884641440863, 0.274454893652707, -0.002622283396832098, -0.2839247256144338] [-0.0020921153585591813, -0.28445489365270693, -0.007377716603168025, 0.27392472561443393]
18200 0.7148172268937222 -0.3171720666560368 -0.33 [-0.3241876512741861, -0.014556839832919605, -0.03163541641768866, -0.2896200924752058] [-0.005812348725813883, -0.31544316016708035, -0.2983645835823119, -0.04037990752479445]
18300 -0.8932350324451585 0.41223889358276344 0.76 [0.7472304191678059, 0.006912546784213281, 0.009618967950477264, 0.7562380660975039] [0.012769580832194292, 0.7530874532157867, 0.7503810320495228, 0.003761933902496305]
18400 -1.1661340116877958 0.6036712306066856 0.82 [0.8086856786119055, 0.011795364791699665, 0.058880071275979926, 0.7606388853204146] [0.011314321388094205, 0.8082046352083008, 0.7611199287240197, 0.059361114679585436]
18500 -0.757149622203979 0.2579410634938855 0.45 [0.4549116030926409, 0.09044154194309288, -0.00181068161798242, 0.35645753658224844] [-0.004911603092641135, 0.3595584580569071, 0.4518106816179822, 0.09354246341775158]
18600 -1.9368967768602252 0.9147650020720409 0.85 [0.8281744680853714, 0.04320214262016032, 0.03108424851129292, 0.7975391407831747] [0.021825531914628434, 0.8067978573798397, 0.8189157514887071, 0.05246085921682498]
18700 -0.40742811957488184 0.14340808332862282 0.24 [0.21200320249921287, 0.10399495497185778, 0.04219461169645232, 0.12180723083247712] [0.027996797500787315, 0.13600504502814226, 0.19780538830354755, 0.11819276916752287]
18800 -0.8936348024698602 0.3567957555887483 0.74 [0.7350085113959683, 0.008823305638414413, 0.006507841522527025, 0.7296603414430899] [0.004991488604031394, 0.7311766943615856, 0.7334921584774731, 0.010339658556910112]
18900 -1.0389508009735164 0.5304103742757446 0.84 [0.8275269048414752, 0.014002786393834643, 0.16097023389291715, 0.6775000748717739] [0.012473095158525354, 0.8259972136061653, 0.6790297661070823, 0.16249992512822659]
19000 -1.5529803368681996 0.601988387051238 0.8 [0.7940083697520308, 0.007524979629736993, 0.4960307845581798, 0.3024358660600519] [0.005991630247968834, 0.7924750203702626, 0.30396921544181993, 0.49756413393994875]
19100 1.087280685352117 -0.38043242369802566 -0.32 [-0.2599237988050359, -0.06125947638766136, -0.15432847832044297, -0.16448824648685967] [-0.060076201194964124, -0.2587405236123386, -0.1656715216795571, -0.15551175351314034]
19200 -0.08357434534644233 0.03855360421070315 0.25 [0.009468372625273969, 0.3017955040935365, 0.24861530124582937, -0.05987917796464009] [0.24053162737472608, -0.051795504093536705, 0.0013846987541706818, 0.3098791779646398]
19300 0.9777518722712294 -0.26685764824097075 -0.36 [-0.08325708644979254, -0.25343395087814174, -0.3600931627629271, -0.023215799909138708] [-0.2767429135502075, -0.10656604912185826, 9.316276292701719e-5, -0.33678420009086124]
19400 -1.235707126450702 0.5571490992987269 0.72 [0.6233620174646933, 0.09596976084421602, 0.713651193887683, 0.007017027803407606] [0.09663798253530642, 0.6240302391557841, 0.0063488061123171315, 0.7129829721965923]
19500 -2.8248953865185538 0.6846226313211716 0.65 [0.6464924568626347, -0.00808911496625228, 0.35536234433272973, 0.3062343137708876] [0.0035075431373651532, 0.65808911496625, 0.2946376556672718, 0.34376568622911335]
19600 -1.9583050716622723 1.050622747837589 1.0 [0.9809471769327566, 0.055079830374116005, 0.33133562495682056, 0.6326373677363066] [0.019052823067243648, 0.9449201696258838, 0.668664375043179, 0.36736263226369326]
19700 -1.298014787012165 0.6920237770457743 0.9 [0.8800695115469757, 0.3046212599961352, 0.01934584274393268, 0.5959633857129564] [0.019930488453024097, 0.5953787400038643, 0.8806541572560672, 0.30403661428704404]
19800 0.2161723733543071 0.012741742924324896 -0.35 [-0.3474847183774542, 0.007446261012622044, -0.0015884854053149033, -0.3583730572298528] [-0.002515281622545731, -0.3574462610126219, -0.3484115145946852, 0.008373057229852906]
19900 1.6816537504182059 -0.7867653425938169 -0.71 [-0.7020718320343852, -0.22131489958423414, -0.00681756876532268, -0.48979569961605807] [-0.007928167965614897, -0.4886851004157657, -0.703182431234677, -0.2202043003839422]
20000 0.9168535940580275 -0.39729937213009314 -0.36 [-0.35667279650560646, -0.22820933172363392, -0.003929121872095053, -0.13118874989866453] [-0.003327203494393465, -0.13179066827636596, -0.35607087812790505, -0.2288112501013354]
20100 1.2035237381673192 -0.5633886437776064 -0.54 [-0.537293738161813, -0.13889015293885343, -0.0013246220984720052, -0.40249148680086194] [-0.002706261838187316, -0.40110984706114644, -0.538675377901528, -0.13750851319913834]
20200 2.011501929104806 -0.9803541794488126 -1.0 [-0.6022817637122234, -0.8339950661532197, -0.5182219088252121, -0.0455012613093448] [-0.3977182362877768, -0.16600493384678006, -0.48177809117478776, -0.9544987386906552]
20300 0.2432131926355791 -0.17828245934058587 -0.05 [0.1674638658378109, -0.10868976431400636, 0.030063038364100354, -0.18883713988790476] [-0.21746386583781085, 0.058689764314006417, -0.08006303836410053, 0.13883713988790491]
20400 -1.0208276340020466 0.36905991174523983 0.71 [0.15112669948968782, 0.5564270496832807, 0.06371602998338112, 0.6487302208436507] [0.5588733005103121, 0.15357295031671947, 0.6462839700166189, 0.061269779156349465]
20500 -1.5974765084001255 0.879400912854775 0.88 [0.755342311509036, 0.12881322962217442, 0.014941027925381658, 0.8609034309434079] [0.12465768849096408, 0.7511867703778257, 0.865058972074618, 0.019096569056592044]
20600 -1.447182462808417 0.7512435722976132 1.0 [0.9788961742509302, 0.05388644104538878, 0.020489815473514014, 0.9467275692301672] [0.021103825749069324, 0.9461135589546111, 0.9795101845264865, 0.05327243076983365]
20700 -1.090535784768839 0.5762709340310325 0.76 [0.7298746308922704, 0.029748377771088266, 0.016596384801471974, 0.7437806065351696] [0.030125369107729724, 0.7302516222289112, 0.7434036151985279, 0.01621939346483062]
20800 0.11819697239496041 0.03973726579019478 0.33 [0.3178472876529337, -0.08617458830173039, 0.009829347409629863, 0.41849795323916683] [0.012152712347066254, 0.4161745883017305, 0.32017065259037003, -0.08849795323916684]
20900 0.9725345392032717 -0.46212865358491906 -0.24 [-0.2409709927196858, -0.2139448011850182, -0.010323707540550094, -0.01476049855474592] [0.0009709927196858028, -0.02605519881498169, -0.22967629245944995, -0.22523950144525448]
21000 -0.776992451781486 0.48127322686766905 0.51 [0.5026508047273177, 0.06501249911446898, 0.006848544112186336, 0.445488152046027] [0.00734919527268226, 0.44498750088553096, 0.5031514558878138, 0.06451184795397318]
21100 -1.295376355842147 0.705258796785572 0.76 [0.7542652277721911, 0.03064363951716847, 0.29792892258145814, 0.4371622101291816] [0.0057347722278085515, 0.7293563604828311, 0.46207107741854186, 0.3228377898708181]
21200 -1.5960133949541997 0.7787745243009891 0.8 [0.7329157573325541, 0.06560587176106425, 0.2516597547518643, 0.549818616154518] [0.06708424266744625, 0.7343941282389349, 0.5483402452481358, 0.2501813838454823]
21300 -0.9901860236521338 0.5322658510034586 0.62 [0.602800607064639, 0.016538686857604144, 0.014739143785352045, 0.6059215622924049] [0.017199392935361286, 0.6034613131423958, 0.6052608562146478, 0.014078437707595004]
21400 -1.0953900641969263 0.47577496246434003 0.68 [0.6704753842179147, 0.056407986473830996, 0.017099640726072597, 0.616016988582182] [0.009524615782085449, 0.6235920135261693, 0.6629003592739273, 0.06398301141781816]
21500 -2.2199779648833093 0.9206702863342981 0.82 [0.8082467892212764, 0.0093242770634574, 0.06936507562255852, 0.7530638580927079] [0.011753210778723773, 0.8106757229365426, 0.7506349243774415, 0.0669361419072922]
21600 -0.4450966816955322 0.14266146043504102 0.25 [0.24983579580066373, 0.0009996673729259088, 0.015267879728305202, 0.23389665709810528] [0.00016420419933630738, 0.24900033262707422, 0.23473212027169482, 0.016103342901894878]
21700 0.04557989201134003 0.003151974953200479 0.07 [0.06842287873217927, -0.010884216046352854, 0.001722697746667362, 0.0807386395675065] [0.0015771212678208429, 0.08088421604635303, 0.06827730225333274, -0.010738639567506331]
21800 -1.7408468621631294 0.8757556300684874 0.92 [0.8655438598126436, 0.03532830303447191, 0.03170172184506138, 0.9074261153078232] [0.05445614018735665, 0.8846716969655283, 0.8882982781549391, 0.01257388469217679]
21900 -0.29224426172682055 0.20382965636155936 0.12 [0.12148921134070471, 0.004314042649066582, 0.00498075381846326, 0.10921599219176555] [-0.0014892113407045033, 0.1156859573509335, 0.11501924618153651, 0.010784007808234393]
22000 -0.6206087166956515 0.29167250019097507 0.24 [0.23575028989353566, 0.0030793355537891633, 0.12234964199875799, 0.11882073255391734] [0.004249710106464319, 0.2369206644462108, 0.11765035800124216, 0.12117926744608276]
22100 -0.4830573454629448 0.1873826806928606 0.3 [0.2985654256796937, 0.005017946946534401, 0.1263624419153898, 0.17005418545838197] [0.0014345743203062905, 0.2949820530534657, 0.17363755808461012, 0.12994581454161794]
22200 -1.3692756623297158 0.7497968699066812 0.9 [0.8851558683332825, 0.012387842287738968, 0.016420111767950264, 0.8860361776110284] [0.014844131666717613, 0.8876121577122609, 0.8835798882320489, 0.013963822388971713]
22300 -0.08723625999031999 0.08702327218948136 0.32 [0.27692628503336003, 0.050186230118763275, 0.0005561805924319332, 0.31233130425544464] [0.043073714966639864, 0.2698137698812365, 0.31944381940756805, 0.007668695744555301]
22400 -2.045646821915113 1.0665078269102617 0.9 [0.1377712614653399, 0.8023435338859773, 0.4273702319934008, 0.4325149726552821] [0.7622287385346597, 0.0976564661140225, 0.472629768006599, 0.46748502734471825]
22500 -2.1524725270169416 0.8756889869421286 0.74 [0.29922119276542747, 0.7233227353922742, 0.4332047842286916, 0.024251287613607144] [0.44077880723457236, 0.016677264607725954, 0.3067952157713084, 0.7157487123863934]
22600 -2.4936514043155724 1.1318904259996705 0.96 [0.30953922028073255, 0.7979599518282806, 0.5431198814160447, 0.26938094647494276] [0.6504607797192681, 0.1620400481717203, 0.4168801185839549, 0.6906190535250574]
22700 -1.6411510788860781 0.6418654732076676 0.92 [0.017756661615937232, 0.9119940650080623, 0.8403390909521626, 0.06991018242383713] [0.9022433383840627, 0.008005934991937231, 0.07966090904783706, 0.850089817576163]
22800 -1.20131102442178 0.6252019465835807 0.72 [0.2298204203110921, 0.4111478751056677, 0.4907417928683262, 0.30828991171491393] [0.4901795796889082, 0.30885212489433217, 0.2292582071316736, 0.4117100882850862]
22900 -0.5220246729590201 0.2958246074421007 0.4 [0.00269035115650492, 0.020946467270618455, 0.3972914043568793, 0.37907177721599716] [0.3973096488434947, 0.3790535327293812, 0.002708595643120627, 0.02092822278400279]
23000 0.7807775085129153 -0.42052894279118563 -0.43 [-0.09371608265040654, -0.014334601075732938, -0.3353375283662615, -0.41661178790759906] [-0.33628391734959345, -0.41566539892426696, -0.09466247163373863, -0.01338821209240097]
23100 -0.2513356877542596 0.06276229676235714 0.15 [-0.0007676215393208459, 0.15322555420619582, -0.059134840308268107, 0.2066769076413931] [0.15076762153932086, -0.0032255542061958627, 0.20913484030826818, -0.056676907641393034]
23200 -2.1621816218727954 0.9976735005530244 0.82 [0.13416719412373726, 0.6858748002511638, 0.33976406380009594, 0.480193941825002] [0.685832805876263, 0.13412519974883558, 0.4802359361999038, 0.33980605817499826]
23300 -1.3186089213660832 0.7006466067231558 0.9 [0.01590067118041611, 0.8759919581063572, 0.4660858458322186, 0.4420215248810074] [0.8840993288195844, 0.024008041893642296, 0.4339141541677813, 0.45797847511899287]
23400 -1.3019577194033045 0.6811998039766693 0.81 [0.00885028994882496, 0.746524089760021, 0.79785798759471, 0.06676763269644448] [0.8011497100511749, 0.06347591023997907, 0.01214201240529016, 0.7432323673035559]
23500 -2.082434278598389 1.1673919821577532 0.93 [0.44111388629796283, 0.48005227214495727, 0.8884907596609135, 0.050343081896167895] [0.4888861137020371, 0.4499477278550432, 0.04150924033908731, 0.879656918103832]
23600 -1.2275371996138822 0.6175351028183207 0.92 [0.0485809989822903, 0.871775301659265, 0.9043740022836194, 0.01526969707482565] [0.8714190010177097, 0.04822469834073515, 0.01562599771638081, 0.904730302925175]
23700 -0.5662522857085155 0.35442589364447075 0.33 [0.01873384490302239, 0.317856739309125, 0.3069321912495363, 0.016477224538316567] [0.3112661550969775, 0.012143260690875155, 0.023067808750463693, 0.3135227754616835]
23800 -0.8960689604319628 0.4604990785306834 0.97 [0.012922050274628094, 0.9572184205838709, 0.35688487579500683, 0.6129746533464947] [0.9570779497253719, 0.012781579416129474, 0.6131151242049933, 0.3570253466535056]
23900 -0.9648441769694035 0.49590034009978806 0.6 [0.019887042081259448, 0.5928109945810006, 0.42246605337630855, 0.16483590996143135] [0.5801129579187405, 0.007189005418999396, 0.1775339466236914, 0.4351640900385687]
24000 -1.024542296387892 0.499997156478347 0.28 [0.02108105167151054, 0.273629970992546, 0.2595160108347468, 0.005772966501196412] [0.2589189483284893, 0.006370029007453827, 0.02048398916525308, 0.27422703349880356]
24100 -1.2441884522212245 0.4660252407576123 0.48 [0.2515541319189585, 0.4651291351429805, 0.2365359503438792, 0.006780782594181756] [0.22844586808104153, 0.014870864857019305, 0.24346404965612092, 0.4732192174058184]
24200 0.9415334643643684 -0.2793966202199438 0.05 [0.05002066676048342, 0.15860551653063493, 0.00010690889295164001, -0.10873309218407012] [-2.066676048334127e-5, -0.10860551653063516, 0.04989309110704836, 0.15873309218406992]
24300 -0.29435776001696007 0.1757736038648983 0.46 [0.45406832086218885, 0.45725428676252844, 0.006017568672288587, 0.0026598237029942145] [0.005931679137811273, 0.002745713237471488, 0.45398243132771166, 0.45734017629700574]
24400 0.06254902725499088 -0.05585089469868624 -0.06 [-0.05869712875721101, -0.05890198696792907, -0.0013110225340812987, -0.0010898617407786209] [-0.0013028712427889594, -0.0010980130320709558, -0.05868897746591872, -0.058910138259221305]
24500 0.48671773791371564 -0.36264998993286796 -0.13 [0.01318441662035532, -0.08601393406330476, -0.14437310628727262, -0.042797376269777976] [-0.14318441662035541, -0.04398606593669498, 0.014373106287272482, -0.08720262373022214]
24600 -1.629800296810548 0.8046294010017578 0.86 [0.01660491706815148, 0.6881202631410869, 0.8455478172576832, 0.16972700253307768] [0.8433950829318487, 0.1718797368589132, 0.014452182742315998, 0.6902729974669218]
24700 -1.0749126181101514 0.43785030875302255 0.48 [0.025679164529030095, 0.45764125207629397, 0.4736902575581929, 0.0029893258364831004] [0.4543208354709696, 0.022358747923706197, 0.00630974244180698, 0.477010674163517]
24800 -0.803472981555562 0.36630029605225223 0.54 [0.010410762688197453, 0.5332202470803468, 0.5205704560422015, 0.01579853418925436] [0.5295892373118025, 0.0067797529196531245, 0.019429543957798587, 0.5242014658107457]
24900 -1.8087147121913723 0.8621228309587159 0.86 [0.06091930557405557, 0.8248349993206356, 0.798248786866527, 0.03599690823878132] [0.7990806944259442, 0.035165000679364275, 0.06175121313347257, 0.8240030917612181]
25000 -0.3454530784464527 0.2595634537842329 0.2 [0.005001393242095581, 0.1508438157895567, 0.19530060435870034, 0.048854186609647535] [0.1949986067579045, 0.049156184210443356, 0.004699395641299731, 0.15114581339035263]
25100 -1.1495309197753252 0.6755558158495422 0.84 [0.0085717793894336, 0.6576979751279742, 0.8291781724612425, 0.18455207302134966] [0.8314282206105662, 0.1823020248720257, 0.010821827538757399, 0.655447926978651]
25200 -0.14134226424337906 0.11339703932547715 0.23 [-0.037385622102509695, 0.26929759887534405, 0.22348529543179602, 0.004602727795369668] [0.2673856221025095, -0.03929759887534404, 0.0065147045682039835, 0.22539727220463057]
25300 -1.0547490030174473 0.5713795616715011 0.53 [0.558102395590909, 0.524040387111609, -0.02616348736616157, 0.004020704663643329] [-0.028102395590909147, 0.005959612888390809, 0.5561634873661614, 0.5259792953363566]
25400 -1.2050882554154159 0.5769149482551105 0.84 [0.2526757236884187, 0.8295663295630495, 0.5861829540656074, 0.011574992682924912] [0.5873242763115816, 0.010433670436950586, 0.2538170459343925, 0.8284250073170754]
25500 -0.8622976768243247 0.46869778573714027 0.64 [0.013070703404300919, 0.6333315653681797, 0.6113330604195395, 0.022264670807979812] [0.6269292965956993, 0.0066684346318201405, 0.02866693958046052, 0.6177353291920202]
25600 0.07649067300726603 -0.03943732821156605 0.1 [0.00014625822667170828, 0.12799076096982273, 0.09768689496631167, -0.025823914162806202] [0.09985374177332818, -0.0279907609698228, 0.002313105033688319, 0.1258239141628062]
25700 -0.7702462085242443 0.41148006031062373 0.4 [0.0034171472202845178, 0.07981630313756527, 0.39694087650865717, 0.3198256731334923] [0.39658285277971594, 0.3201836968624345, 0.0030591234913424125, 0.08017432686650754]
25800 -1.1831656420540289 0.44042686547604354 0.29 [-0.0063741341387169356, 0.2853152990051335, 0.24875648122322844, 0.05230235391035512] [0.2963741341387169, 0.004684700994866525, 0.04124351877677154, 0.2376976460896451]
25900 -1.3087692797881616 0.5540269769094127 0.62 [0.035669633870502634, 0.6125638222976877, 0.5844810024507986, 0.007285541381011279] [0.5843303661294972, 0.007436177702312335, 0.035518997549201514, 0.6127144586189887]
26000 -0.21374725059981195 0.2957551096996253 0.31 [0.011378767167676242, -0.10271196999942087, 0.29807845668213745, 0.41325474614960717] [0.29862123283232384, 0.412711969999421, 0.011921543317862621, -0.1032547461496075]
26100 -1.112665274793084 0.5639919827856898 0.86 [0.04330492475533891, 0.5031574354641375, 0.8168534124776136, 0.3566842273029102] [0.816695075244661, 0.35684256453586266, 0.043146587522386606, 0.5033157726970898]
26200 -1.3834045300259872 0.6520548955476024 0.96 [0.009120047475390863, 0.9467073295162289, 0.9477043136304997, 0.016468309377880193] [0.9508799525246094, 0.013292670483770976, 0.012295686369499972, 0.9435316906221203]
26300 -1.1665064967693872 0.7228596191282574 0.8 [0.009667958801455746, 0.7275966818021906, 0.7768001887456739, 0.08593517065067928] [0.7903320411985442, 0.07240331819780894, 0.023199811254325922, 0.7140648293493201]
26400 -0.7588906113196989 0.312812959657781 0.52 [0.024131497373748107, 0.49463954050568626, 0.5177640012724319, 0.0034649608481340482] [0.49586850262625215, 0.025360459494313953, 0.002235998727568161, 0.5165350391518657]
26500 -1.1283081606946386 0.563956700685845 0.89 [0.012482340094704215, 0.877977688709121, 0.8767961775830918, 0.012743793613083244] [0.877517659905296, 0.012022311290879155, 0.013203822416908206, 0.8772562063869167]
26600 -1.988700824090811 0.8775984059691737 0.91 [0.06812867762425072, 0.8844163227355902, 0.850741234723435, 0.016713764916723873] [0.8418713223757495, 0.02558367726440966, 0.0592587652765648, 0.8932862350832762]
26700 -2.0654064113052817 0.9232261962671017 1.0 [0.012218873330020698, 0.9868316378266668, 0.9238068649633122, 0.07714262388000104] [0.9877811266699795, 0.013168362173333701, 0.07619313503668781, 0.9228573761199987]
26800 -1.975146986425922 1.090605764174624 0.96 [0.009712445693791295, 0.9485294308706526, 0.2657867000655853, 0.6959714233699706] [0.9502875543062085, 0.011470569129347321, 0.6942132999344145, 0.26402857663002977]
26900 -0.9019597006761422 0.3968334507722293 0.86 [0.02722760560240562, 0.8327466653899197, 0.035814102830538624, 0.8242116261771366] [0.8327723943975943, 0.027253334610080948, 0.8241858971694608, 0.035788373822863345]
27000 -3.4894258934493156 1.5055975509245771 0.86 [0.7929623252115345, 0.5080950830938739, 0.050018724209157595, 0.3689238674854339] [0.06703767478846556, 0.3519049169061259, 0.8099812757908424, 0.4910761325145666]
27100 -1.8186511206691327 0.8056338264039203 0.72 [0.4041817052207788, 0.3821344652362377, 0.2826573296460004, 0.37102649989698355] [0.3158182947792212, 0.33786553476376235, 0.43734267035399943, 0.3489735001030169]
27200 -0.40048757876872765 0.20353460547906582 0.33 [0.08484282414633083, -0.02973119821725339, 0.3571880823554131, 0.2477002917155092] [0.24515717585366925, 0.35973119821725347, -0.027188082355413278, 0.08229970828449075]
27300 -0.6566022137472868 0.4055856743254289 0.44 [0.02329965579583512, 0.4124454088594056, 0.4341716090739353, 0.010083326270823853] [0.4167003442041651, 0.027554591140594397, 0.005828390926064487, 0.42991667372917625]
27400 -1.501174766154982 0.7851498696043632 0.93 [0.013820266075763357, 0.9020675019422323, 0.9129275318294989, 0.03118470015250615] [0.9161797339242365, 0.02793249805776819, 0.017072468170501124, 0.8988152998474931]
27500 -1.2027829981371134 0.6018640907347753 0.98 [0.05137969694956939, 0.9279278365668224, 0.3163868589664569, 0.6643056075171517] [0.9286203030504303, 0.052072163433177936, 0.6636131410335427, 0.31569439248284853]
27600 -1.3213015894915012 0.7462137658940325 0.79 [0.7743018858647334, 0.020891826425276202, 0.04759675862863218, 0.7372095290813583] [0.01569811413526665, 0.7691081735747235, 0.7424032413713679, 0.052790470918641856]
27700 -0.6286003277655083 0.23757350557003215 0.55 [0.5471686836297933, 0.006049124266974563, 0.006683612775653999, 0.5400985793275782] [0.0028313163702066778, 0.5439508757330258, 0.543316387224346, 0.009901420672421926]
27800 -1.368054243124868 0.5721662529928213 0.2 [0.19974398477070845, -0.05440947645493131, 0.0005225706155934796, 0.25414292106862935] [0.0002560152292916002, 0.2544094764549312, 0.1994774293844065, -0.05414292106862932]
27900 -0.01463248595109264 -0.17138262350216008 -0.26 [-0.2914145798050043, 0.025197073839144653, 0.05158831065298195, -0.3053708046871224] [0.03141457980500466, -0.2851970738391448, -0.31158831065298215, 0.04537080468712224]
28000 -0.36590342166584605 0.18771392101494871 0.32 [0.31465759628969464, 0.060760486848529534, -0.07060202154501381, 0.3351839384067894] [0.005342403710304926, 0.25923951315147026, 0.39060202154501383, -0.015183938406789109]
28100 -0.10351220797609828 0.054640873756737436 -0.03 [-0.0361093162104317, -0.00185162366482046, 0.01630356547460303, -0.038342625599350824] [0.0061093162104317285, -0.02814837633517959, -0.046303565474603084, 0.008342625599350879]
28200 -1.3993666863453178 0.7323713963043782 0.63 [0.6162742668678436, 0.01716059357979185, 0.03510540478188886, 0.5914597347704759] [0.0137257331321565, 0.6128394064202082, 0.5948945952181108, 0.03854026522952436]
28300 -1.3427857424287033 0.62468551259669 0.95 [0.9415020173224117, 0.009069542751442363, 0.2226216209454396, 0.7268068189807072] [0.008497982677588816, 0.9409304572485567, 0.7273783790545604, 0.22319318101929325]
28400 -0.9938161352587127 0.454125217486661 0.73 [0.7240960747695142, 0.005899683158311246, 0.6038788709139816, 0.12612537115819303] [0.005903925230485801, 0.7241003168416889, 0.12612112908601822, 0.6038746288418072]
28500 -0.7711800104017259 0.4073739392794326 0.46 [0.4550725513958333, 0.004616436915826921, 0.42441159840841697, 0.03589941327992277] [0.004927448604166657, 0.4553835630841727, 0.035588401591583, 0.42410058672007733]
28600 -1.079819601027208 0.5109652773629547 0.82 [0.5249729165478011, 0.2961725113804614, 0.8102807698336243, 0.008573802238113182] [0.29502708345219913, 0.5238274886195385, 0.009719230166375565, 0.8114261977618865]
28700 -0.8572842848960731 0.4233853394688183 0.6 [0.0076192662646718335, 0.5932073344883446, 0.5879357939585713, 0.01123760528841235] [0.5923807337353282, 0.006792665511655435, 0.01206420604142866, 0.5887623947115878]
28800 -1.7639055638187684 0.9845671802473381 0.96 [0.036715712004275855, 0.9232594152228379, 0.9417073410353239, 0.018317531737563068] [0.9232842879957236, 0.03674058477716275, 0.01829265896467602, 0.9416824682624376]
28900 -2.558813716196784 1.306568634580478 0.98 [0.8493654799830138, 0.12233061780686655, 0.46746758940897193, 0.5208363128011477] [0.13063452001698633, 0.8576693821931332, 0.5125324105910279, 0.45916368719885253]
29000 -1.2463404800050448 0.8454435684377154 0.72 [0.681605116810765, 0.02084301307325924, 0.03139960271295819, 0.7061522674030175] [0.03839488318923508, 0.6991569869267401, 0.6886003972870419, 0.013847732596982479]
29100 -0.03486027186630722 0.09047021095527612 -0.06 [-0.06167579059380575, 0.14983143008724165, -0.0018549634373364134, -0.20630067605609942] [0.001675790593805897, -0.2098314300872418, -0.05814503656266368, 0.14630067605609928]
29200 -0.8363838999946343 0.41526889649564247 0.54 [0.47025187387420003, 0.03525420962507942, 0.047074211795283954, 0.5274197047054363] [0.06974812612579978, 0.5047457903749208, 0.49292578820471633, 0.012580295294563636]
29300 1.2041458222307242 -0.6311550848358461 -0.56 [-0.02934096103262509, -0.036454333319059756, -0.5308624849193723, -0.523342220728943] [-0.530659038967375, -0.5235456666809402, -0.029137515080627834, -0.03665777927105713]
29400 0.1579990973617705 -0.056922705979499263 -0.14 [-0.060069427893312426, -0.0672491419775101, -0.09305777007256913, -0.05962366005660841] [-0.07993057210668773, -0.07275085802248982, -0.04694222992743094, -0.08037633994339163]
29500 -1.2619366803291492 0.6460479598031081 0.64 [0.004027624225888853, 0.6323959559948515, 0.6331568780630977, 0.010419541716162104] [0.6359723757741113, 0.007604044005148485, 0.006843121936902546, 0.6295804582838379]
29600 -0.9091468551141098 0.5002708903865254 0.66 [0.37036895306278594, 0.698326090457404, 0.29096439158424053, -0.039659435104430436] [0.2896310469372143, -0.038326090457403914, 0.3690356084157592, 0.6996594351044304]
29700 -1.0502625153891578 0.5554771655123151 0.68 [0.014458715599123382, 0.473955874348485, 0.6656049900809106, 0.20598041997148125] [0.6655412844008767, 0.20604412565151475, 0.014395009919089626, 0.4740195800285189]
29800 0.27511388158512196 -0.19325695812650134 -0.18 [-0.005155705731176447, -0.1798021917519579, -0.16549292211407504, -0.009549180402790533] [-0.1748442942688234, -0.00019780824804208711, -0.01450707788592486, -0.17045081959720942]
29900 -0.026932651980514775 -0.024828677331441874 0.44 [0.17093726505621698, 0.3084060645548362, 0.4023111214118418, -0.0016544510228948977] [0.26906273494378297, 0.13159393544516396, 0.03768887858815818, 0.44165445102289475]
30000 -0.9603609647684108 0.5112609206325943 0.84 [0.018918746335911715, 0.8186812065063427, 0.03896214507947946, 0.8034379020782656] [0.8210812536640882, 0.021318793493657142, 0.8010378549205208, 0.03656209792173408]
