step Ek EV sign nup ndn
100 -1.183243634633377 0.1227451496982645 0.51 [-0.009731591438011042, 0.47902057324628855, 0.45302178245618463, 0.09768923573553794] [0.5206289764735157, 0.03052694330818015, 0.05597875396271892, 0.41286532625558503]
200 -1.0881723574439328 0.6415562844854228 1.0 [0.5668853494755478, 0.4355907715552339, 0.7769647161729725, 0.22055916279624616] [0.4332661301715931, 0.5644423630806642, 0.2232724124164552, 0.7790190943312879]
300 -0.23289553914493216 0.3145340904353848 0.65 [0.4908916945724775, -0.027772132680372073, 0.26525762560180666, 0.5716228125060879] [0.15858779946172302, 0.6783258499348794, 0.3847679275877486, 0.07831842301564895]
400 -0.6443006816300515 0.15927681819826878 0.55 [0.45230976999907974, 0.0029194317321544726, 0.4399313624533731, 0.20483943581539277] [0.09754187381292233, 0.5471978437469057, 0.11022160466227565, 0.3450386777778961]
500 -0.04525696084790542 0.19028473352847974 0.59 [0.5628789007427616, 0.01862930802117134, 0.5771042705133709, 0.021387520722696687] [0.0271400772181783, 0.5711150152395639, 0.012974491570908764, 0.5687704159713491]
600 -0.07250881025187553 0.12049656132035208 0.25 [0.21290578374327243, -0.030875282372954227, 0.041720591727447486, 0.27624890690223386] [0.03710214900664723, 0.2809336642908736, 0.20797728781218353, -0.02601310110970427]
700 -0.44492311677579244 0.13873954280960132 0.34 [-0.02336083065208925, 0.328105353186619, 0.35604403581606126, 0.019211441649408783] [0.3633867796966388, 0.01196310259071345, -0.01612597580944068, 0.32077609352208847]
800 -0.7583936792512505 0.45638111530383185 0.66 [0.18201058228130143, 0.43081057374158227, 0.12577938664483276, 0.5813994573322836] [0.4780269434552487, 0.22891074255217222, 0.5339253863965274, 0.07913692759605138]
900 -1.4066036950128162 0.5895737516137867 0.66 [0.0069947538555304375, 0.6524904601888508, 0.6273262161745212, 0.03318856978109754] [0.6530417314305261, 0.007465917699600192, 0.03265262217716826, 0.6268397286927057]
1000 -2.3718103980132756 1.2393616528294893 0.94 [0.11523030431505864, 0.8265464787408849, 0.924191416639434, 0.014031800304622475] [0.8250636556655522, 0.11316026891253152, 0.015861041667682346, 0.925915033754233]
1100 -1.3274122860650144 0.6352576661068529 0.84 [0.1597163524440877, 0.6724803845400612, 0.82776430630273, 0.020038956713121087] [0.680279846903528, 0.16751825011938984, 0.012269731655595566, 0.8199321713214869]
1200 -1.4015438487050644 0.7887021856696521 0.86 [0.023503189425282525, 0.8471596858539509, 0.8320225201785775, 0.017314604542189197] [0.8364411577433869, 0.012860765966365241, 0.027774909133488478, 0.8429231671567596]
1300 -1.8134931897877735 0.8857414684734469 0.92 [0.20238063160803266, 0.7159982107834566, 0.911593038889843, 0.010028118718667586] [0.7175465771634368, 0.20407205381569934, 0.008402357504950518, 0.9099790115159132]
1400 -0.9088769742243666 0.47408166497997334 0.81 [0.6998569654652697, 0.26198770020480583, 0.6497045500852334, 0.008450784244691902] [0.11024286649354124, 0.5479997641934387, 0.16020397030115088, 0.8015533990118691]
1500 -0.7749724877909915 0.4676150420821497 0.77 [-0.003803385523126198, 0.7634763532454572, 0.7544998936657393, 0.025827138611929847] [0.7737862702892647, 0.006530783636911365, 0.015434122807587596, 0.7442488232662362]
1600 -0.41521635891059405 0.16053453341559018 0.57 [0.11107379144721773, 0.4235458062767863, 0.4518290329591464, 0.15355136931684923] [0.45887763657397557, 0.1450667128508008, 0.11829222341197708, 0.4177634271632467]
1700 -0.9172891986259902 0.39581494781657767 0.71 [0.011706658352839728, 0.6397235887452614, 0.7002932429491955, 0.06827650995270342] [0.6982664419166029, 0.07036145889280093, 0.009687552725976335, 0.6416845464646197]
1800 -0.9164280149088154 0.3203508803933534 0.68 [0.005427899385967988, 0.6822802127859714, 0.6642591820291729, 0.008032705798887603] [0.6745731142652955, -0.0020448367899424088, 0.015515852361339528, 0.6719558701633069]
1900 -0.5106819393321698 0.2912481847559075 0.52 [0.2808044608434665, 0.2684565228627304, 0.2414313263651905, 0.24930768992861252] [0.23918054984535891, 0.2517870482092884, 0.2784780280594466, 0.27055437388590614]
2000 0.11900278443989333 -0.023191928781859997 0.4 [0.43790411511399563, -0.007502530901960787, -0.03900088932883553, 0.4085993051168003] [-0.0380459832594254, 0.4073346035364309, 0.4388377396604959, -0.008126359937501293]
2100 -1.1272955807571674 0.6506394708651244 0.96 [0.31650623365233577, 0.6447220877633125, 0.012926799946189338, 0.9458448786381624] [0.6435287229366718, 0.31528037305868506, 0.9470696808048334, 0.014121223199808958]
2200 -0.2399352012646511 0.05520607316491974 0.52 [-0.01730357780289692, 0.5184086918815304, 0.4859602092627002, 0.05293467665866611] [0.5372162886404547, 0.0015731147841018108, 0.033732200617162526, 0.46747839595828067]
2300 -1.4903231363208969 0.694299803271852 0.9 [0.03201602254266038, 0.8667480151216502, 0.8516357780669114, 0.04960018426877765] [0.86853911581972, 0.03300556227569754, 0.04827412889932068, 0.8501811930052615]
2400 -1.6698507049470166 0.8281819798502419 0.96 [0.09525580654539073, 0.854321635516164, 0.9503510084607163, 0.02007154947772865] [0.8647459872711305, 0.10566754106700453, 0.009653913360546953, 0.9399325583013183]
2500 -1.764005799431523 0.8905166032315539 0.86 [0.10845818780777088, 0.7536172470328205, 0.8341896946812141, 0.02373487047819468] [0.7513828464155462, 0.10625169503628086, 0.025956985728328295, 0.8364084728198438]
2600 -1.4793521540977188 0.803132511314498 0.64 [0.1609236448335685, 0.46620571423349344, 0.6251296720166849, 0.027740968916252894] [0.47906705870883753, 0.17375517482119687, 0.014933185615476949, 0.612244580854489]
2700 -1.0443686519766253 0.46243744657808755 0.68 [0.1328046627550705, 0.6741788255663735, 0.19072603989322595, 0.36229047178532964] [0.5470951743048049, 0.004887348952554375, 0.48916201092912176, 0.318855465813519]
2800 -1.2379371454202508 0.6005428853794144 0.84 [0.01298253801526626, 0.830797175788, 0.8138879138975014, 0.02233237229923254] [0.8270140591164936, 0.009214547107170557, 0.02612056440264305, 0.8176508293736924]
2900 -1.0210981687476777 0.39897214821212335 0.65 [0.007511728337950717, 0.5747722636998922, 0.6422151399707178, 0.07550086799144005] [0.6425843480288794, 0.07156168932175436, 0.00792896593267001, 0.5779249967166954]
3000 -0.1965373565779742 0.16847190711716073 0.49 [0.47304907404676216, -0.00914804428641793, 0.002252453801259322, 0.5138465164383966] [0.021250407312334657, 0.4992252471552211, 0.48369883923428075, -0.02417449370183697]
3100 -1.1632643576422774 0.28985342197542074 0.48 [0.22548298880015832, 0.3259711896628755, -0.07171501992124649, 0.48026084145821235] [0.2544690227831731, 0.1540485093831936, 0.5506145863397485, 0.0008678814938848146]
3200 -0.007937994786287546 -0.006487736748914488 0.39 [0.39964746643169696, 0.10424946917957716, -0.009055252858984331, 0.28515831724771007] [-0.009645850959816566, 0.2857627643280862, 0.3990624671006695, 0.10482061953106045]
3300 -1.2802182542547575 0.5560382570677669 0.83 [0.06485631351338002, 0.7593409007116412, 0.8249690905995437, 0.010833695175435193] [0.765115350163572, 0.07078163555285041, 0.005022710785489839, 0.8190803034980882]
3400 -1.4840501579941958 0.7255040761832742 0.92 [0.09964125270470225, 0.8157705599265362, 0.912165476751213, 0.01242271061754808] [0.8205986918125447, 0.10398691808939117, 0.0077865056631148165, 0.9076278844349488]
3500 -1.5567661584833186 0.6815400596690704 0.72 [0.022995022981380037, 0.6990632185934554, 0.3463953835662044, 0.3715463748589601] [0.6969929004695775, 0.020952947721243405, 0.37363618517427427, 0.34841796663490515]
3600 -1.2940345631691796 0.6213063922474 0.82 [0.015394871083497687, 0.8102996257330003, 0.800358301789325, 0.013947201394177093] [0.8046191362219561, 0.009769840643939424, 0.019508229875127542, 0.806102793258977]
3700 -1.6831761369514422 0.7953156686663959 0.96 [0.17189446524697305, 0.786024219646109, 0.9483037395201792, 0.01377757558673924] [0.7880973121590928, 0.1739492067139327, 0.011700062816270616, 0.9462534183107034]
3800 -1.1432190890976348 0.5220500494179156 0.88 [0.2819762838349434, 0.5994892070157668, 0.8671779800962763, 0.011356529053013936] [0.5978503942672357, 0.28068181008758253, 0.012953226225165487, 0.8685145694200159]
3900 -1.4994080267708758 0.666964523182864 0.9 [0.01226490475473234, 0.8852045037211765, 0.8781867866638557, 0.024343804860234755] [0.8877232927945183, 0.014826326341288807, 0.02173407125203226, 0.8757163096121603]
4000 -0.8137181773128589 0.4059071897867051 0.65 [0.5183326880484201, 0.22829876003820013, 0.03502146933618371, 0.5183470825771963] [0.13169522634109207, 0.421702799595128, 0.6137441862210203, 0.1328577878427596]
4100 -0.6975390520400324 0.36248347255527746 0.59 [0.07607580826643821, 0.5274206189411379, 0.5656654474122068, 0.010838125380217051] [0.5136747336689049, 0.062007559714888645, 0.025062299215011782, 0.5792554074011942]
4200 -0.7887131501037191 0.3720565834547342 0.82 [0.4831599790508347, 0.3416014135297376, 0.8121537460592281, 0.003084861360199611] [0.3372233620392811, 0.4786493831204887, 0.007995217299670824, 0.8161320375405587]
4300 -2.1912946866380136 1.087478293811584 0.92 [0.12434905502625478, 0.7957127805356278, 0.9040695237099443, 0.01586864072817351] [0.7956490674390717, 0.12428546960810774, 0.01593540356483133, 0.9041300593879891]
4400 0.19319300501394376 -0.0030940868378616536 0.52 [0.11180402528304743, 0.5094866124700477, 0.40652849678764924, 0.01218086545925579] [0.40738059639791446, 0.010416564733772202, 0.11434442569212441, 0.5078584131761888]
4500 -1.2766000661205268 0.6923771932035204 0.84 [0.022509711040279795, 0.827699035815065, 0.8029765268099679, 0.02681472633468699] [0.8174951919772794, 0.012334093617297702, 0.03697466740195314, 0.8131960470034708]
4600 -1.1440227930923041 0.5648516048624891 0.86 [0.011828781459211669, 0.8461808782314633, 0.8480234458409521, 0.013966894468372466] [0.8481650240702997, 0.013826183396701344, 0.011978495515243428, 0.846030297017755]
4700 -1.225178239494687 0.592023888221948 0.86 [0.03645587268393774, 0.8336433594609468, 0.836927387326045, 0.012973380529070953] [0.8236132124814115, 0.026281551473538122, 0.02337635618034868, 0.8467288798647027]
4800 -0.49564984498986836 0.27937279749254995 0.7 [-0.026877423888173962, 0.6747751184691055, 0.742344091272261, 0.009758214146806964] [0.7267713339188964, 0.025357616581913107, -0.04266871025987658, 0.6905397597590676]
4900 0.33702870397063334 -0.4428898868914073 0.1 [0.09508734838213614, -0.01580246175262261, 0.004613855971085862, 0.11610125739940066] [0.004927061285798499, 0.11566656348617235, 0.0953330294805842, -0.01592665425255507]
5000 -1.0857767729946484 0.5879369024334229 0.74 [0.21676621562084, 0.5409767492415056, 0.20056547323093243, 0.5216915619067217] [0.5233034885656582, 0.19896026490271143, 0.5394047028815738, 0.2183315436500565]
5100 -2.10966947753985 1.0295769261037664 0.98 [0.060878500569561414, 0.9189176971730316, 0.8584640596437662, 0.12173974261364055] [0.9190908215057256, 0.06109871759093622, 0.12157408616953246, 0.8582363747338054]
5200 -1.4588129968986072 0.7421534065275576 1.0 [0.9220974195694243, 0.0781740014367699, 0.9930431356941533, 0.006685443299652424] [0.07771834785984058, 0.9220061589509114, 0.007009785763782928, 0.9932657074254656]
5300 -1.046061672920056 0.46927248881344164 1.0 [0.9947407210450274, 0.005342514822958875, 0.9641361846230239, 0.03578057950898903] [0.005315895795341874, 0.9944566501989052, 0.035406868872593956, 0.9648205851331594]
5400 -1.046452280752735 0.4761729345486097 0.86 [0.2607773922343135, 0.5975747383779837, 0.8356727376237133, 0.025975131763989953] [0.5992637971638224, 0.26233340325327126, 0.023613563764919684, 0.8347892358179871]
5500 -1.2320257704186863 0.6480845403526863 0.88 [0.015117238472450036, 0.8663000628097854, 0.8650249296640262, 0.01355776905373806] [0.8648802132478494, 0.013706811370525263, 0.01497785907981983, 0.866435116301805]
5600 -1.4399557029758887 0.6731330867234441 0.88 [0.01051310636975179, 0.8494819966288776, 0.8631022655952253, 0.0369026314061447] [0.8692905454419442, 0.031223193095019985, 0.016519024344952782, 0.8429672371180835]
5700 -1.1279830936299036 0.7469317948584053 0.66 [0.037354534629648, 0.617587438260948, 0.6251920546339181, 0.03986597247548597] [0.6226739228712906, 0.042414413187089835, 0.03480924100091078, 0.6201024229407084]
5800 -0.07401342760178782 0.053829801711898016 0.26 [0.21958930253050699, 0.1788871879976557, 0.039909604301929226, 0.08161390516990806] [0.040411637698555485, 0.0811847998153795, 0.22005994258626538, 0.1783436198997997]
5900 -1.871958147871145 1.0405184660875206 0.92 [0.803338005907264, 0.11651248888315965, 0.24025039117636626, 0.6798991140332099] [0.11671577236572687, 0.8034826352813988, 0.6801659609093528, 0.23963563144352154]
6000 -2.1280253163082556 1.0421944690516398 0.96 [0.004990194579193158, 0.9401855809995568, 0.846476824306833, 0.128347400114417] [0.9549274196659244, 0.019769267903245683, 0.11363751440251058, 0.8316657980283191]
6100 -0.5216896283046433 0.22467312832904301 0.7 [0.0036906171383752416, 0.7041219242137585, 0.6909132195094868, 0.0012742391383798797] [0.6963465913471003, -0.0036250953342033695, 0.009080630418884577, 0.6981978735682177]
6200 -0.5873137890639384 0.2670911756957337 0.51 [0.07568833639300125, 0.5086338315543987, 0.4311901147312494, 0.004487717321350112] [0.434355361738778, 0.0013510287794086153, 0.07876359491114467, 0.5055300145706692]
6300 -0.4725703301711758 0.27982768933327185 0.49 [0.486194173661883, 0.484250222477958, 0.004084745577161958, 0.005470858282996765] [0.0038872314495981713, 0.0057367105995236025, 0.48582989408308674, 0.48454616386779137]
6400 -1.4089383600742826 0.7196706987331529 0.76 [0.26775522151856207, 0.5496271295639901, 0.7518790965083447, -0.0492614475908973] [0.4922751177359342, 0.21016709622614813, 0.008125073786540008, 0.8094327122513779]
6500 -1.466368825352675 0.6223985305962194 0.77 [0.7715381779467347, 0.0047103605339838504, 0.32430855627051003, 0.43944290524877183] [-0.001519195186129705, 0.7652924014449423, 0.4457379331731133, 0.3304888605680745]
6600 -1.7422147673438255 0.8650249142081627 0.82 [0.7309545406341063, 0.08527257111692067, 0.2862350841623548, 0.5375378040866178] [0.08908400172824629, 0.734679534259558, 0.5338601642517123, 0.28237629976048434]
6700 -0.8077936133049363 0.38983478139927974 0.67 [0.014362807860159268, 0.725424240030598, 0.656730235263694, -0.056517283154451696] [0.655598823873804, -0.05542030413847567, 0.013280088651364817, 0.7265413916133068]
6800 -1.7991645329305725 0.9281978383038434 0.82 [0.11619511432850532, 0.6573140868767448, 0.7972045046804642, 0.06928629411428489] [0.7031718612652146, 0.16276884444899892, 0.02380851758191871, 0.7502507767038683]
6900 -1.2242515384127146 0.6180605092508765 0.98 [0.9660118632322886, 0.014183124613778025, 0.7007010665157093, 0.27910394563822427] [0.01400520474822308, 0.9658208334876863, 0.2792952101647812, 0.7008787515993095]
7000 -1.3739768000128643 0.7721142017926931 1.0 [0.6753939279164562, 0.3255602614986382, 0.9840340389557112, 0.015011771629194122] [0.3243249318427954, 0.674750894647312, 0.015915935393480046, 0.9850082381164124]
7100 -1.549881681033687 0.8562518442662004 0.94 [0.34998804360527197, 0.5677727499598445, 0.8786912232947085, 0.08354798314017454] [0.5899958381175585, 0.37223304665492846, 0.061512637776517554, 0.8562584774509955]
7200 -1.4930179068504361 0.6893936828388515 0.98 [0.5825123499528454, 0.3987643702170843, 0.9666145784104435, 0.012108701419627183] [0.3975288960272712, 0.5812004572152445, 0.013318926026802305, 0.9679517207306827]
7300 -1.469214703680935 0.7455013916410712 0.96 [0.017207028196286344, 0.9482695368923304, 0.9367682772562594, 0.017755157655124015] [0.9427749304300037, 0.011798197575336894, 0.023156598204162614, 0.9422702737904971]
7400 -1.7959009093181728 0.9655465486792696 0.9 [0.0258979509128133, 0.8709089039261656, 0.8714849060299734, 0.03170823913104758] [0.8742919784272891, 0.029090130177186587, 0.028459838814100434, 0.8681580525814242]
7500 -1.3211469204768898 0.6684575490551511 0.94 [0.014846540715319519, 0.9274069248331809, 0.9223338360726775, 0.015412698378822379] [0.9251486352446899, 0.012593682437358446, 0.0176803610472354, 0.9245773212707156]
7600 -0.9128281834907124 0.4367058649199986 1.0 [0.008115038526980993, 0.99172712940254, 0.07675601484581991, 0.9234018172246593] [0.9919690379090987, 0.008190460361203238, 0.9231226530111543, 0.076717848718543]
7700 -2.5184709037537196 1.319893329622225 0.96 [0.035885816027114346, 0.9068299329634225, 0.7573679458992647, 0.2199163051101981] [0.9242480485293905, 0.05303189447168289, 0.20261878983084933, 0.7401012671680778]
7800 -1.6955396803423712 0.9351191530995063 0.96 [0.43290853773156157, 0.5274407000300839, 0.941404136718343, 0.01824662552001175] [0.5272504696121718, 0.43235891034180457, 0.018647860191946346, 0.9417427598540767]
7900 -1.2127438092698943 0.6492165481526841 0.76 [0.3710379949203099, 0.36774203406407774, 0.7734470123685412, 0.007772958647071403] [0.388957848756078, 0.3922648777144031, -0.013493930009987987, 0.7522712035395069]
8000 -0.2624751158066937 0.06084550903861705 0.44 [-0.0040987553573687404, 0.48957719297362395, 0.4288657443450684, -0.03434418196132339] [0.44417978575141764, -0.04964572339850974, 0.011218193695038537, 0.47424774395205366]
8100 -1.4040873734527681 0.6741757453504057 0.82 [0.15936230958605674, 0.6602231812551352, 0.8124900632228023, 0.00792444593600597] [0.6606340425782489, 0.1597643797627442, 0.0075629111106117084, 0.8120386665483948]
8200 -1.9081205439057263 0.8855858249610412 0.98 [0.7893804364769472, 0.19059993885307583, 0.8755468823412852, 0.10447274232869325] [0.1903757119968688, 0.7896443246101028, 0.10444970595679567, 0.8755302574362324]
8300 -0.9312583896792431 0.49746595767812624 1.0 [0.011041646424000979, 0.9889415144607425, 0.012196930745564955, 0.9878199083696911] [0.9895621538929575, 0.010432265418540289, 0.9877980587246956, 0.012207521963806154]
8400 -1.2792622909718785 0.6289300227439144 0.84 [0.011459235118013902, 0.8271090122622877, 0.6136628351039546, 0.2277689175157439] [0.8285234103660861, 0.012892608983960037, 0.22635682400155396, 0.6122271566484003]
8500 -1.2522698851863678 0.5719863752570558 0.76 [0.014084697821558832, 0.7507240368968637, 0.7410870193045769, 0.01410424597700067] [0.7463023389171074, 0.009081928138637129, 0.019240301584358778, 0.7453754313598965]
8600 -1.3042840781132439 0.81156587855153 0.86 [0.016244283683048966, 0.8239542733442856, 0.7722187306982168, 0.10758271227444864] [0.8437630645799105, 0.03604295972061321, 0.08778204254688296, 0.7524119331525928]
8700 -0.5430753275623889 0.32983536901679483 0.68 [0.3463388550821378, 0.32796376428355656, 0.08791026363111085, 0.5977871170031949] [0.333695840907449, 0.350958443493657, 0.5912414668671228, 0.08410424873177119]
8800 -1.2163181293523413 0.5986422764042205 0.88 [0.8639307208391617, 0.01634039808776988, 0.014473496793884145, 0.8652553842791849] [0.01607164390210571, 0.8636602438569462, 0.8655091672233222, 0.014758945017624321]
8900 -1.9920259198591186 0.800877769033735 0.9 [0.8489353082103613, 0.05112522944126331, 0.18101676547147566, 0.7189226968768989] [0.05107811943011369, 0.8492483403751514, 0.7189737216918705, 0.18069981850286443]
9000 -0.9477895095587688 0.40851039902991393 0.98 [0.9661937113464423, 0.014148025474610979, 0.9591331165165053, 0.020525146662442064] [0.01438697858093958, 0.96526498279223, 0.020881481439198504, 0.9594665571876316]
9100 -1.7094350707989887 0.9251471344072051 0.96 [0.6662702563252022, 0.2928413281603571, 0.8777547454025604, 0.08313367011188069] [0.2937308338436287, 0.6671530341066146, 0.08219416169559718, 0.8769219703541599]
9200 -0.9413519394358726 0.6246576770069912 0.64 [0.003646098616933412, 0.612887313056524, 0.6320515096828142, 0.031415078643728236] [0.6363430385284944, 0.027134703252095625, 0.00789898701914684, 0.6086232712002626]
9300 -2.113533672951095 1.0729621093892612 0.96 [0.3615174854533995, 0.597903089501982, 0.9404556996558145, 0.020123725388804293] [0.5984300609351892, 0.36216114312146225, 0.01966816103330035, 0.9397406349100476]
9400 -1.5961175926718922 0.9178333823803936 0.94 [0.022115841696355297, 0.9196210612805825, 0.9100594833688882, 0.02820361365417379] [0.9176949675909077, 0.02037153128555948, 0.030130455883112348, 0.91180304524042]
9500 -0.4791494399299506 0.29223911431634897 0.61 [0.36923987058422275, 0.6043364052379088, 0.2387572106118697, 0.007666513565998647] [0.24078888899889545, 0.005764667466629091, 0.3709934236632001, 0.6024530198712755]
9600 -0.26480289095541887 0.10097355546407451 0.43 [0.17287973030009277, 0.5039245350018288, 0.26003414926746865, -0.07683841456938988] [0.2568210438676376, -0.07387314323770687, 0.16995651238052492, 0.5070955869895446]
9700 -1.6238839354598051 0.84148440794238 0.82 [0.0693909050500643, 0.7478229963638916, 0.8062477491659276, 0.01653834942011675] [0.750591960058214, 0.07211247177697809, 0.013741835153888831, 0.8035537330109185]
9800 0.08950979775177814 0.008855333070170548 0.44 [0.3250038984335469, 0.17116933828728798, 0.11999044018927167, 0.26383632308989324] [0.11504731988911093, 0.2688155058811717, 0.31995279888505906, 0.1761843753446583]
9900 -1.3103938351976723 0.5610434254783059 0.62 [0.5779630761953676, 0.03552966932544374, -0.017442952261651986, 0.6439502067408407] [0.0446507043519028, 0.5838854133328101, 0.638036861681183, -0.026572979365896178]
10000 -1.1955829913931248 0.5147266547990776 0.78 [0.6261807630746175, 0.15446212660153158, 0.07998171588709918, 0.699375394436752] [0.1538184170450971, 0.625574088129, 0.7001462116616234, 0.08046128316427936]
10100 -1.0606204481263202 0.45358436270451036 1.0 [0.01625202046977218, 0.9837568323441999, 0.006103408089760199, 0.9938877390962684] [0.9834916907930317, 0.01648706046559583, 0.9938392103123804, 0.006182038428993113]
10200 -1.6657482792148641 0.6554748482893575 0.98 [0.010547633714788163, 0.9691454244724624, 0.534441741806758, 0.4458652000059909] [0.9694550244657748, 0.010838848329018371, 0.44554241952251133, 0.5341637076826958]
10300 -1.527001446954681 0.7698679744137579 0.74 [-0.02201443551508233, 0.7247249117090756, 0.6902137960780618, 0.08707572772794459] [0.7620040869925931, 0.015266914048206525, 0.0498179678979229, 0.6529110310612775]
10400 -1.1182230466808567 0.46541173593212437 0.82 [0.013899685531700252, 0.7989735413891149, 0.8156040230101448, 0.011522750069039092] [0.8042546412705924, 0.02112574987522444, 0.00623074109062437, 0.8083888677635583]
10500 -0.8998030585224316 0.4342343645500928 0.82 [0.005414545507290414, 0.7977889412689255, 0.5873354079622232, 0.24946110526156054] [0.8130456347549189, 0.02153873479401152, 0.23405022243765106, 0.5713654080134187]
10600 -0.8116751879837142 0.3366458982475955 0.84 [0.004686148189209298, 0.8316825075588865, 0.5500088918940849, 0.29362245235781903] [0.8353224833013658, 0.008358406060984485, 0.2899672092500431, 0.5463519013876066]
10700 -1.7882963454313547 0.8132159230149847 0.9 [0.8098621215139252, 0.0977123261027647, 0.8464150283646161, 0.04601052401869297] [0.0909474679853321, 0.8025691439322067, 0.052961008903782955, 0.8535223791786777]
10800 -1.0939257226112604 0.6243137210150966 0.77 [0.06402024852380168, 0.7169320434661635, 0.7544984330048519, 0.004549275005182506] [0.7062036256633454, 0.05281219725767395, 0.015522538609425849, 0.7654616384695544]
10900 -1.0173395440689113 0.46710855583769145 0.81 [0.010690238340328301, 0.7732228501487302, 0.7994301217459528, 0.036656789764988734] [0.7993590946145348, 0.036725347434635604, 0.010573823550887103, 0.7733417343999429]
11000 -0.94475191476327 0.4507444254378861 0.73 [0.3975072766885235, 0.7234796296337141, 0.29516288006628494, 0.043850213611476674] [0.3324945987520087, 0.006509120965175207, 0.4348499902397168, 0.6861462900430996]
11100 -0.6746172299549312 0.29049303583366565 0.54 [0.19978567147160034, 0.5122796886129631, 0.37079687721969234, -0.002862237304255759] [0.34023718442409234, 0.027577951249505205, 0.16929578670805806, 0.5428890776183447]
11200 -3.3816353459840074 1.5335384116629143 0.91 [0.28907199506393616, 0.5861089545940348, 0.34166035496019104, 0.6031586953818382] [0.6209581085352938, 0.3238792620105877, 0.5683244352257997, 0.3068381942283186]
11300 0.5421619254700775 -0.15789858853178984 0.4 [0.433216593175507, 0.27043365182753665, -0.02928722551300029, 0.12563698050995648] [-0.03318888217884361, 0.1294392028880619, 0.4296016610690694, 0.27414801822171253]
11400 -0.8834091706292346 0.4689674276454224 0.84 [-0.012350866481796683, 0.8295167511947054, 0.4778271612060256, 0.385006954081065] [0.8522257565452742, 0.010363107315273243, 0.3624206401356186, 0.45499049600383445]
11500 -1.727140654395764 0.830675862677864 0.94 [0.17829015005148607, 0.7624553744775895, 0.024216312697927508, 0.9150381627729964] [0.7616241316247485, 0.1776314954730687, 0.9159163132229138, 0.024828059679268856]
11600 -1.5425969167624263 0.6869120192946457 1.0 [0.044997908599202524, 0.955205963875417, 0.02244562137231126, 0.9773505061530695] [0.9549861963376691, 0.04481725171924733, 0.9775390265807355, 0.02265752536234803]
11700 -0.8894819465310222 0.556602035552734 0.73 [0.003379437022333793, 0.7207063719141376, 0.35886210662239754, 0.37705208444113075] [0.7265761127130722, 0.009351023524808549, 0.3711829831560404, 0.3528898806060795]
11800 -1.7047179405894202 0.7421029472047864 0.69 [0.6704874353568152, 0.018108903753948632, 0.05681021742972838, 0.6345934434595074] [0.01842408612317549, 0.672916271673238, 0.6331096824033456, 0.05554995980024088]
11900 -1.155943332230569 0.5766503635102174 0.84 [0.7245163690152079, 0.05985935643873727, 0.10496825917614061, 0.790656015369915] [0.1154858512396256, 0.7801911670533411, 0.7350159970515858, 0.04930698465544818]
12000 -0.7061962185807361 0.29499376893797224 0.67 [-0.0044961427726854675, 0.5457126747859519, 0.6752100979659619, 0.1235733700207715] [0.674499038249229, 0.12424238016197346, -0.005220839229934045, 0.5464794208187316]
12100 -0.08402489131315091 0.1542866760163759 0.55 [-0.030508818611423655, 0.5425037701848158, 0.5813894528942682, 0.0066155955323402215] [0.5804827078214609, 0.0075110028208570925, -0.031379993208043674, 0.5433862825657256]
12200 -2.2745434421657778 1.1305536506725544 0.88 [0.04772567009324801, 0.8310205409761073, 0.8514232698100528, 0.02983051912059206] [0.8324499789025377, 0.049142851331214016, 0.02860861237312897, 0.8497985573931185]
12300 -1.1757824720010823 0.5702839598653056 0.94 [0.0056243288667794334, 0.9274326887890032, 0.9327031843422431, 0.014239798001973553] [0.934438089816569, 0.012499425569781572, 0.007315520402429846, 0.9257469642112196]
12400 -1.6416122071346868 0.7195561041060181 0.86 [0.012987093080959624, 0.8399010645525573, 0.8377761117793984, 0.02933573058708493] [0.8469905540568654, 0.020008490473029633, 0.022247872541653443, 0.8307530829284515]
12500 -0.9085782589301217 -0.007670535977914465 0.72 [0.31094563253730656, 0.6375861715461775, 0.4637096624928448, 0.027758533423670663] [0.40910858013352963, 0.08267113402909673, 0.2559674463591066, 0.6922528394782667]
12600 -1.2652535773607825 0.5750620076767479 0.84 [0.04365567538945036, 0.7963875666331269, 0.8175461315929183, 0.02241062638450448] [0.7963407946881843, 0.04365966160625695, 0.022076768927786553, 0.8179227747777721]
12700 -1.0343405330173285 0.4260277724060119 0.82 [0.06071754355307577, 0.8106429002450946, 0.7579688973097237, 0.010670658892105831] [0.7605082445787739, 0.009575476445326749, 0.06060547895280108, 0.8093108000230975]
12800 -1.6466259230734586 0.8522560963903899 0.72 [-0.009103452183207815, 0.7121402409560649, 0.638178044598972, 0.09878516662817134] [0.7283747015423381, 0.007884048824418037, 0.08247439764545936, 0.621266851987785]
12900 -1.7141089290669689 0.8473989179383813 0.96 [0.49037919187106793, 0.47126475727063893, 0.7044465704269574, 0.2539094804313351] [0.46946652670936895, 0.4888519736111228, 0.25556500738291865, 0.7061164922965902]
13000 -1.7048304620699943 0.8517256590563546 0.94 [0.2919206998796324, 0.6550951356907057, 0.7360440558869652, 0.19694010854269653] [0.6486269745441114, 0.28435505953602236, 0.20395170202877957, 0.7430662638910869]
13100 -2.169158887848833 1.0122967604927533 0.86 [0.10819408753694405, 0.7505827964373339, 0.8445503456523604, 0.016672770373360804] [0.7518094285145435, 0.10946409987329858, 0.01541956782626257, 0.8433069037858949]
13200 -1.323213350600694 0.6923296362974297 0.82 [0.1293591419375969, 0.6855112538283663, 0.8154446804072567, 0.00968492382678033] [0.693393849242791, 0.1314954769115721, 0.004920441345612195, 0.8101902325000252]
13300 -0.9740128600955488 0.5562410305170945 0.9 [0.44661087811045513, 0.4527874819259771, 0.8236180290821682, 0.0769836108814003] [0.4532681382881087, 0.4473366828319916, 0.0763672715876508, 0.8230279072922493]
13400 -1.760744044020982 0.883703463171128 0.92 [0.1406982765559357, 0.7879626108210431, 0.8985666617347198, 0.012772450888302131] [0.779450578773684, 0.13188563440515597, 0.02141714661115239, 0.9072466402100073]
13500 -1.4029664148329453 0.6735978172792468 0.9 [0.013030692070863027, 0.8876138801108432, 0.8696672046828519, 0.02968822313544197] [0.8871449949609652, 0.012405536840555105, 0.030459906786238795, 0.8699895614122413]
13600 -0.058762755913713584 0.06745734029841585 0.3 [0.1235501197943035, 0.45271411348694274, 0.17356590194539354, -0.14983013522663952] [0.176444721505789, -0.15247696625255125, 0.12641847501555717, 0.44961376973120504]
13700 -1.353121529853626 0.6750269923070619 0.72 [-0.03046732852118107, 0.7126102119929478, 0.5719913154133609, 0.18586580111487241] [0.7505204141769697, 0.007363700673906269, 0.14815772153813841, 0.5339581636109852]
13800 -0.1977246486107282 -0.008601618877720924 0.53 [-0.048791884357254914, 0.5752757466156722, 0.5756721124089555, -0.042155974667372566] [0.5767100786893462, -0.044988410543909584, -0.043694222776789395, 0.5719725546313525]
13900 0.059980987413819555 0.047728367303134345 0.29 [0.07193394197175798, 0.26900017646157076, 0.22232397408528948, 0.016741907481381803] [0.21802298731352057, 0.020963945851218233, 0.0676877488719555, 0.2733253179633056]
14000 -0.6679304475638426 0.3280904451870952 0.68 [-0.05630550506073561, 0.6673011652159119, 0.7362705565147191, 0.012733783330104333] [0.7362987581146182, 0.012707901630527716, -0.05627089736977966, 0.6672642376246337]
14100 -0.22837110705967048 0.1721790555895557 0.42 [0.16586633893686337, 0.3943646436923592, 0.334476306214079, -0.05470728884330157] [0.2537190485727347, 0.025480105945929196, 0.08585602598848675, 0.4749448194928492]
14200 0.3644351592287449 -0.00977706487182218 0.58 [0.5362527313096453, -0.010971115044130992, 0.6309941433814666, 0.00372424035301897] [0.043746013009279314, 0.5910492026530023, -0.05107818352109881, 0.5762829678588167]
14300 -1.5060274335338497 0.8473085046514384 0.92 [0.018439286497342243, 0.9033738304758462, 0.772970174613337, 0.14521670841347428] [0.901568315155277, 0.016616850422723404, 0.1470809032024554, 0.774733931219544]
14400 -1.3621925000062773 0.6479641407109993 0.92 [0.010475435593249012, 0.9044076474871576, 0.9064527124908554, 0.018664204428738604] [0.9095481620207841, 0.014746873496111958, 0.014601591045183483, 0.901103373437921]
14500 -1.3558215732469847 0.7141503049656417 0.88 [0.02200172564943721, 0.8537537168126831, 0.8646816337051146, 0.019562923832765363] [0.8579922811741603, 0.026369291573208806, 0.015313770867991768, 0.8603246563846402]
14600 -2.166925546085919 1.0088961903865397 0.94 [0.31055028104769505, 0.6303787515871085, 0.4604112551359892, 0.4786597122292074] [0.6277453175228043, 0.3113473493580642, 0.47962061655837784, 0.4612867165607532]
14700 -1.4032678695920313 0.6521933822340423 0.9 [0.014996080990555789, 0.8866688736701619, 0.8839909078262632, 0.01434413751301916] [0.8849974034986626, 0.013338285528040535, 0.016021621773651698, 0.8856426891996451]
14800 -1.1884360249444628 0.6272934444113345 0.92 [0.03435594088246943, 0.8889276546788403, 0.8950379395334306, 0.02167846490525986] [0.8874195606142511, 0.02886433715617832, 0.025402412152565165, 0.8983136900770056]
14900 -1.6276610125012476 0.7376280708491757 0.9 [0.05523846050262974, 0.8483410730525456, 0.8812933626268922, 0.01512710381793237] [0.844718340065784, 0.05172600144367134, 0.018706625453628337, 0.884849033036916]
15000 -0.983978736484778 0.45315496073483935 0.7 [0.5787409363069317, 0.1062911445882551, 0.5139498784948936, 0.20101804060991973] [0.121274246095482, 0.5937584643284709, 0.18602376494142045, 0.49894352463462643]
15100 -1.6161253505660684 0.6585052070876901 0.77 [0.20161370021076422, 0.6031154362066369, 0.5123765269347805, 0.22289433664781844] [0.5682742668614149, 0.1670591996407336, 0.2575361693608331, 0.5471303641370185]
15200 -0.6464685011601534 0.29349516670231224 0.35 [0.29588683020909856, 0.33782228162554334, 0.010412713349636737, 0.055878174815721465] [0.054079193372308286, 0.011805126167690574, 0.3396591965583459, 0.2944564839016554]
15300 -1.7158350510515439 0.8368394287669624 0.9 [0.025269442416054874, 0.8744754071300552, 0.4145437178496328, 0.4857114326042579] [0.8749865827858389, 0.025318711241317144, 0.48532382326041473, 0.4143708827124291]
15400 0.3268563923731532 -0.22320867975784864 0.34 [0.017017378990518153, 0.28041085532208376, 0.33221518048798293, 0.050356585199415] [0.3232722539070131, 0.05892940434038248, 0.0075310814141815, 0.29026726033842315]
15500 -1.2470797908117723 0.620120805669393 0.86 [0.029793598333839412, 0.832173308516225, 0.8481556392612736, 0.009877453888662019] [0.8298582758541574, 0.02821618426837275, 0.011798814782005142, 0.8501267250954646]
15600 -1.0658390563026883 0.5266148988788215 0.84 [0.01291259346773346, 0.831640827896701, 0.5335635479638653, 0.30188303067170025] [0.8270643288681743, 0.00837876697789555, 0.30645138788279014, 0.5381055162711399]
15700 -0.7762720321524078 0.2116268733131064 0.64 [0.47315387583671226, 0.17735552134551832, -0.05792385272077084, 0.68741445553854] [0.16699914633267318, 0.46283798857100217, 0.6979230442902054, -0.047760179193880516]
15800 -1.322548781858371 0.7674060309136176 0.68 [0.011337856450388348, 0.6943919320016608, 0.5800348529890761, 0.07423535855887448] [0.6686638186765473, -0.014405413131746451, 0.09997429737951817, 0.6057672970756811]
15900 -0.7236279295109069 0.3294028446160974 0.48 [-0.009688719640336277, 0.44695246774007297, 0.1733238812455976, 0.34941237065466496] [0.4897397116389201, 0.03357578960656124, 0.30677577921663574, 0.12990871953788313]
16000 -1.0737847461421435 0.5389590594235348 0.72 [0.008930712479366321, 0.7012072631694821, 0.7018334620211907, 0.02802856232996088] [0.7110202413422452, 0.01919959400803286, 0.018198869623348733, 0.6915812950263726]
16100 -0.9002441302932851 0.4923300829021853 0.76 [-0.05738433662050894, 0.7483286553521549, 0.8213055058569612, 0.007750175411392698] [0.8171143865357477, 0.011650600918724732, -0.061042376994757196, 0.7522773895402847]
16200 -2.308447792786621 1.0097240037942898 0.9 [0.20872756475889442, 0.6980843393647579, 0.8691287065351793, 0.02405938934116893] [0.6914593445347147, 0.20233555722836552, 0.03033290217537879, 0.8758721960615413]
16300 -1.2617026396853495 0.5387149256223066 0.94 [0.011459434488818485, 0.9267504977349996, 0.9261469086757818, 0.015643159100400147] [0.9285387915116615, 0.01326206165549354, 0.013854114049689194, 0.9243450327831563]
16400 -1.8957484260878388 0.8727122189012101 0.74 [0.008055205823242075, 0.7164058246246515, 0.6179260474458259, 0.1376129221062813] [0.7319458084433001, 0.023632578309537813, 0.1220764335799105, 0.602345179667251]
16500 -0.9754423363725728 0.5057483945477543 0.75 [0.022681672513792897, 0.6981049078755222, 0.4584653128619678, 0.32074810674871723] [0.7273311069239697, 0.05186238456759512, 0.2915283930133467, 0.4292781154950883]
16600 -0.1487423121263487 0.05387760342167366 0.35 [-0.00764787407497323, 0.3083937587448115, 0.35734348831913165, 0.041910627011030224] [0.3582450549349485, 0.04105523267573328, -0.0072577473639615486, 0.3079574597532795]
16700 -0.3978185739256119 0.28086705597068556 0.7 [-0.021225866765251223, 0.6876709670871783, 0.7218149697331259, 0.011739929944947118] [0.7211264358258938, 0.012481786172522763, -0.021911096080762943, 0.6883028740823464]
16800 -1.123531067315637 0.4699162290455981 0.86 [0.01437182570761675, 0.8506918163344784, 0.8490885356755341, 0.005847822282371276] [0.8456268950483924, 0.009310092745534258, 0.010899936770456338, 0.8541630754356162]
16900 -1.6140486628143784 0.9177702076766958 0.96 [0.021246903640670292, 0.9382480965011025, 0.937740188030477, 0.022764811827750066] [0.9387290321745739, 0.0217125873084186, 0.022393341944098314, 0.9371650385729096]
17000 -1.003011941045045 0.4445801076994867 0.76 [0.011614044239797625, 0.737043056466192, 0.7496161895069678, 0.02172670978704273] [0.748386012487625, 0.02286432542063583, 0.01018435808864137, 0.7385653040030975]
17100 -1.370645209272517 0.7468149588024593 0.94 [0.01983887736398008, 0.8999071105926881, 0.9287660633298613, 0.03148794871347056] [0.9201703897852087, 0.040085314327839155, 0.011235289999016875, 0.9085090058879356]
17200 -1.4174307709240737 0.7458834535187521 0.98 [0.01749789607351118, 0.9620340643236076, 0.9563924947032247, 0.024075544899657277] [0.9625087713310145, 0.018353343296810504, 0.0236104321302808, 0.9555274532418939]
17300 -1.2193613494565887 0.6003621826359715 0.65 [0.18013644689881644, 0.617274219838759, 0.4937910396291059, 0.008798293633318766] [0.469877072832271, 0.03271822437944461, 0.15619647746719564, 0.641208225321088]
17400 0.35042713662763175 -0.1262224782358582 0.35 [0.09357367074789806, 0.2802224998375538, 0.25447677020321197, 0.07172705921133601] [0.2564369456464403, 0.07025452732573205, 0.09545580280593206, 0.2778527242218955]
17500 -1.3525523072249614 0.6994950035471058 0.92 [0.014718183096061656, 0.9077576427573544, 0.8980089989263678, 0.01951517522021595] [0.9052619269708714, 0.012240481619484201, 0.022005174407484486, 0.9004924170021603]
17600 -0.7102914418409862 0.3373739194846165 0.62 [-0.040552518527800174, 0.612171660829008, 0.6589711841772278, 0.009409673521564067] [0.6605332385600226, 0.007819282158477265, -0.03894597480072409, 0.6105934540822243]
17700 -1.2685407490267944 0.6170700267505939 0.82 [0.4079590063321878, 0.4364863938915533, 0.41008580629570895, 0.3854687934805503] [0.4120895168040253, 0.38416021295688957, 0.40982945681108385, 0.43392081342800104]
17800 -1.5654285426187846 0.7682271433837687 0.92 [0.8604213051197307, 0.06163036669413727, 0.012999705207585237, 0.904948622978545] [0.0597313749873337, 0.8583233387247086, 0.9057332070237472, 0.01621207926421]
17900 -1.6384779839432217 0.8388858637577052 0.97 [0.07044179688400196, 0.9026590949372525, 0.7626634943286361, 0.20423561385010924] [0.8995571640589728, 0.06732899232745129, 0.20733547574651362, 0.7657783678670629]
18000 -1.3931550167522835 0.6537418890386387 0.95 [0.012946910463730619, 0.9354404371243658, 0.9192900950423999, 0.03232255736950315] [0.9369805542104295, 0.014570793363508956, 0.030762430409241922, 0.91768622201682]
18100 -1.1779513465817042 0.5842744584383932 0.96 [0.3157390752528348, 0.6416481847118192, 0.95109268866145, 0.011520051373896046] [0.6442422428325096, 0.3183533726947707, 0.008923152599252282, 0.9484812318734671]
18200 -0.44325066238837363 0.3159702302172446 0.55 [-0.011109810667326277, 0.5230416908255219, 0.5824111355689318, 0.005656984272872883] [0.5611107512013502, 0.02693169637508399, -0.03239455888466781, 0.5443521113082334]
18300 0.37088203707584133 -0.20876062565108888 0.23 [0.20499369237086387, 0.2224241875931156, 0.02529022917020911, 0.007291890865811382] [0.025040808649489706, 0.007249103955878081, 0.20465934210938877, 0.22305074528524357]
18400 -1.4744798843279079 0.7069219055986887 0.76 [0.49955964850274287, 0.25779889186127647, 0.4083332445868354, 0.3543082150491453] [0.26071508118224557, 0.5018907849920872, 0.350824704674337, 0.4065694291513304]
18500 -0.5033154788060713 0.31160260258414096 0.41 [0.2410952336035841, 0.427120780179265, 0.16705218815617848, -0.015268201939027675] [0.1689048033808266, -0.01712993528794642, 0.24295192941090485, 0.425273202496215]
18600 -0.17518301309324497 0.05017219867849393 0.37 [0.37750705343083524, 0.014751873845854344, -0.01491333838530154, 0.3626544111086119] [-0.007501666490656846, 0.35516684503025364, 0.384909241722708, 0.007425579737695195]
18700 -0.7673411935950242 0.25234555403485365 0.46 [0.3671988242349671, 0.18410208949925214, 0.1621044614878266, 0.20659462477795432] [0.09271806176343009, 0.2760024222730919, 0.2978864380126665, 0.25339307795081156]
18800 -1.7230350090572313 0.8630622636728039 0.94 [0.05004453880189418, 0.8905180438441757, 0.2744020245038153, 0.6650353928501153] [0.8893913297809966, 0.05002815506603403, 0.665586589400398, 0.27499392575257153]
18900 -1.833685699339556 0.8611501130632593 0.96 [0.10527420202905613, 0.8561348234102413, 0.9159041800370983, 0.042686794523604424] [0.8544616755582217, 0.10406856969501949, 0.04413035859080626, 0.9173393961559523]
19000 -1.222172618602374 0.659407884948199 0.96 [0.7522985402936113, 0.20627613533947148, 0.9478872675713674, 0.01353805679554928] [0.2077048940246757, 0.7537246894920838, 0.012047483666358896, 0.9465229328168823]
19100 -1.7264834914277742 0.7939772147272796 0.9 [0.025135998787929686, 0.8772257096543377, 0.8761078751670448, 0.02153041639068844] [0.8750958803055595, 0.022759339088931282, 0.0239404312676106, 0.8782043493378996]
19200 -0.42895644107589354 0.2888126079309413 0.46 [-0.0032617035604593603, 0.5850157949928994, 0.4675687010889331, -0.12932279252137316] [0.463286154377136, -0.12502046609559384, -0.007614010652674804, 0.5893483223711332]
19300 -1.302788686961837 0.7266564204590084 0.76 [0.06560626588071776, 0.6974065069143209, 0.7425508671050549, 0.014436360099905832] [0.6942380703391035, 0.06263520118612324, 0.017700594168359892, 0.7454261343064136]
19400 -1.1727421464323697 0.6049555254119531 0.84 [0.006491460613725266, 0.8293004798965633, 0.3350009778435894, 0.5092070816461216] [0.8335005372770052, 0.010693404250806256, 0.5050122086759586, 0.3307938497962298]
19500 0.6973243671066652 -0.21136545474537652 0.27 [0.13123070704555542, 0.021158532941658193, 0.12039329984603278, 0.2672174601667537] [0.13874638443010587, 0.24887018788616097, 0.14953306811758713, 0.002850359566145916]
19600 -0.6270340022045374 0.303436035765277 0.47 [-0.0185027731982284, 0.43341109071799155, 0.4908429752216227, 0.03424870725861422] [0.48838476487123716, 0.03653817447635972, -0.020714821094124338, 0.43579188174652717]
19700 -0.44094713967047644 0.3324207377207014 0.84 [0.014512502752703927, 0.8537152370282935, 0.8298721623039883, -0.01809990208498564] [0.825492782884552, -0.013717032096733568, 0.010142157863223828, 0.8580820913489579]
19800 -1.3561767934297435 0.7147769572050765 0.94 [0.06557244428803063, 0.8666069319452798, 0.8877082706995355, 0.06011235306715453] [0.8744280459574024, 0.07330380316932639, 0.05229147704622414, 0.8799766738270478]
19900 -1.6592873671819035 0.8543997394824835 0.9 [0.40591496580969166, 0.4948053019839399, 0.8898167582252923, 0.009462973981075838] [0.49415756740800176, 0.40514961568717905, 0.010180335900083597, 0.8905124810047361]
20000 -1.1690964141877283 0.66520335375839 0.98 [0.5350354095445298, 0.444923650176085, 0.6969012330019793, 0.28313970727740584] [0.4449805017178023, 0.5350938545961913, 0.2830548695649127, 0.6968707741210938]
20100 -0.8461003756170165 0.402668572749861 0.94 [0.0068789480347875185, 0.9335608655882468, 0.1971249532092255, 0.7424352331677407] [0.9330252586392512, 0.006418092025156261, 0.742986286623409, 0.19757036271218356]
20200 -1.2765385535180775 0.6167494929083304 0.86 [0.0048416355339332695, 0.8393192494614253, 0.8419394366576368, 0.03389967834700415] [0.8552344074058575, 0.02076046426802729, 0.018060297951159165, 0.8259448303749559]
20300 -1.4874296543422758 0.6975936405045189 0.84 [0.010472136429619899, 0.8284999714358915, 0.6475042579475718, 0.19352363418691737] [0.8296645877673252, 0.011405293366840485, 0.19244629520409925, 0.6464838236617347]
20400 -1.2749221649110174 0.7402337136308819 0.74 [0.19219687821150847, 0.6046548457167575, 0.666949250915114, 0.01619902515661976] [0.5478098694198472, 0.1353209494616417, 0.07299257539039707, 0.7238766057281141]
20500 -1.6797544856480595 0.7906621263080399 0.96 [0.5433278867746868, 0.41469464263692013, 0.9483391024244274, 0.013638368163965176] [0.41666987692045043, 0.5453076577376298, 0.011660183119867072, 0.9463622822220527]
20600 -0.6369433784583465 0.3542302899839093 0.64 [0.010552919566955641, 0.5996614555042177, 0.6300610204625152, 0.03972460446631185] [0.6294163483314407, 0.04047479930543624, 0.009909145816005799, 0.6001997065471174]
20700 -1.4027747164095263 0.6496550431039705 0.86 [0.007860347448414068, 0.8501088056413166, 0.6959864627770898, 0.16604438413317962] [0.8521110077561569, 0.009900688147681318, 0.16398454241659174, 0.6940037616795691]
20800 -0.595765948193969 0.20625837892681748 0.62 [-0.03569510282937731, 0.6109800864268808, 0.6577990956900115, 0.006915920712484699] [0.655737799877418, 0.008968300412050746, -0.03770526778589697, 0.6129991674964281]
20900 -0.05764408892746022 0.006165178593066156 0.42 [0.2177070123701586, 0.4163008545772336, 0.19949868093587533, 0.00649345211673279] [0.20018502269672397, 0.0036797598776444123, 0.22176291230520875, 0.41437230512042234]
21000 -1.173525413276463 0.5112540078517246 0.88 [0.781154674885234, 0.10128546955394305, 0.5944811358322692, 0.2830787197285535] [0.09896760853942314, 0.7785441338999025, 0.2854828771234201, 0.5970053804372547]
21100 -1.6117087294290113 0.7885011825205673 0.94 [0.3393263428514317, 0.5954973102162237, 0.9317607411114066, 0.013415605820937782] [0.6023118493574918, 0.3428395160377622, 0.00826546261589868, 0.9265831719888475]
21200 -1.1633891406724983 0.6166500643064259 0.81 [0.011491036872339157, 0.8001496578470929, 0.7338957007426561, 0.07446360453791177] [0.7984855532877901, 0.009915961089309096, 0.0761062180209694, 0.7354922676019305]
21300 -1.5868823767927644 0.7810323552707606 0.79 [0.08828175237685208, 0.6850051398156145, 0.7754687602422784, 0.031244347565254862] [0.7013051204942713, 0.10520037847645852, 0.01488093654540667, 0.7586135644838633]
21400 -1.0390612796657113 0.49267628356721993 0.82 [0.010324393648914267, 0.810015659457822, 0.8087112323087783, 0.010948714584485642] [0.8096680746852108, 0.00999546182560121, 0.011289504631034723, 0.8090469588581536]
21500 -1.4390127750461932 0.6191701166747849 0.62 [0.5002375699100478, 0.3991476232244016, 0.18464143814178485, 0.15597336872376563] [0.11975187843830623, 0.22083640665098894, 0.43554612364060313, 0.4638655912701015]
21600 -1.559370212939135 0.7581482714831452 0.98 [0.03857089159658092, 0.9405053093631723, 0.9681797485054539, 0.012744050534792984] [0.9412056889234109, 0.03952389161766451, 0.012022336667507173, 0.9672480827914175]
21700 -0.28161402972877847 0.20483735688505272 0.64 [-0.009360663637099554, 0.6264100594822317, 0.6557144556124128, 0.007236148542455171] [0.6493334312826546, 0.013587136076989947, -0.015668029352598225, 0.6327474619929535]
21800 -1.3937503311043318 0.7127792617540893 0.86 [0.4307653608964863, 0.4163853914036264, 0.8334600551996308, 0.03938919250025673] [0.42922231983344744, 0.4436027669765183, 0.026561912422830115, 0.8206130007672044]
21900 -1.2027456162562067 0.7176015212372563 0.82 [0.3760903553764646, 0.4662693964422758, 0.53397694544517, 0.26366330273608973] [0.44390841470839076, 0.35372834586926083, 0.2870031275963479, 0.5553601118260008]
22000 -1.156739936243199 0.5263360828568611 1.0 [0.2041672496076511, 0.7946033707148048, 0.033573809488327, 0.9676555701892162] [0.7958135637062405, 0.20542248045305977, 0.9670574461337281, 0.03170650970697097]
22100 -1.6363458489489253 0.7304524327349456 0.75 [0.7088738895561326, 0.5261179059029298, 0.0077008567657754655, 0.25730734777516195] [0.041105565885764105, 0.22358331878429968, 0.7422069518131146, 0.4931041635168215]
22200 -0.4819904967895621 0.3908427725773628 0.39 [0.08929976317947468, 0.34858738150581314, 0.17122139114061402, 0.17089146417409826] [0.3006852089722381, 0.04138982437571208, 0.21878069495888977, 0.21914427169316017]
22300 -1.243871612839676 0.5932132003185757 0.96 [0.014340726439321693, 0.9494729355253672, 0.9445858057299817, 0.011600532305329066] [0.9456497260502539, 0.010539824081381509, 0.015363322116658298, 0.9484471277517054]
22400 -0.36514666361222375 0.0027107427194695112 0.44 [0.2695139432001913, 0.4408167053646572, 0.16862361796014402, 0.0010457334750073547] [0.1705414821561762, -0.0008413076250003552, 0.27132508416650736, 0.438974741302317]
22500 -0.6333347158609953 0.34720177206539177 0.6 [0.28036878970932155, 0.5496837250439794, 0.3327293263375147, 0.03721815890918424] [0.3196337401029825, 0.05015059918817934, 0.26728686830227893, 0.5629287924065592]
22600 -0.13444932946987423 0.09641563757997414 0.34 [0.38439960263053324, -0.03854073714746002, -0.04227283311817692, 0.37641396763510326] [-0.044420071323684356, 0.37855896243197634, 0.38228798052600965, -0.036426871634301576]
22700 -0.8434822779190319 0.4775500067537308 0.7 [0.6870104018257472, 0.009526332952192268, 0.039952701673731904, 0.6635105635483282] [0.01299013974712655, 0.6904784546999777, 0.6600458246347531, 0.03648558091814222]
22800 -1.6924786206738782 0.7078822900896483 0.54 [0.13211815073940078, 0.41195206039821286, 0.32599408573866234, 0.20993570312372417] [0.4076366033636124, 0.12838250775107796, 0.21421265704022258, 0.3297682318450872]
22900 -1.657519853731323 0.8321778969759643 0.95 [0.03373863465741396, 0.918700750887117, 0.9163513224505246, 0.03120929200494419] [0.9162553381572086, 0.03126879146315662, 0.03361921814926805, 0.9188566522303669]
23000 0.4400931916988365 -0.19195764693359682 0.23 [0.17230882566851202, 0.2606903862662007, -0.0892866817944571, 0.11628746985974442] [0.05775055880838855, -0.030711000125051454, 0.3192365093132757, 0.11372393200338723]
23100 -1.912645524439138 0.8917723410896724 0.9 [0.06177274292798086, 0.8373886879514499, 0.8857629849039759, 0.015075584216593031] [0.8382592306760747, 0.06257139132264639, 0.01426453148683594, 0.8849048465144436]
23200 -1.815617589826469 0.8533641234199254 0.98 [0.8215232180741022, 0.1590786555650695, 0.9763897125698552, 0.003008413790972763] [0.15933617139920922, 0.8199949252312418, 0.0036629867154629255, 0.9770059166540865]
23300 -0.6448402080234765 0.3235486449744617 1.0 [0.9906313862401269, 0.009373778410489236, 0.9950707297324826, 0.004924105616900437] [0.00935622694881119, 0.990640501385625, 0.004858084613446565, 0.995145187052117]
23400 -1.348329535386349 0.6849531856666818 0.72 [0.4663161987978474, 0.37140764814513433, 0.22249985370005412, 0.37977629935696394] [0.25361913816707854, 0.348671198075625, 0.4975293304303884, 0.34018033332690806]
23500 -1.0532433516171738 0.4440680972903674 0.88 [0.01061469610549885, 0.8696406060109331, 0.8711849300336034, 0.008559767849964272] [0.8693845156177287, 0.010358302591070567, 0.008815914090031796, 0.8714412677011696]
23600 1.0149090464682922 -0.4589370472266728 0.1 [-0.11196505488134814, 0.15420322966438027, 0.20930421736154836, -0.05154239214458051] [0.21226670624631835, -0.054272362519453735, -0.10935044703051215, 0.15135610330364777]
23700 -0.6833346328467838 0.34273573612247915 0.58 [0.12766476784979788, 0.5520483150380802, 0.47259411972997983, 0.0076927973821424665] [0.45226981462933113, 0.028038554227966167, 0.10741833846110732, 0.5722732926815954]
23800 -0.37445019823278636 0.01779650255633809 0.38 [-0.11300970464363383, 0.36822057210098835, 0.49063470657635244, 0.014154425966292936] [0.4921569058040038, 0.011769253807232004, -0.10987917479451145, 0.36595301518327594]
23900 -0.39790633516013074 0.16869293966202353 0.56 [0.009418435765733299, 0.6368114364927991, 0.5508024290241614, -0.07703230128269396] [0.5506090596671972, -0.07674396552194794, 0.009179941234512809, 0.6369549646202377]
24000 -0.7929233933202785 0.32711360535230305 0.34 [-0.012073871725826477, 0.30564581884305275, 0.38660882933496427, -0.00018077645219038752] [0.35214785075520694, 0.0342559894863254, -0.04664556096526079, 0.34024172072372844]
24100 -1.772224480835326 0.9630354320323135 0.98 [0.1427195840074178, 0.8323272248248214, 0.7629480120933728, 0.2220051790743883] [0.8374028429442878, 0.14767670079934878, 0.21710677016855073, 0.7578136860878126]
24200 -1.2445402950112254 0.5829424147879911 0.84 [0.012568075149266951, 0.8277663900644237, 0.8266160277621946, 0.013049507024114535] [0.8273688663277399, 0.012232681283417247, 0.013421252870115474, 0.8269771995187273]
24300 -1.7719525314846087 0.8485231113670184 0.94 [0.021467478918178483, 0.9238083751222277, 0.9112105314780008, 0.023513614481592848] [0.9184256697511896, 0.01629785220522141, 0.028803909847759795, 0.9164725681958293]
24400 -0.3258838509311244 0.24140401410564863 0.58 [0.19069378592948122, 0.5763491939259214, 0.3898414752927312, 0.00311554485186623] [0.3892159042679526, 0.003620098356209463, 0.1902707809111852, 0.5768932164646532]
24500 -0.49118475495811736 0.09909945080510134 0.44 [0.1036062006968857, 0.3563729180727913, 0.33765877848743087, 0.08236210274289252] [0.33637602218935764, 0.08362972352923814, 0.10230487341336542, 0.3576893808680391]
24600 -0.8900542717811355 0.3648158432916404 0.71 [0.022124169496379152, 0.7131752088638668, 0.6691702293617997, 0.015530392277954785] [0.6878949980644452, -0.003218402423228765, 0.04094794143955918, 0.694375462919224]
24700 -0.8122142261045794 0.3302048270148358 0.75 [0.013884147109983203, 0.7459288715559373, 0.7363183021151705, 0.003868679218909069] [0.7357994533513533, 0.004065352701396004, 0.013970524457010585, 0.7461646694902404]
24800 -1.121332694034883 0.4999833813339486 0.83 [0.010681992518067411, 0.8168237415469021, 0.821879180564848, 0.010615085370182346] [0.819347786430408, 0.013174922273196898, 0.008128430331987568, 0.819348860964407]
24900 -1.470329155767654 0.7026752604786869 0.51 [-0.06668914823072905, 0.5245573344149372, 0.3897076614170102, 0.17242415239878153] [0.5764780791488708, -0.014340308244448931, 0.12168304942399631, 0.336179179671582]
25000 -1.3830411133243397 0.6795864530155484 0.92 [0.018058992059209845, 0.908256986373565, 0.8042789304867637, 0.10940509108046217] [0.9019418729762972, 0.011748404797349888, 0.11570809373524404, 0.8106016284911084]
25100 -1.0316945049591297 0.5266722621366696 0.6 [0.01869128335021269, 0.5793540033689739, 0.5792142504996055, 0.02274046278120792] [0.5813889216162047, 0.02039228344376376, 0.020887616719610563, 0.5773311782204208]
25200 -0.9127015023361931 0.4405462527361983 0.68 [0.14013709841285105, 0.5653218766470076, 0.6691328824774441, -0.014591857537303044] [0.5411760263761143, 0.11577551490894894, 0.01106778080048141, 0.6919806779144559]
25300 -1.2299227432075062 0.673014208069989 1.0 [0.8206816497030184, 0.17936794650817198, 0.9917701189716549, 0.008180284817155154] [0.17966678020061028, 0.8202859366499358, 0.008240541267477211, 0.9918067418819764]
25400 -1.3469774569549873 0.6848393356437975 0.92 [0.6456795921340942, 0.2723743616217179, 0.2924177369230918, 0.6295283093210956] [0.274108255361398, 0.6483355508429036, 0.6270786450545173, 0.29047754874118065]
25500 -2.2234738404273098 1.0722882289962035 0.92 [0.8322984170398392, 0.08778007061346312, 0.12173519647252473, 0.7981863158741733] [0.08780713007298525, 0.8323411423539828, 0.7986178684671184, 0.12123385910591354]
25600 -1.2793285106675416 0.6669478941410618 0.96 [0.9463941812669573, 0.014121090979921475, 0.31361361831983364, 0.6458711094332886] [0.013607502686723585, 0.9458782093995819, 0.6463862288603777, 0.31412805905331675]
25700 -1.0392709311165427 0.49106432276795225 0.98 [0.9267365826620799, 0.05318038332323975, 0.9734291338970412, 0.006653900117638695] [0.0536599393404964, 0.9264246851699302, 0.0065694885672110724, 0.9733458869223627]
25800 -1.034741252454595 0.5669278593750031 0.82 [0.387375925191646, 0.43127302158961817, 0.8102932423940409, 0.011057810824695204] [0.4324119512772168, 0.3889371179030093, 0.00965225027100452, 0.8089986805487682]
25900 -0.9309807722419953 0.48349061715041536 0.72 [0.024968136058157037, 0.7214268638797634, 0.7117402600478999, -0.018135259985820294] [0.6951991217385536, -0.0015548898324233898, 0.008435553581551151, 0.7379202145123182]
26000 -1.3789234739728153 0.6538550233733172 0.94 [0.013488622428091186, 0.9287173663952938, 0.6067465880141666, 0.33104742316244873] [0.9264968810061509, 0.011299122258132972, 0.3334294554459445, 0.6087745412897708]
26100 -1.2997766127949226 0.6544237935251311 0.65 [0.1101004081920377, 0.5962333327856404, 0.5493311234187749, 0.044335135603547] [0.5404579826822259, 0.05380934476528675, 0.10022556950403644, 0.6055071030484508]
26200 -0.8220978168539089 0.4509791305807541 0.73 [0.10691913885618183, 0.7162534720398207, 0.6274327176506589, 0.00939467145333888] [0.6235639431734165, 0.013107027654603911, 0.10271780678970649, 0.7206112223822736]
26300 -1.047460455787647 0.5272667948371872 0.88 [0.24249435695472857, 0.6076141107048604, 0.8736905718774425, 0.036200960462968744] [0.6372390203983476, 0.27265202937055233, 0.0063515449352787, 0.8437574052958215]
26400 -0.8625483916261087 0.4505547364884601 0.86 [0.5369457189038951, 0.35754007930775394, 0.8494001760955282, -0.02388597430717713] [0.3230982774334983, 0.502404585255384, 0.010603521238500115, 0.8838936160726177]
26500 -1.104116998521566 0.567555837192334 0.69 [0.010154185703703543, 0.7357886198637574, 0.6732643628584647, -0.03920716842592586] [0.679791279747092, -0.04572360988962035, 0.016736838962477237, 0.7291954911800513]
26600 -2.0300390920002447 0.8675816833676424 0.93 [0.2889309567420929, 0.6429154995050655, 0.9172547913335708, 0.010898752419270534] [0.6410680034429103, 0.28707843492949037, 0.012752237517893226, 0.9191013241097064]
26700 0.2942660097268892 -0.10421553473481043 0.2 [0.23780445302536976, 0.2337892440161867, -0.03596604759104026, -0.03562764945051616] [-0.037588710057869186, -0.033096504686161016, 0.23594614220821467, 0.23473907253581544]
26800 -2.7428121408783857 1.1516328099156876 0.98 [0.19837714216310837, 0.7810905136627221, 0.3803134081634656, 0.6002189360107045] [0.7811553486669693, 0.19941663414330807, 0.5995053684154972, 0.3799226487742253]
26900 -0.9605456589617113 0.47630572127153203 0.66 [0.03125452841682132, 0.6488645920856326, 0.5238621394930104, 0.11601874000453591] [0.6287826540307232, 0.011128347153427415, 0.13608456990834236, 0.5440044289075063]
27000 -1.382786352549095 0.6726204173984425 0.82 [0.09278620517860685, 0.69271660287933, 0.8406455827643308, 0.013851609177733148] [0.7273038200106073, 0.1271897382519949, -0.020649690659496386, 0.8061561323968947]
27100 -1.040321264349683 0.5475971420498059 0.5 [0.29272955558326347, 0.2700834547295948, 0.3592403660698939, 0.07794662361724808] [0.2074410048893161, 0.22939628933836928, 0.14132073952541954, 0.42184196624689496]
27200 -0.8666587193556675 0.36284908191010096 1.0 [0.34364485333901695, 0.6566088252767718, 0.3025242940866415, 0.6972220272975699] [0.6562380621097585, 0.343655197541604, 0.6973386924469763, 0.3027680479016611]
27300 -0.7497457043290965 0.42037910208466206 1.0 [0.006675324534592381, 0.9933848860496509, 0.017273236528834387, 0.9826665528869221] [0.9933473120906132, 0.006591757033549207, 0.9827368970086436, 0.0173240338671952]
27400 -1.741744273540167 0.8639623508304937 0.94 [0.012560203428618197, 0.9272497134307173, 0.8493126668764214, 0.09087741626424344] [0.9274370361784922, 0.012749212071589616, 0.09069331469194446, 0.849120437057974]
27500 -0.1837227798014689 0.17867225364582012 0.45 [-0.040567567283143056, 0.43886696737649095, 0.4996643100477361, 0.0020362898589154754] [0.49057406278269355, 0.011127980295358138, -0.049666176570741453, 0.44796413349269004]
27600 -0.5774232893193757 0.2735324940171889 0.57 [-0.0055368485467347925, 0.4131632787580805, 0.5758553281607697, 0.15651824162788464] [0.5755372593829571, 0.1568921934108872, -0.005859056127288858, 0.41342960333344464]
27700 -1.266410525233492 0.6087879979493617 0.84 [0.013752997176613675, 0.8305771105245536, 0.824164300531327, 0.01150559176750503] [0.8263625844108543, 0.009410356697634811, 0.015841918844329055, 0.8283851400471824]
27800 -0.16276626510619713 0.007894860198435338 0.44 [0.06900442299918678, 0.38024855744801705, 0.36608860161831275, 0.06465841793448308] [0.37084480722114904, 0.0597398782011169, 0.07388002423909969, 0.37553529033863453]
27900 -0.5738838364682342 0.39921468802461335 0.5 [0.4723031199540796, 0.18058833554061685, 0.05980864875560207, 0.2872998957497008] [0.027781206645917066, 0.3195559229185047, 0.4383213831350456, 0.21434148730053226]
28000 -1.195695355648295 0.52968367095778 0.88 [0.011446869714333025, 0.8678335389118061, 0.8691624417211699, 0.011557149652691412] [0.8685549845267403, 0.012174676847658088, 0.010842371420296948, 0.8684279672053039]
28100 -1.337334954232039 0.642795170028858 0.98 [0.011708199336150573, 0.9685591969103942, 0.16818518976260977, 0.811547413990845] [0.9682916438804924, 0.011439292095391802, 0.8117985553142377, 0.1684705087098775]
28200 -1.6881574250696567 1.0349074850857272 1.0 [0.4334893196571341, 0.5630765337880501, 0.0211958769396396, 0.9822382696151765] [0.5662143651406388, 0.43726907201780896, 0.9788102935805003, 0.017706269261052687]
28300 -0.5862346650914654 0.26227440799286805 0.6 [0.07194453291343123, 0.55457494249517, 0.5185766754350071, 0.0549038491563917] [0.5280508760638197, 0.04541613397294727, 0.08142602611782297, 0.5451069638454105]
28400 -1.1371900022229635 0.5838506207156855 0.6 [-0.011660508562594873, 0.5837273008992941, 0.6176495962029569, 0.010283611460343532] [0.6116769089534655, 0.016256711453195394, -0.017688279692508486, 0.5897546592858476]
28500 -0.988255694954328 0.4432506039869301 0.78 [0.02283583672840241, 0.7515254335049246, 0.7742636132786125, 0.011375116488061507] [0.7571560094692589, 0.02836320864751628, 0.005748485939807108, 0.7687322959434177]
28600 -0.4439435318293265 0.307415956589861 0.56 [0.07622188022913229, 0.41395937171742636, 0.6220215128850224, 0.0077972351684191445] [0.4831549093108796, 0.14615502230192273, -0.06160161868700984, 0.5522916870742076]
28700 -1.7922171740543704 0.830337460179468 0.98 [0.47329715868318334, 0.504443461096422, 0.9446190399980058, 0.03764034022238962] [0.5067007699838654, 0.4755542675303159, 0.03530956126279565, 0.942435401223023]
28800 -1.528344485746882 0.7770546408967758 0.92 [0.035366283543158794, 0.8962179142545498, 0.5616029330823081, 0.34681286911998327] [0.8846529928777701, 0.023762135425053465, 0.3583885138969562, 0.5731963578002199]
28900 -0.9044134417594737 0.37453079892020547 0.78 [0.01431173926172413, 0.7600093084147107, 0.7624022220181511, 0.023276730305414613] [0.7655778626613595, 0.021328423590459576, 0.017602357075988194, 0.7554913566721931]
29000 -0.5396991052549616 0.40994898509203126 0.48 [-0.051568123603766, 0.4658609448510427, 0.5316527186110395, 0.014054460141684166] [0.5315417581322572, 0.014143533073953551, -0.051631096190984584, 0.46594580498477384]
29100 -2.4444506066590916 1.2006269202126556 1.0 [0.5092207318783463, 0.4869191513665418, 0.8472074872791837, 0.15665262947592842] [0.4908642614047821, 0.5130389058588691, 0.15251324974595545, 0.8435835829903934]
29200 -1.620695497976774 0.6733677351877635 0.78 [0.10484478858410007, 0.6691116101993104, 0.225207422886724, 0.5608361783298649] [0.6751515089736567, 0.11090251376588961, 0.5547129782805786, 0.21923299897987478]
29300 -1.2486549850468733 0.6669403979810997 0.92 [0.014570086301666616, 0.9052686478432227, 0.8659221939524371, 0.05423907190267317] [0.905408945673399, 0.01478570551058658, 0.053120124390495176, 0.8666852244255197]
29400 -1.4311607747577455 0.755308354378032 0.9 [0.04432265016154843, 0.8544681607349677, 0.8771362257310872, 0.024072963372396564] [0.8551185803129476, 0.045531096087295574, 0.023486393527307605, 0.8758639300724488]
29500 -1.4612631388464674 0.6593645731167013 0.94 [0.011886167920656474, 0.9245460636380937, 0.9166081652556521, 0.026959603185596474] [0.928118799756022, 0.015492195239306365, 0.02339873067929163, 0.9129902743253797]
29600 0.15906014884908515 -0.2645735196834723 0.29 [0.08216124178421155, 0.2808705865259946, 0.21485887294156497, 0.002109298748228612] [0.20777402468079342, 0.009085051672653329, 0.07522923417400905, 0.2879116894725441]
29700 0.9597670242977598 -0.36148726500063366 0.25 [0.06690560378377505, 0.25615371889345157, 0.17766520066543656, -0.0007245233426629923] [0.18302984686415477, -0.0062058885833656515, 0.07243088431822937, 0.2507451574009815]
29800 -0.805847786940316 0.4237966639503073 0.42 [-0.11159882040241602, 0.4104954835245202, 0.5503013435014403, -0.009198006623544362] [0.5309561478388848, 0.009990621021972247, -0.13023589670859115, 0.42928912784773376]
29900 -0.6037742906726828 0.3419529111766366 0.66 [-0.05992909537154965, 0.6392910053662376, 0.7217452379771477, 0.01889285202816421] [0.719937216048691, 0.020738897451945758, -0.0616915575699917, 0.6410154440693553]
30000 -1.2955995900652828 0.684662506619281 0.78 [0.008704860348404363, 0.771032231456344, 0.7471317220361603, 0.03313118615909096] [0.7712891969750624, 0.009433846604667501, 0.03239214760936719, 0.746884808810903]
