step Ek EV sign nup ndn
100 0.7917217374371015 -0.4270150519991238 -0.31 [-0.28555839671420286, -0.3096773672445199, -0.024054244317648073, -0.0007099917236290298] [-0.023483309125853773, -0.0010206966713500979, -0.2869124517568056, -0.3085835424459906]
200 -0.5400861112574512 0.14966223942113308 0.3 [0.2969509833108456, -0.10977122544800073, 0.00128194561285891, 0.4115382965242964] [0.0030490166891544417, 0.4097712254480008, 0.298718054387141, -0.11153829652429631]
300 -0.9414398734752263 0.5525549554070668 0.46 [0.44997009195463483, 0.03256164918599877, 0.06853957415138148, 0.36892868470798434] [0.010029908045364966, 0.42743835081400117, 0.3914604258486182, 0.09107131529201547]
400 -0.3218380561480363 0.16900945071437387 0.02 [0.0051044128992359635, 0.006471823882665677, 0.009556216226110437, 0.018867546991987977] [0.014895587100763958, 0.013528176117334367, 0.010443783773889588, 0.001132453008012184]
500 0.9016224929051788 -0.5117177160995192 -0.6 [-0.5957661683864992, -0.5683073137513784, -0.003965026675872923, -0.031961491186249004] [-0.004233831613500775, -0.031692686248621066, -0.5960349733241272, -0.5680385088137513]
600 0.8937911256566626 -0.4841624785576359 -0.34 [-0.33612533533478123, -0.13730926383383366, -0.01018962206424227, -0.19637577876714318] [-0.003874664665218985, -0.20269073616616606, -0.329810377935758, -0.143624221232857]
700 -1.565414655288712 0.7385686502364525 0.85 [0.8128056421522026, 0.01144925081825155, 0.04033672964061061, 0.8354083773889343] [0.03719435784779646, 0.8385507491817487, 0.8096632703593893, 0.014591622611065797]
800 0.07019037772580122 -0.03549452663880317 -0.1 [-0.09734399798888452, -0.0018544908036371326, -0.0025669023385381257, -0.09823460886893993] [-0.0026560020111153944, -0.09814550919636274, -0.09743309766146196, -0.0017653911310598846]
900 0.05054632951990437 -0.14767524673815222 0.21 [0.20424924913789813, -0.0914100017525979, 0.047670552257324486, 0.2594902003573753] [0.005750750862101929, 0.30141000175259797, 0.16232944774267546, -0.049490200357375204]
1000 -1.2329806442506341 0.6006720267709272 0.86 [0.8081607206842844, 0.013749391425941388, 0.04657266099980778, 0.8515172268899664] [0.05183927931571599, 0.8462506085740584, 0.8134273390001922, 0.008482773110033245]
1100 -0.27931107298830965 0.1088562697664473 0.44 [0.2403148709465053, 0.004961850397516541, 0.18067914952423225, 0.454044129131746] [0.19968512905349484, 0.4350381496024831, 0.25932085047576736, -0.014044129131745374]
1200 1.0617662711946796 -0.4152756817490375 -0.38 [-0.2067443698528429, -0.02112977412135456, -0.17500288309138085, -0.35712297293442175] [-0.1732556301471571, -0.3588702258786457, -0.204997116908619, -0.022877027065578356]
1300 -1.7188988573913075 0.9158028480246557 0.66 [0.006089501713188019, 0.6542118303512886, 0.35652233878794015, 0.3031763291475836] [0.6539104982868115, 0.005788169648711166, 0.30347766121205977, 0.3568236708524172]
1400 -1.326890796084278 0.6094391936550704 0.74 [0.3774202515172583, 0.3624283144169179, 0.5969918238127836, 0.1431596102530398] [0.3625797484827421, 0.377571685583082, 0.14300817618721626, 0.5968403897469601]
1500 -0.6119875955175191 0.30482554171236265 0.88 [0.8718572633446351, 0.008139455803063137, 0.8749890501323877, 0.005014230719913533] [0.008142736655364547, 0.871860544196936, 0.005010949867612081, 0.8749857692800863]
1600 -0.9211626603873282 0.4523707598898068 0.96 [0.9540840768353429, 0.006039685411816726, 0.9174196492331348, 0.04245658851970557] [0.00591592316465671, 0.9539603145881831, 0.04258035076686549, 0.9175434114802945]
1700 -0.6675177244473889 0.36076943352123997 0.98 [0.9725279757769001, 0.007480360875525448, 0.9702044376326355, 0.009787225714938461] [0.007472024223099669, 0.972519639124474, 0.0097955623673642, 0.9702127742850614]
1800 -0.7398646977539268 0.3600673162023177 0.94 [0.9326733739262342, 0.007349834114610712, 0.9272731778835254, 0.012703614075630526] [0.007326626073773657, 0.9326501658853814, 0.01272682211647035, 0.9272963859243751]
1900 0.36800962513419605 -0.1871418995901044 -0.02 [0.17068049567034724, -0.19059756012137202, -0.02047965909438472, 0.00039672354540923804] [-0.19068049567035092, 0.17059756012137503, 0.0004796590943848019, -0.02039672354540895]
2000 -1.0653295428796017 0.5179191313726679 0.6 [0.04580932728612248, 0.5609880601618513, 0.5859324057858242, 0.0072702067662017075] [0.5541906727138772, 0.039011939838148595, 0.014067594214175604, 0.5927297932337982]
2100 -3.272522722386362 1.4684416821908526 0.84 [0.5752737180204901, 0.22791841004000474, 0.3746357152323289, 0.502172156707176] [0.2647262819795095, 0.6120815899599953, 0.4653642847676707, 0.3378278432928242]
2200 -0.7874909008789124 0.37482147489004203 0.9 [0.12575162703909773, 0.7741498202287448, 0.005481130862320657, 0.8946174218698372] [0.7742483729609029, 0.12585017977125484, 0.8945188691376785, 0.005382578130163129]
2300 -1.4402211679600123 0.6940701306247462 0.92 [0.04702280436521847, 0.8745453892166698, 0.4345356193803749, 0.4838961870377365] [0.8729771956347815, 0.04545461078333025, 0.48546438061962555, 0.43610381296226314]
2400 -1.131129471147833 0.490777758190557 0.78 [0.06446836891039968, 0.7143141944054677, 0.7709635655247087, 0.01025387115942351] [0.7155316310896002, 0.06568580559453166, 0.009036434475291469, 0.7697461288405764]
2500 -0.9242551616043054 0.4764150695783592 0.74 [0.008570251712236044, 0.7092518522437627, 0.729956051690909, 0.03222184435309226] [0.7314297482877643, 0.030748147756237312, 0.01004394830909086, 0.7077781556469077]
2600 -2.045944353224257 0.9269460792081958 0.8 [0.464986867623648, 0.785454254410371, 0.33435877824372406, 0.01520009972225766] [0.33501313237635194, 0.014545745589629231, 0.465641221756276, 0.7847999002777426]
2700 -0.38211635876906996 0.2163988136760908 -0.06 [-0.035791422928364895, -0.06043884504678385, -0.06196569372666969, 0.038195961701818305] [-0.024208577071635082, 0.0004388450467836668, 0.001965693726669688, -0.09819596170181814]
2800 1.2770436068871442 -0.5856275950806481 -0.27 [-0.16681675601062618, -0.14829899067057067, -0.20445009727700414, -0.020434156041799142] [-0.1031832439893644, -0.1217010093294242, -0.06554990272300533, -0.2495658439582061]
2900 -1.1869787258110043 0.5133526712838308 0.81 [0.010489564837512675, 0.7997652885287441, 0.7970940498593946, 0.012651096774349044] [0.7995104351624873, 0.010234711471255953, 0.01290595014060566, 0.7973489032256508]
3000 -0.4473889257162669 0.2202073332265006 0.32 [-0.05184709641118532, 0.3149871515807673, 0.3398817332617906, 0.03697821156862737] [0.3718470964111852, 0.005012848419232488, -0.019881733261790425, 0.28302178843137243]
3100 0.2104881613396547 -0.12051303064039985 -0.16 [-0.14008042880930685, -0.15827148617582412, -0.01986363099779148, -0.0017844540170774107] [-0.01991957119069307, -0.00172851382417569, -0.1401363690022085, -0.15821554598292284]
3200 0.29084748538239696 -0.22569332020889918 -0.18 [-0.16276160666603584, -0.17691008737552408, -0.017099047861682034, -0.0032292580967577984] [-0.01723839333396423, -0.0030899126244755826, -0.1629009521383178, -0.17677074190324227]
3300 -0.25006549353189583 0.05280105876719777 0.03 [0.07120337292702668, 0.014085482392571043, -0.04105456646775006, 0.015765711148152256] [-0.04120337292702327, 0.015914517607428787, 0.07105456646774733, 0.01423428885184711]
3400 0.14482930327031757 -0.095618961767625 -0.16 [-0.1561880913750372, -0.15955936500952458, -0.00382381645340018, -0.0004287271620380562] [-0.003811908624962813, -0.0004406349904754095, -0.1561761835465998, -0.15957127283796196]
3500 -1.8705808094689456 1.0483714875906551 0.57 [0.27253570990841014, 0.420846625553084, 0.2944803696593461, 0.15213729487915978] [0.29746429009159003, 0.14915337444691582, 0.27551963034065374, 0.4178627051208403]
3600 -0.4140392173938347 0.09427537729653006 0.37 [0.1639442643137647, 0.559158006397046, 0.2018850526661455, -0.1849873233769566] [0.20605573568623542, -0.1891580063970461, 0.16811494733385451, 0.5549873233769568]
3700 0.19349597807462846 -0.1082600708824723 -0.11 [-0.10831076541629493, -0.0009052284697944597, -0.0038136915671593843, -0.10697031454675121] [-0.0016892345837049851, -0.10909477153020558, -0.10618630843284044, -0.0030296854532488805]
3800 -1.3322249779662996 0.630083924386073 0.9 [0.8885720460603359, 0.024470796713420163, 0.014274775725644655, 0.8726823815005993] [0.011427953939664084, 0.8755292032865793, 0.8857252242743558, 0.027317618499400863]
3900 -1.1408050301322334 0.4919958090683948 0.88 [0.8672423387165996, 0.008467711662025765, 0.014293809872984958, 0.8699961397483901] [0.012757661283400494, 0.8715322883379738, 0.8657061901270153, 0.010003860251610293]
4000 -1.815987591298129 0.9047147200857382 0.94 [0.6472158204768469, 0.017490009236656768, 0.2826137101734951, 0.9326804601130011] [0.2927841795231529, 0.9225099907633436, 0.6573862898265047, 0.007319539886999103]
4100 -1.428177662355643 0.706001889683327 0.8 [0.06915185249496501, 0.04298439641491046, 0.7326977703178873, 0.7551659807722375] [0.7308481475050348, 0.757015603585089, 0.06730222968211334, 0.04483401922776229]
4200 -1.5484111771023743 0.7691479878886366 0.82 [0.0856885086696065, 0.28598182026826957, 0.6102052090846931, 0.6581244619774309] [0.7343114913303936, 0.5340181797317318, 0.20979479091530653, 0.16187553802256782]
4300 -1.083285469819682 0.556217308217965 0.82 [0.6957309675656351, 0.12118018929080883, 0.01882964109573567, 0.8042592020478202] [0.12426903243436457, 0.6988198107091914, 0.8011703589042648, 0.015740797952180138]
4400 -0.9498631009370235 0.4542455270040653 0.6 [0.5620660106933717, 0.040006418121906126, -0.0022991534280317294, 0.6002267246127542] [0.037933989306628356, 0.5599935818780942, 0.6022991534280314, -0.00022672461275406212]
4500 0.09095765634861883 -0.09407342676763646 0.16 [0.1505259288034587, -0.006596906225771015, 0.004826895066713167, 0.17124408235559924] [0.009474071196541334, 0.16659690622577114, 0.15517310493328712, -0.011244082355599238]
4600 -0.926123013989858 0.34450034342921876 0.62 [0.5662861762154741, 0.029835286959622728, 0.009262233214007935, 0.6346163036108955] [0.053713823784526556, 0.5901647130403763, 0.6107377667859926, -0.014616303610895354]
4700 -1.165908798335217 0.6097515949171387 0.6 [0.5863846081895167, 0.01073864634922439, 0.023690571220815127, 0.5791861742404438] [0.01361539181048329, 0.5892613536507754, 0.5763094287791849, 0.02081382575955633]
4800 -0.3181749334664499 -0.01618588477628481 -0.3 [-0.33271519706794966, -0.006252774567975021, -0.05554618844498202, -0.2054858399190932] [0.032715197067949855, -0.29374722543202486, -0.24445381155501786, -0.09451416008090704]
4900 -0.15819434830526602 0.08272454342391562 0.06 [-0.15528478402978182, -0.00010622901662307446, 0.21407280132842657, 0.06131821171797836] [0.2152847840297821, 0.06010622901662317, -0.1540728013284266, -0.0013182117179785127]
5000 -1.178240176422881 0.6556348962225076 0.48 [0.1624075017349893, 0.15657146096218155, 0.16570471273990744, 0.4753163245629219] [0.31759249826710817, 0.32342853903474356, 0.3142952872610941, 0.004683675437054075]
5100 -0.5819541118199484 0.26123424248191474 0.96 [0.005416233659680815, 0.9545766003493316, 0.0056325771258023995, 0.9543745888651852] [0.954583766340319, 0.005423399650668193, 0.9543674228741981, 0.005625411134815048]
5200 -0.7104490247900955 0.32404391951733785 1.0 [0.02198993774283009, 0.9779947399569617, 0.005597216484956901, 0.994418105815251] [0.9780100622571698, 0.02200526004303815, 0.9944027835150435, 0.00558189418474889]
5300 -1.4318381570904102 0.6110659145630023 0.88 [0.013468176182387907, 0.8629792100121452, 0.6688782224401595, 0.21467439136530703] [0.8665318238176125, 0.017020789987854668, 0.2111217775598403, 0.6653256086346928]
5400 -0.7459950896697994 0.31933162037471446 0.63 [-0.027658276002233008, 0.6594856669389365, 0.6198902789702386, 0.008282330093058664] [0.657658276002233, -0.029485666938936415, 0.010109721029762025, 0.6217176699069411]
5500 -1.922982705171425 0.8230657238273338 0.69 [0.6069709495871752, 0.08352829542847702, 0.6881866996265932, 0.0013140553577544731] [0.08302905041282523, 0.6064717045715229, 0.0018133003734066956, 0.6886859446422453]
5600 -0.9535950088829539 0.4454893470275757 0.76 [0.19692523686546803, 0.5601302102398873, 0.7541042453617139, 0.0088403075329305] [0.563074763134532, 0.19986978976011222, 0.005895754638285975, 0.7511596924670695]
5700 -1.3728770996560982 0.6543076740010818 0.84 [0.11105927020748498, 0.7249317149830096, 0.8276899085229533, 0.016319106286551466] [0.7289407297925152, 0.11506828501699017, 0.012310091477046217, 0.8236808937134487]
5800 2.3883256434815956 -1.0193813300578192 -0.7 [-0.2626358881120636, -0.437704914471719, -0.3995641873232069, -0.3000950100930103] [-0.4373641118879366, -0.26229508552828085, -0.3004358126767931, -0.39990498990698986]
5900 -1.5390659351016014 0.7801779166764579 0.82 [0.38954704472261314, 0.4311208567414863, 0.6587723686281677, 0.16055972990773243] [0.4304529552773868, 0.38887914325851386, 0.16122763137183177, 0.6594402700922675]
6000 0.4522853100075113 -0.12440966060915253 -0.12 [-0.1866338043473721, 0.06472232146761003, -0.09550669690942445, -0.022581820210813848] [0.06663380434737193, -0.18472232146761003, -0.02449330309057574, -0.09741817978918622]
6100 -1.678362213209733 0.8873428170351838 0.48 [0.006106825793569307, 0.0026755375437193525, 0.47257142682780523, 0.4786462098349061] [0.4738931742064306, 0.4773244624562804, 0.007428573172194662, 0.0013537901650941193]
6200 -2.4219602874806134 1.1940026662309124 0.8 [0.25776175978327287, 0.37101686071997214, 0.5410922733849785, 0.4301291061117764] [0.542238240216727, 0.4289831392800274, 0.2589077266150215, 0.3698708938882237]
6300 -1.7220233117573194 0.8298308205023036 0.56 [-0.014979498663651893, 0.6184474555172355, 0.42329682679330394, 0.09323521635311248] [0.5749794986636523, -0.05844745551723531, 0.13670317320669573, 0.46676478364688806]
6400 -2.448443674535439 1.0408386143952375 0.88 [0.401505182593353, 0.47939800293973955, 0.8723673670678069, 0.006729447399100303] [0.47849481740666033, 0.4006019970602467, 0.007632632932193163, 0.8732705526008998]
6500 -1.1841119711517643 0.524881631643249 0.88 [0.012480828246203881, 0.8707498045517031, 0.8656960647413621, 0.011073302460731021] [0.8675191717537964, 0.009250195448296788, 0.014303935258638021, 0.868926697539269]
6600 -1.3172884418312538 0.5889803890994241 0.94 [0.024279634025282645, 0.9179938834536757, 0.9274207368035391, 0.010305745717502937] [0.9157203659747174, 0.022006116546324894, 0.012579263196460584, 0.9296942542824976]
6700 -0.45479286979911804 0.18399316439853067 0.44 [0.005235292755914642, 0.4372783390654724, 0.4344193643478407, 0.003067003830772297] [0.43476470724408517, 0.0027216609345278673, 0.005580635652159032, 0.43693299616922787]
6800 -1.4542245515358923 0.8191087785632563 0.96 [0.02699434808221011, 0.9443410372845868, 0.8700591678261163, 0.07860544680708777] [0.9330056519177765, 0.015658962715414334, 0.08994083217375921, 0.8813945531930503]
6900 -0.8199577335569624 0.406609309798698 0.52 [0.014414732528970487, 0.5129277000869223, 0.5115867352882204, 0.0010708320958869003] [0.5055852674710297, 0.007072299913077789, 0.00841326471177956, 0.5189291679041133]
7000 -1.5594496528362873 0.675109207621335 0.56 [0.004806752971049591, 0.5536127691734669, 0.2146429468843787, 0.34693753097110475] [0.5551932470289503, 0.006387230826532845, 0.34535705311562126, 0.21306246902889542]
7100 -1.455748006863214 0.5504648471991486 0.72 [0.08883803738301602, 0.6309826993268025, 0.0044550764720392875, 0.7157241868181421] [0.6311619626169837, 0.0890173006731977, 0.7155449235279611, 0.004275813181857872]
7200 -0.7721888175178481 0.4079586855838668 0.57 [0.005856023759209688, 0.5640507852619059, 0.31362976021691147, 0.2564634307619726] [0.56414397624079, 0.005949214738094002, 0.2563702397830885, 0.3135365692380271]
7300 -2.0150926991463303 0.9671057579221618 0.89 [0.040324845059998775, 0.853485467401073, 0.8669025708755779, 0.019287116663350198] [0.849675154940001, 0.03651453259892732, 0.023097429124421462, 0.8707128833366495]
7400 -1.2567458473081556 0.6198740297395896 0.88 [0.012868483911753366, 0.8656063918090879, 0.8672027865861874, 0.014322337692971372] [0.8671315160882461, 0.014393608190911795, 0.012797213413812823, 0.8656776623070286]
7500 -0.2042135391655252 -0.03534923372620995 0.25 [-0.02170329650023814, 0.27057536680820243, 0.2503911776326122, 0.0007367520594235563] [0.27170329650023795, -0.020575366808202468, -0.00039117763261212516, 0.24926324794057678]
7600 0.8370801160481469 -0.3568344052798749 -0.55 [0.01335947085581147, -0.23134143846210634, -0.5621063623327083, -0.31991167006099697] [-0.5633594708558116, -0.3186585615378935, 0.01210636233270852, -0.2300883299390032]
7700 -0.7732320524584021 0.4699873643223751 0.38 [0.21658819321385703, 0.4244579412955974, 0.15617799555774892, -0.03722413006720337] [0.163411806786143, -0.04445794129559749, 0.2238220044422512, 0.41722413006720366]
7800 -0.7510400084701705 0.4049064950528652 0.48 [0.0077387351293594095, 0.47203168911224347, 0.45558466725617974, 0.02464490850221754] [0.4722612648706406, 0.007968310887756479, 0.024415332743820385, 0.4553550914977826]
7900 -1.2330600998842587 0.6605250230750707 0.82 [0.023471549603191148, 0.7876176720113018, 0.8034524440920783, 0.02545833429342857] [0.7965284503968095, 0.032382327988697966, 0.01654755590792163, 0.7945416657065723]
8000 -1.1443632502907999 0.5330500779752463 0.58 [0.016109434595277167, 0.5483350526290617, 0.5742893030131495, 0.02126620976251184] [0.5638905654047227, 0.03166494737093835, 0.005710696986850552, 0.5587337902374881]
8100 -0.8480807623914172 0.4158663429272044 0.62 [0.006022582761354192, 0.6127057446830254, 0.35986605152212775, 0.26140562103349313] [0.6139774172386457, 0.007294255316974797, 0.2601339484778724, 0.3585943789665069]
8200 -1.6077897541162498 0.80723014612106 0.92 [0.018604379605888975, 0.8976374118602544, 0.9035082405574709, 0.02024996797638691] [0.9013956203941111, 0.0223625881397465, 0.01649175944252924, 0.899750032023613]
8300 -1.782780775133699 0.8073662142168946 0.92 [0.5134706546937831, 0.4052856365764811, 0.9077367011410877, 0.013507007588648192] [0.40652934530621715, 0.5147143634235186, 0.012263298858912449, 0.9064929924113515]
8400 -1.8643749881721112 0.7649712901397059 0.84 [0.6542720808823188, 0.1589573648204254, 0.7506491608884666, 0.11612139340878905] [0.18572791911767997, 0.6810426351795756, 0.08935083911153324, 0.7238786065912113]
8500 -0.9965773719469264 0.3815540016669133 0.24 [0.07337749451646775, -0.1257386773192866, 0.17762642404109996, 0.3547347587617187] [0.1666225054835325, 0.36573867731928644, 0.06237357595889998, -0.11473475876171907]
8600 -1.8550667955846851 0.9590514511117818 0.92 [0.15042184121162855, 0.7657925071078825, 0.5084731340065578, 0.41531251767393146] [0.7695781587883711, 0.15420749289211763, 0.41152686599344224, 0.5046874823260692]
8700 0.42344164879131085 -0.2471380004529603 -0.06 [-0.05441725331089306, -0.01616332699848982, 0.0013797459091692684, -0.05079916559978634] [-0.005582746689079499, -0.04383667300152701, -0.06137974590940153, -0.009200834399992017]
8800 -0.6078472418057501 0.31432586056982126 0.36 [0.192117362908839, 0.01082420633657876, 0.16525044792840338, 0.3518079828261788] [0.16788263709116144, 0.3491757936634214, 0.1947495520715962, 0.008192017173821066]
8900 1.3879948082643858 -0.5646823020692788 -0.21 [-0.14716556736179776, -0.05397655097951588, 0.10302077703045877, -0.321878658689145] [-0.06283443263820249, -0.15602344902048393, -0.31302077703045894, 0.11187865868914516]
9000 -0.028459308898537636 0.010448279708294482 0.09 [0.0885608363779674, 0.0009162075676216453, -0.0005453201245115715, 0.09106827617892238] [0.0014391636220324527, 0.08908379243237846, 0.09054532012451155, -0.0010682761789223766]
9100 -1.711942365747786 0.8605822862541536 0.84 [0.8064608275895311, 0.012484640775846314, 0.19427917917524515, 0.6667753524593769] [0.03353917241046815, 0.827515359224154, 0.6457208208247551, 0.17322464754062344]
9200 -1.025648149823333 0.4832941010936367 0.55 [0.44021612646112196, 0.4497450146344923, 0.1368952715074331, 0.07314358739695266] [0.1097838735388783, 0.1002549853655074, 0.41310472849256674, 0.47685641260304706]
9300 -1.7169100708497078 0.9302803093145643 0.59 [0.24934738743921286, 0.34116424523772404, 0.267360604558628, 0.3221277627644353] [0.34065261256078727, 0.24883575476227598, 0.32263939544137143, 0.2678722372355656]
9400 -1.9058034687073644 0.7419348788017011 0.64 [0.012105341575026091, 0.6289383956032446, 0.13087255349773164, 0.508083709323998] [0.6278946584249754, 0.01106160439677322, 0.5091274465022596, 0.1319162906759913]
9500 -1.3269530530595695 0.6110659650201145 0.94 [0.01594737312565367, 0.9240975691853335, 0.21937082049562245, 0.7205842371933905] [0.9240526268743464, 0.015902430814666316, 0.7206291795043769, 0.2194157628066103]
9600 -1.4266777445493992 0.7645676475362815 0.94 [0.02332876844691656, 0.9198261863779639, 0.9166969011426093, 0.02014814403250933] [0.9166712315530833, 0.02017381362203541, 0.023303098857390375, 0.9198518559674905]
9700 -1.1558050733145966 0.6284626156547669 0.74 [0.019127872248242604, 0.7252899767516664, 0.6315403316897232, 0.10404181931036767] [0.7208721277517572, 0.014710023248333395, 0.10845966831027681, 0.6359581806896324]
9800 -1.7095710703798244 0.8457776143248686 0.94 [0.04873148410403779, 0.9109703270591897, 0.8738754908878112, 0.046422697948961034] [0.8912685158959619, 0.02902967294081047, 0.06612450911218828, 0.8935773020510392]
9900 -2.088893492439241 1.03961781046945 0.92 [0.20252781520044916, 0.9015461295566367, 0.7215864712691219, 0.014339583973791686] [0.717472184799551, 0.018453870443363093, 0.1984135287308778, 0.9056604160262084]
10000 -1.4915660468543848 0.7700218273005978 0.58 [0.013945056088469904, 0.564581092105444, 0.5458879681610082, 0.03558588364507778] [0.5660549439115303, 0.015418907894555673, 0.03411203183899187, 0.5444141163549223]
10100 -1.1375542261847162 0.4744801937610063 0.7 [0.01218783044302906, 0.6866949547153256, 0.24461599062939157, 0.45650122421225403] [0.6878121695569703, 0.01330504528467469, 0.4553840093706086, 0.2434987757877461]
10200 -1.1977540407831533 0.5633220776016775 0.84 [0.007930711959948829, 0.8307852896207027, 0.22706066190993618, 0.6142233365094119] [0.832069288040051, 0.00921471037929724, 0.6129393380900638, 0.22577666349058753]
10300 -0.9575217258989583 0.506262306032286 0.84 [0.005574787509368974, 0.8341540300781567, 0.14135322071971032, 0.6989179616927642] [0.834425212490631, 0.0058459699218435055, 0.6986467792802894, 0.1410820383072358]
10400 -0.8541583087276459 0.38359543796020695 0.58 [0.026562390940146608, 0.5617229355614335, 0.5626537215325605, 0.009060951965858955] [0.5534376090598534, 0.01827706443856638, 0.017346278467439143, 0.5709390480341409]
10500 -1.4220186623794928 0.7559744434210596 0.86 [0.07041322492804922, 0.8435912237955676, 0.7959150411933318, 0.010080510083051584] [0.789586775071951, 0.01640877620443273, 0.06408495880666806, 0.8499194899169487]
10600 -1.1956424257674803 0.6551079211120039 0.92 [0.011629426529251393, 0.8724878252983843, 0.9021020333687525, 0.05378071480361193] [0.9083705734707482, 0.04751217470161592, 0.017897966631247226, 0.8662192851963876]
10700 -0.48941192846093307 0.25804037098462035 0.29 [0.0035235324599385085, 0.28206717425771716, 0.2862694045789187, 0.00813988870342557] [0.2864764675400615, 0.00793282574228277, 0.0037305954210812447, 0.28186011129657434]
10800 0.4066291412812675 -0.28698399047165635 -0.15 [-0.06656821983396646, -0.1470733075941537, -0.083641857629694, -0.0027166149421857695] [-0.08343178016603339, -0.002926692405846541, -0.06635814237030577, -0.14728338505781438]
10900 -1.6328981012366446 0.7639104417240161 0.92 [0.15163849100312954, 0.7599227051619983, 0.9110306272936975, 0.017408176541174502] [0.7683615089968704, 0.16007729483800173, 0.008969372706302289, 0.9025918234588255]
11000 -1.4211544127962779 0.6084324962841364 0.88 [0.24951424284333246, 0.6351191230015938, 0.043373480383155555, 0.8319931537719185] [0.6304857571566675, 0.24488087699840644, 0.8366265196168448, 0.04800684622808166]
11100 -3.3909967067895277 1.5072474426625928 1.0 [0.8582365412143544, 0.15164365962823612, 0.1671270163174781, 0.822992782839932] [0.1417634587856479, 0.8483563403717618, 0.8328729836825218, 0.1770072171600687]
11200 -1.672404530953551 0.6668365589326765 0.31 [0.2950595696658209, -0.0016119488151203588, 0.154453690106485, 0.17209868904281428] [0.014940430334178956, 0.31161194881512017, 0.15554630989351476, 0.13790131095718589]
11300 -2.4087061385050603 1.2193937225358444 0.93 [0.921319149286805, 0.012280716126905067, 0.1482574746998703, 0.7781426598864191] [0.008680850713194972, 0.9177192838730945, 0.7817425253001296, 0.15185734011358065]
11400 -1.2104034662256664 0.6288645031868583 0.98 [0.11155355122106297, 0.8696198003780009, 0.013341646598324892, 0.9654850018026111] [0.8684464487789372, 0.11038019962199863, 0.9666583534016756, 0.014514998197388797]
11500 -1.2696894677121078 0.5881936926332605 0.75 [0.4815941141296241, 0.2710213052881771, 0.00964511135022425, 0.7377394692319751] [0.26840588587039527, 0.47897869471180465, 0.7403548886497746, 0.012260530768025114]
11600 -0.4542166658942372 0.197093837212789 0.43 [0.4276420120023286, 0.00318236835606424, 0.003436058192519077, 0.4257395614490885] [0.0023579879976717167, 0.4268176316439359, 0.4265639418074811, 0.004260438550911641]
11700 -1.6643313430945057 0.9058924260390714 0.9 [0.8735625435984243, 0.03446204162238539, 0.026418486412972498, 0.8655569283662178] [0.026437456401575566, 0.8655379583776149, 0.8735815135870242, 0.03444307163378476]
11800 -0.2855684282786276 0.07852994987440745 0.34 [0.33644529426765496, -0.07632163360197122, -1.3180416472209732e-5, 0.41988951975078825] [0.003554705732344672, 0.4163216336019711, 0.34001318041647244, -0.0798895197507881]
11900 0.8406072576725642 -0.36041320633414275 -0.42 [-0.4264133627199465, 0.002332178804509325, -0.005296669659079881, -0.4106221464254831] [0.006413362719944799, -0.42233217880451074, -0.41470333034091694, -0.00937785357451696]
12000 -0.7769350305874185 0.4315877877975211 0.3 [0.3528107160445105, -0.09744290993132589, -0.05884174395428769, 0.40347393784110386] [-0.052810716044510174, 0.39744290993132614, 0.3588417439542874, -0.10347393784110334]
12100 -0.1787158020579384 -0.00595031244437607 0.26 [0.2644655262663864, 0.20397454091099487, -0.004503875834143671, 0.05606380865676226] [-0.0044655262663862785, 0.05602545908900503, 0.26450387583414353, 0.2039361913432378]
12200 -2.997125021612598 1.172152010624667 1.0 [0.6703891424963292, 0.7724183223231194, 0.4783669318547408, 0.07882560332581073] [0.3296108575036207, 0.22758167767692314, 0.5216330681452556, 0.9211743966742014]
12300 -0.9372149689840639 0.30704316508058854 0.3 [0.3019973491663218, 0.19635900534918138, -0.0011239030130403562, 0.10276754849753657] [-0.0019973491663221356, 0.10364099465081844, 0.3011239030130411, 0.1972324515024636]
12400 1.3423935819787411 -0.6455711216517257 -0.34 [-0.3291763362768563, -0.1756012576327122, -0.010235705095469656, -0.16498670099496188] [-0.010823663723144156, -0.16439874236728763, -0.32976429490452985, -0.1750132990050384]
12500 -0.1490651639333605 0.14742313046115854 -0.26 [-0.26087818457961737, -0.3288934018075144, -0.001505982134217021, 0.07127756852134894] [0.0008781845796174375, 0.06889340180751435, -0.25849401786578297, -0.3312775685213488]
12600 0.4354943814146357 -0.19797385648995117 -0.6 [-0.5962984652172724, -0.5951539852619814, -0.003695364427662335, -0.00485218509308367] [-0.003701534782727441, -0.004846014738018541, -0.5963046355723375, -0.5951478149069162]
12700 0.6326711318072727 -0.43909370199702447 -0.2 [-0.12479162029261333, -0.19679359130301596, -0.07689957570782407, -0.0015152126965465667] [-0.07520837970738682, -0.003206408696984014, -0.12310042429217566, -0.19848478730345337]
12800 -1.1498026290746441 0.5259313341823026 0.64 [0.15015623097323139, 0.6111997001568759, 0.4952334119181331, 0.023410656951759732] [0.48984376902676874, 0.028800299843124207, 0.1447665880818669, 0.6165893430482403]
12900 -0.0859640345143326 0.18858481017733802 -0.06 [0.011574953534256303, -0.06587145229557331, -0.06968700096439967, 0.003983499725716283] [-0.0715749535342562, 0.005871452295573285, 0.009687000964399313, -0.06398349972571615]
13000 -0.8203575826471754 0.44714383152465365 0.32 [0.42913623231917014, 0.31487066197635977, -0.11079457285906928, 0.006787678563539286] [-0.10913623231917022, 0.005129338023639889, 0.4307945728590692, 0.31321232143646094]
13100 -1.0022792256714077 0.5719127721948922 0.54 [0.031759125067144046, 0.5267497370037397, 0.5437311305874792, -0.022239992658362535] [0.508240874932856, 0.013250262996260382, -0.0037311305874790997, 0.5622399926583628]
13200 -1.3227346172321868 0.6251385158189646 0.94 [0.012359969582612033, 0.8848892359206961, 0.8923519616666603, 0.09039883283003065] [0.9276400304173876, 0.05511076407930309, 0.04764803833333947, 0.8496011671699694]
13300 -1.2949888920797088 0.6395326146287248 0.7 [0.2814490368185137, 0.046255141816771504, 0.5383736101363242, 0.5339222112283912] [0.41855096318148677, 0.6537448581832284, 0.16162638986367575, 0.16607778877160936]
13400 -1.1262021603602042 0.6001491801086813 0.8 [0.014346147094716993, 0.789976943410237, 0.7798697309892978, 0.015807178505747314] [0.7856538529052828, 0.010023056589762578, 0.020130269010701637, 0.7841928214942526]
13500 -1.33781766059665 0.7374946670677369 0.9 [0.036318242142354816, 0.8875209280871061, 0.8628239026042961, 0.013336927166242775] [0.8636817578576447, 0.012479071912893252, 0.037176097395704384, 0.8866630728337574]
13600 -1.5700501986530386 0.7899341378003476 1.0 [0.018572823253238547, 0.9788008948344682, 0.9763523994345324, 0.026273882477760274] [0.981427176746762, 0.021199105165531383, 0.023647600565467317, 0.9737261175222406]
13700 -1.6261070766818204 0.9113989042414992 0.96 [0.02824762612696836, 0.9344568936121298, 0.44322220301802795, 0.5140732772428739] [0.9317523738730322, 0.02554310638786981, 0.516777796981972, 0.4459267227571263]
13800 -1.2836709710749057 0.6365844995229669 0.94 [0.01611255151643298, 0.9245078261826444, 0.9267597626663036, 0.012619859634619025] [0.9238874484835674, 0.01549217381735561, 0.01324023733369632, 0.9273801403653812]
13900 -1.3092916763419962 0.6526790114878928 0.8 [0.34240887768456274, 0.45347570747533894, 0.4566322005772143, 0.34748321426288414] [0.4575911223154371, 0.346524292524661, 0.34336779942278584, 0.45251678573711585]
14000 -0.29719551796678756 0.14055329723100532 0.14 [0.13246322313196, 0.004651625302992405, 0.006298806407816925, 0.13658634515723056] [0.007536776868040032, 0.1353483746970075, 0.13370119359218313, 0.003413654842769323]
14100 -0.3314586283161867 -0.025651276222113144 0.38 [0.19779064877421618, 0.006980913880063303, 0.2275317790823522, 0.32769665826336825] [0.18220935122578397, 0.3730190861199366, 0.15246822091764767, 0.05230334173663171]
14200 -0.18272339392478554 0.0032021795961421017 0.0 [0.09959244099128052, 0.001214367055277951, -0.09443482961241731, -0.006371978434141101] [-0.09959244099128042, -0.0012143670552781183, 0.0944348296124171, 0.006371978434141445]
14300 0.09395537303223785 -0.028767865736139778 -0.02 [-0.08505283670331176, 0.05834966090151426, 0.06562319896540733, -0.0789200231636098] [0.06505283670331147, -0.07834966090151423, -0.085623198965407, 0.0589200231636097]
14400 0.7113154432286167 -0.42778953464806835 -0.1 [-0.04279021882469875, 0.006649036327708178, -0.04910415062078342, -0.11475466688222598] [-0.057209781175297465, -0.10664903632771713, -0.05089584937923755, 0.014754666882252021]
14500 -0.4396502184097576 0.2034753551811791 0.28 [0.2836985249490111, 0.0869335812613111, 0.2851797735545132, -0.09581187976483585] [-0.0036985249490101035, 0.19306641873868927, -0.005179773554552616, 0.3758118797648733]
14600 -0.6350346388710113 0.3347124609513195 0.32 [0.08974493013199757, 0.31706854538583396, 0.22904684956911628, 0.0041396749130523545] [0.23025506986800234, 0.0029314546141660943, 0.09095315043088376, 0.31586032508694784]
14700 0.5043200741123108 -0.27294205170493835 -0.14 [-0.06975130615031479, -0.050287082391812704, -0.07048511090859404, -0.0894765005492786] [-0.07024869384968531, -0.0897129176081873, -0.06951488909140587, -0.05052349945072157]
14800 -1.0219517722622964 0.5328301460008263 0.66 [0.5161457219946755, 0.14013826013172928, 0.009233614082316419, 0.6544824037912785] [0.1438542780053241, 0.5198617398682707, 0.650766385917684, 0.005517596208721287]
14900 0.495351325187815 -0.27378782544412744 -0.21 [-0.2029702885743908, -0.0037274517094678123, -0.011759670623523925, -0.2015425890926174] [-0.007029711425609185, -0.20627254829053218, -0.1982403293764761, -0.008457410907382617]
15000 -0.7931322747569713 0.46983501767720864 0.43 [0.4160015263384135, 0.019773442049899302, 0.006057280265884466, 0.41816775134580264] [0.013998473661586625, 0.4102265579501008, 0.4239427197341154, 0.011832248654197224]
15100 -2.145448527225557 0.9590738969383075 0.96 [0.9305476613454196, 0.2585193568666331, 0.030454316644470004, 0.7004786651434775] [0.029452338654580537, 0.7014806431333667, 0.92954568335553, 0.2595213348565226]
15200 -1.4827368474720037 0.63543530438452 0.76 [0.7531733772060119, 0.00667538175282048, 0.3706674214659616, 0.38948381957520634] [0.0068266227939883075, 0.7533246182471792, 0.3893325785340382, 0.37051618042479395]
15300 -0.946924440235302 0.46960572186630145 0.94 [0.9297074539653175, 0.010357123394349223, 0.9185333419282692, 0.021402080712063048] [0.010292546034681977, 0.9296428766056506, 0.02146665807173024, 0.9185979192879375]
15400 -1.5939556648034292 0.7714107941990485 0.78 [0.7707315875086155, 0.00801287890146428, 0.46573147055435704, 0.31552406303556324] [0.009268412491384525, 0.7719871210985358, 0.3142685294456428, 0.4644759369644366]
15500 -1.1599129010211109 0.6673208210507302 0.68 [0.642990500052703, 0.03893850839227899, 0.5261586314200923, 0.1519123601349255] [0.037009499947296874, 0.6410614916077211, 0.1538413685799076, 0.5280876398650745]
15600 -2.0979712368800385 1.007230530400043 0.96 [0.6751022729093681, 0.28485800748668644, 0.9546510111825787, 0.005388708421367499] [0.2848977270906324, 0.6751419925133132, 0.005348988817421657, 0.9546112915786331]
15700 -1.5754611053872223 0.8625346516272349 0.88 [0.11573019211727589, 0.7722922720529691, 0.8543909815074797, 0.0175865543222761] [0.7642698078827244, 0.10770772794703115, 0.02560901849252072, 0.8624134456777242]
15800 -1.3447334894256835 0.6970179116323457 1.0 [0.014629198002298846, 0.9819277590879162, 0.986227611148498, 0.01721543176128654] [0.9853708019977019, 0.018072240912083135, 0.013772388851502098, 0.9827845682387136]
15900 -2.189312676271166 0.9846154915077698 0.94 [0.23288680788054136, 0.704065022842316, 0.9299663558512272, 0.013081813425915962] [0.7071131921194583, 0.2359349771576843, 0.010033644148772834, 0.9269181865740843]
16000 -1.095795386746989 0.5528730754936242 0.96 [0.948933144112383, 0.01002968320609557, 0.4408222963698582, 0.5202148763116639] [0.011066855887617015, 0.9499703167939048, 0.519177703630142, 0.4397851236883364]
16100 -1.9183893096441065 0.9411476679315007 0.84 [0.1158045131128164, 0.7235512599227156, 0.3754042850504095, 0.4652399419140581] [0.7241954868871839, 0.11644874007728431, 0.46459571494959034, 0.37476005808594176]
16200 -1.3945584934994573 0.7881968612398738 0.94 [0.01807658539773106, 0.9232331080000717, 0.14020438509684288, 0.7984859215053539] [0.9219234146022686, 0.016766891999928115, 0.7997956149031569, 0.1415140784946459]
16300 -1.4833571591883137 0.66730307983524 0.78 [0.0029396376122926703, 0.7611481799513632, 0.5912714461172495, 0.20464073631909488] [0.7770603623877073, 0.01885182004863678, 0.1887285538827504, 0.5753592636809056]
16400 -1.7190389042223346 0.8009022631239643 0.98 [0.011456955414731162, 0.8474790374985562, 0.9677102467764866, 0.1333537603102259] [0.9685430445852685, 0.1325209625014433, 0.01228975322351376, 0.846646239689774]
16500 -1.3001015518202217 0.6186685565597702 0.9 [0.016972758127424183, 0.879271459678424, 0.8871875362773323, 0.016568245916819897] [0.8830272418725761, 0.020728540321576002, 0.012812463722667944, 0.8834317540831811]
16600 -1.0505259700259337 0.4831556640015915 0.82 [0.018378627297937114, 0.7999948146972199, 0.8091145042141309, 0.012512053790712574] [0.801621372702063, 0.02000518530278016, 0.010885495785869401, 0.8074879462092877]
16700 -1.0583392506144615 0.6540565897135483 0.56 [0.015366749417080832, 0.48607529042804365, 0.5514745558718137, 0.06708340428306189] [0.5446332505829191, 0.07392470957195635, 0.008525444128186167, 0.49291659571693813]
16800 -0.7895696813686283 0.41711342984098054 0.64 [0.0073720966448185335, 0.6530717317258018, 0.6270638475873763, -0.007507675957995896] [0.6326279033551817, -0.013071731725801432, 0.012936152412623945, 0.6475076759579959]
16900 -1.3559322070945528 0.6782349667249025 0.92 [0.007925215561925686, 0.9111766881959522, 0.43648610700262935, 0.4844119892394921] [0.9120747844380745, 0.00882331180404733, 0.48351389299737, 0.4355880107605081]
17000 -1.2697158750401796 0.5140065707836424 0.04 [-0.26014221487156997, 0.26928428876216, 0.25455920103960883, -0.18370127493019858] [0.3001422148715696, -0.229284288762157, -0.21455920103960874, 0.22370127493019581]
17100 -1.991557303313039 0.8729822925573114 0.96 [0.948043834936643, 0.005340578692115412, 0.773586966577426, 0.19302861979381558] [0.011956165063356793, 0.9546594213078854, 0.18641303342257398, 0.7669713802061849]
17200 -0.9768237582727705 0.43962102344387577 0.71 [0.5083581154295433, 0.2018489070757564, 0.6442382947528149, 0.06555468274188528] [0.20164188457045662, 0.508151092924244, 0.065761705247185, 0.6444453172581147]
17300 -1.278910928208247 0.5900615819809087 0.91 [0.02369958205479943, 0.883673368624146, 0.7974074785826759, 0.11521957073837831] [0.8863004179452005, 0.026326631375854382, 0.11259252141732341, 0.7947804292616217]
17400 -1.399723427591356 0.6567155325334416 0.8 [0.05081441499142435, 0.7581737177860692, 0.7782416339367488, 0.0127702332857567] [0.7491855850085757, 0.04182628221393042, 0.021758366063250528, 0.7872297667142435]
17500 -1.2281573123125251 0.5924884645472731 0.74 [-0.0035965865635376616, 0.5665635496421985, 0.7279899563765416, 0.1890430805447977] [0.7435965865635369, 0.1734364503578015, 0.012010043623458998, 0.5509569194552024]
17600 -1.3002924164024114 0.6120884652031578 0.54 [0.16471630687997382, 0.042095787590028876, 0.37495403118226733, 0.4982338743477296] [0.3752836931200059, 0.49790421241000077, 0.16504596881775566, 0.041766125652237654]
17700 0.24752029994272426 -0.2167256254678927 -0.14 [-0.006618028751038781, -0.14201442900719996, -0.1293552837868861, -0.0020122584548751777] [-0.13338197124896187, 0.00201442900720003, -0.010644716213113952, -0.13798774154512455]
17800 -1.366359828679866 0.6297705518834955 0.57 [0.007071841903643371, 0.5579403481665899, 0.3964550362407415, 0.1785327736890253] [0.5629281580963561, 0.012059651833410241, 0.1735449637592582, 0.391467226310975]
17900 -2.3395877622278416 1.0220873623186382 0.89 [0.2221099279644357, 0.6667354921683409, 0.8772425018402609, 0.013912078026962402] [0.6678900720355762, 0.22326450783164767, 0.012757498159738976, 0.8760879219730371]
18000 -0.8332624397801816 0.3668829202876625 0.11 [0.11101085401957288, -4.372731426749142e-5, 0.04543597529031989, 0.06359689800437468] [-0.0010108540195749316, 0.1100437273142722, 0.06456402470969634, 0.046403101995606384]
18100 -0.03457100164425952 -0.025037762340224753 -0.1 [-0.18491658690409937, 0.01083814095491022, -0.012876877440261314, -0.013044676610549522] [0.08491658690409963, -0.11083814095491049, -0.0871231225597387, -0.08695532338945038]
18200 0.69416489667396 -0.15152011512502708 -0.16 [-0.22821192232671467, -0.2191583615301721, 0.06928654723086902, 0.058083736626017915] [0.06821192232671482, 0.05915836153017247, -0.2292865472308688, -0.21808373662601852]
18300 0.3935137822472731 -0.23296802028869987 -0.14 [-0.13814839367465603, -0.013228533572306739, -0.0051730538845115035, -0.12345001886852579] [-0.0018516063253440926, -0.12677146642769094, -0.1348269461154905, -0.016549981131474344]
18400 -0.6385346049853708 0.4171204427428721 0.57 [0.16394211969150443, 0.3942563333036726, 0.0850235268775779, 0.496778020127245] [0.4060578803084953, 0.17574366669632746, 0.4849764731224221, 0.07322197987275497]
18500 -1.0523487505134674 0.5236162261884876 0.94 [0.005858547955264897, 0.9340819920756188, 0.04288127930885444, 0.8971781806602622] [0.9341414520447353, 0.00591800792438102, 0.8971187206911452, 0.04282181933973843]
18600 -1.3957773118317567 0.6235096579177848 0.94 [0.045071802312100846, 0.8949481489633816, 0.007212254396924506, 0.9327677943275942] [0.8949281976878989, 0.045051851036618976, 0.9327877456030756, 0.007232205672406325]
18700 -2.4708850076231035 1.1665152032355037 0.96 [0.013912732808738828, 0.941637201778357, 0.5351122756509601, 0.4293377897619447] [0.9460872671912619, 0.018362798221643373, 0.4248877243490402, 0.5306622102380554]
18800 -1.3612092660284094 0.6717420854738883 0.88 [0.010021775914703237, 0.8671101915986031, 0.8606603150660823, 0.022207717420611613] [0.8699782240852949, 0.012889808401397149, 0.019339684933917124, 0.8577922825793911]
18900 -0.6668291222132389 0.29370759354112375 0.46 [0.007542135643528266, 0.3972133956257204, 0.45364574199357044, 0.06159872673718093] [0.45245786435647195, 0.0627866043742798, 0.006354258006429391, 0.3984012732628192]
19000 -1.8771833174646013 0.8417667343073986 0.8 [0.07490644208345837, 0.6691887865424357, 0.6344374580654644, 0.221467313308641] [0.7250935579165423, 0.13081121345756355, 0.16556254193453565, 0.578532686691359]
19100 -1.49336037110563 0.7699997011892026 0.78 [0.017886197946826693, 0.7637767443827329, 0.7512149721935127, 0.027122085476927654] [0.7621138020531728, 0.016223255617267028, 0.02878502780648708, 0.7528779145230728]
19200 -2.5233205951290776 1.1602995105199745 0.82 [0.0289691450847647, 0.7295980815694424, 0.7479250743186278, 0.13350769902716494] [0.7910308549152346, 0.09040191843055734, 0.07207492568137223, 0.6864923009728353]
19300 -1.0405467968545046 0.5392916750239939 0.78 [0.31791380885977555, 0.4620562162181798, 0.32966050910145045, 0.45036946582059423] [0.4620861911402245, 0.31794378378182026, 0.4503394908985496, 0.3296305341794056]
19400 0.24270479634599038 -0.08807839568848866 -0.15 [-0.14933610820308574, -0.0006341893681057652, -0.0034810347057992897, -0.1465486677230095] [-0.0006638917969122077, -0.14936581063189383, -0.14651896529420308, -0.0034513322769909403]
19500 -2.733776128693519 1.2941214969866497 0.79 [0.40053519981578317, 0.4322031937577677, 0.005419167494704883, 0.7418424389317441] [0.3894648001842167, 0.3577968062422326, 0.7845808325052953, 0.04815756106825573]
19600 -0.7843847366622628 0.3482772479147054 0.6 [0.592063474751753, 0.00643909213997835, 0.008617789205936388, 0.5928796439023323] [0.007936525248247107, 0.5935609078600215, 0.5913822107940633, 0.007120356097667673]
19700 -0.7830708945458922 0.45174790885895016 0.58 [0.5592876725970716, 0.009985415911827026, 0.01861365106961585, 0.5721132604214861] [0.020712327402928655, 0.5700145840881728, 0.5613863489303842, 0.00788673957851423]
19800 -1.9971942724341252 0.9087725173191324 0.92 [0.7446679580056434, 0.006521850081560044, 0.6127363579843623, 0.47607383392843444] [0.1753320419932917, 0.9134781499191296, 0.3072636420170199, 0.4439261660705586]
19900 -1.367301454929035 0.6714130283735141 0.82 [0.815908521483791, 0.0045535896102115135, 0.4095774659976135, 0.40996042290838425] [0.004091478516208036, 0.815446410389789, 0.41042253400238143, 0.41003957709162114]
20000 -0.5795503401188804 0.35238896513791124 0.22 [-0.01730968059479578, 0.0004478048568969615, 0.23689827532905972, 0.219963600408839] [0.2373096805947958, 0.2195521951431029, -0.01689827532905974, 3.6399591160987114e-5]
20100 -0.24142685065558642 0.08834308233689941 0.28 [0.00968137201473427, 0.08522975746364002, 0.2776137601101459, 0.1874751104114798] [0.27031862798526574, 0.19477024253635977, 0.0023862398898540863, 0.0925248895885203]
20200 -0.4689582722877272 0.2117304886800386 0.22 [0.008705406607760438, 0.21032508403285605, 0.21692926098295515, 0.004040248376428353] [0.2112945933922395, 0.009674915967143923, 0.0030707390170448367, 0.2159597516235716]
20300 -1.0529152078717388 0.6053768376707906 0.9 [0.7224348136525038, 0.17722758921825896, 0.8665283731969003, 0.033809223932337165] [0.1775651863474962, 0.7227724107817408, 0.03347162680309987, 0.8661907760676631]
20400 -0.9860486397503163 0.46574166808208767 0.98 [0.8786137730056618, 0.10130871026190454, 0.9737920339155955, 0.006285482816838767] [0.10138622699433902, 0.8786912897380954, 0.006207966084404243, 0.9737145171831613]
20500 -1.4850482030826735 0.6988019698538714 0.78 [0.7709702216441202, 0.017061183209266206, 0.09068506286914546, 0.6812835322774677] [0.009029778355880423, 0.7629388167907333, 0.6893149371308535, 0.0987164677225324]
20600 0.3382511222842696 -0.23182157096248068 0.06 [0.06244571614463799, -0.0018141290639238942, -0.07428193248905353, 0.13365034540833895] [-0.0024457161446384493, 0.061814129063924, 0.13428193248905357, -0.07365034540833915]
20700 -0.4890733811192573 0.2381363745911802 0.48 [0.4839741296077015, 0.005413746650266742, -0.004432013966331132, 0.47504413770836307] [-0.003974129607701141, 0.4745862533497335, 0.4844320139663308, 0.0049558622916368224]
20800 -1.4942706431801784 0.7325041675694522 0.76 [0.027439917359112255, 0.4529921586754335, 0.7250985333300466, 0.3144693906354076] [0.7325600826408875, 0.3070078413245662, 0.034901466669953335, 0.4455306093645928]
20900 -1.1772630016929124 0.604039802503342 0.76 [0.02118596542293078, 0.7379590338332916, 0.7483162625171276, 0.012538738226649837] [0.7388140345770694, 0.022040966166708222, 0.011683737482872299, 0.7474612617733506]
21000 -0.5718655279018461 0.21423160176452843 0.28 [-0.025757341391648238, 0.2803937651761328, 0.30671327614968974, -0.001349699934174464] [0.3057573413916481, -0.0003937651761328806, -0.026713276149689734, 0.2813496999341746]
21100 -0.3484902284285842 0.23665492126990606 0.14 [0.1018627154388402, 0.19141760333840363, 0.04036291822117485, -0.05364323699841886] [0.03813728456122296, -0.05141760333831008, 0.09963708177879538, 0.19364323699829197]
21200 -0.4804772779542745 -0.019919675266643688 0.14 [0.1409332669438074, 0.014935017474990247, -0.030949970930760826, 0.15508168651196327] [-0.0009332669438074183, 0.1250649825250095, 0.170949970930761, -0.015081686511963304]
21300 -0.09115752959787438 0.03529168978000627 0.34 [0.07071313551551231, -0.16166508888418638, 0.26998909431463197, 0.5009628590540426] [0.26928686448448746, 0.5016650888841864, 0.07001090568536797, -0.1609628590540419]
21400 1.4497385485021292 -0.6799238192305789 -0.69 [-0.2566192999353847, -0.6851793595874435, -0.4309388037316598, -0.007262536745511889] [-0.43338070006461615, -0.004820640412556569, -0.25906119626834007, -0.6827374632544874]
21500 0.4517571475414627 -0.3543626954493335 -0.18 [-0.12334663925831496, -0.15938333280016084, -0.02422128559526003, -0.053048742346264055] [-0.05665336074168514, -0.02061666719983922, -0.15577871440473973, -0.126951257653736]
21600 -0.3599844588326635 0.2128261176038423 0.45 [0.44296606627888246, 0.447185542798461, 0.007070866650451079, 0.0027775242722055697] [0.007033933721117696, 0.002814457201538928, 0.4429291333495486, 0.4472224757277944]
21700 -1.1657529255673231 0.7017798360185568 0.62 [0.5216671816426661, 0.08081158273394574, 0.20817115145050147, 0.42935008417288634] [0.09833281835733415, 0.539188417266054, 0.41182884854949786, 0.19064991582711394]
21800 -0.7242462094997603 0.3255576724745589 0.9 [0.893960760786022, 0.006006649673571349, 0.8664063207445509, 0.03362626879585601] [0.0060392392139768485, 0.8939933503264299, 0.03359367925545098, 0.8663737312041419]
21900 -1.9990261424131743 0.8309736082837318 0.44 [0.43831590336249937, 0.03313578229424824, 0.25946901748616824, 0.14907929685708385] [0.0016840966375005065, 0.40686421770575143, 0.18053098251383137, 0.29092070314291657]
22000 -1.1942926204446374 0.516420132196201 0.98 [0.9715520489963029, 0.008635981424486627, 0.6188629483367619, 0.36094902124244926] [0.008447951003697798, 0.9713640185755129, 0.3611370516632381, 0.619050978757551]
22100 -0.964186593228055 0.4383673035244147 0.72 [0.7196717636678671, 0.0012208445916097835, 0.43596353658827675, 0.28314385515224605] [0.000328236332132634, 0.7187791554083905, 0.28403646341172334, 0.436856144847754]
22200 -0.8672119459540302 0.48221674501965217 0.96 [0.7326450265589466, 0.22661460942212752, 0.9517935049097788, 0.008946859109147201] [0.22735497344105401, 0.7333853905778723, 0.008206495090221099, 0.9510531408908527]
22300 -1.1404325104596738 0.5577702363272984 0.98 [0.40412858827747994, 0.5709631416959703, 0.9120431733283048, 0.07286509669824538] [0.57587141172252, 0.4090368583040299, 0.06795682667169545, 0.9071349033017546]
22400 -1.0511778615011114 0.5725447992501099 0.39 [-0.02293634344749029, 0.3809297910710568, 0.37458860456330045, 0.04741794781313349] [0.41293634344749014, 0.009070208928943535, 0.015411395436699536, 0.34258205218686677]
22500 -0.051646751807965234 0.06829610247383455 0.0 [-0.0013359606562181293, -0.0031731422354144756, -0.00441486311191448, 0.008923966003547092] [0.0013359606562240594, 0.003173142235414493, 0.004414863111909509, -0.008923966003547968]
22600 -0.690267186203387 0.20037602274573174 0.23 [0.04039155367758365, 0.20029793349407382, 0.19137363184183406, 0.027936880986508383] [0.18960844632241686, 0.029702066505926602, 0.03862636815816581, 0.20206311901349067]
22700 -2.2145542389122777 1.0450170809941925 0.84 [0.23492100950159364, 0.46329712699314457, 0.14436289996084728, 0.8374189635444144] [0.6050789904984071, 0.376702873006855, 0.6956371000391528, 0.0025810364555849887]
22800 -1.142507816288319 0.6072212502327229 0.94 [0.030558468518363947, 0.9092907298888778, 0.014966622431360621, 0.9251841791613974] [0.9094415314816362, 0.03070927011112187, 0.9250333775686402, 0.014815820838602762]
22900 -0.8211072898424132 0.4281398974645982 0.94 [0.06392700964987684, 0.8749949112430794, 0.009095191110845327, 0.9319828879961973] [0.8760729903501229, 0.06500508875691975, 0.9309048088891544, 0.008017112003802486]
23000 -2.16845282582039 1.0921673567278034 0.82 [0.01078298577398881, 0.8075630353000554, 0.6060275590138922, 0.21562641991206305] [0.8092170142260112, 0.012436964699944148, 0.21397244098610732, 0.6043735800879372]
23100 0.6968747964484555 -0.3809189464843669 0.0 [-0.04517036165516674, -0.010881850515397442, 0.05621644790258364, -0.0001642357320194735] [0.04517036165516701, 0.010881850515397515, -0.05621644790258402, 0.00016423573201940932]
23200 1.9121723100346568 -0.9382069916606796 -0.7 [-0.41238516216489157, -0.5023919041591962, -0.31545505201170526, -0.16976788166420717] [-0.28761483783510855, -0.19760809584080388, -0.3845449479882946, -0.5302321183357929]
23300 -0.16667282304136855 0.0653225902775076 0.35 [0.1758598640993688, 0.00612691678107967, 0.16349452045105387, 0.35451869866849756] [0.1741401359006311, 0.34387308321892024, 0.18650547954894628, -0.0045186986684976884]
23400 -0.7724121670801267 0.38186185628512315 0.41 [0.3899434093568637, 0.08276629753065447, 0.00425094732506942, 0.3430393457874126] [0.0200565906431363, 0.32723370246934486, 0.40574905267493055, 0.06696065421258812]
23500 -0.8728057603374204 0.48634481246982375 0.48 [0.379125788522228, 0.28074335896398916, 0.12756063613412094, 0.1725702163796616] [0.10087421147777186, 0.1992566410360107, 0.35243936386587893, 0.3074297836203384]
23600 -1.7688288516232546 0.8764267295162935 0.8 [0.3255553566456043, 0.46880860297211024, 0.011550030920386511, 0.7940860094618991] [0.47444464335439557, 0.33119139702788986, 0.7884499690796134, 0.005913990538101219]
23700 -0.9550576052098091 0.47342750578454895 0.94 [0.061161487922042596, 0.8788808099719632, 0.006108126622192842, 0.9338495754838009] [0.8788385120779573, 0.06111919002803695, 0.9338918733778069, 0.006150424516198535]
23800 -1.2698848652249455 0.5535260509737763 0.78 [0.7176968102807144, 0.06310949469738564, 0.006846813740637122, 0.7723468812812633] [0.062303189719286126, 0.7168905053026138, 0.7731531862593631, 0.00765311871873668]
23900 -1.08779034862643 0.6154727434460541 0.68 [0.6608236219342508, 0.014470435285457358, 0.014337030120388483, 0.6703689126599036] [0.019176378065726283, 0.6655295647145354, 0.6656629698796395, 0.00963108734009782]
24000 -1.5867553224350306 0.7508166237981267 0.94 [0.8861531960416018, 0.05319712034777562, 0.01566761432008105, 0.9249820692905422] [0.0538468039583984, 0.8868028796522245, 0.9243323856799195, 0.015017930709458368]
24100 -0.6285425961461218 0.36367388922309307 0.38 [0.3544850992803297, 0.05697559597834978, 0.0023917574255220442, 0.34614754731579894] [0.025514900719670143, 0.32302440402165045, 0.37760824257447795, 0.03385245268420123]
24200 -0.40838765922614667 0.28115541919352544 0.34 [0.2479639865218987, 0.0015119072103423343, 0.17510827434251508, 0.2554158319252437] [0.09203601347810057, 0.3384880927896576, 0.1648917256574854, 0.08458416807475624]
24300 1.6204590756444248 -0.879054557966009 -0.7 [-0.04942126752857501, -0.40820345604523384, -0.6509680877276719, -0.291407188698519] [-0.6505787324714247, -0.2917965439547662, -0.049031912272327956, -0.4085928113014809]
24400 0.9667432485103301 -0.35508116755108965 -0.48 [-0.4576751698936726, -0.479672008047619, -0.022127259783564744, -0.000525562275143883] [-0.02232483010632743, -0.0003279919523812198, -0.45787274021643526, -0.479474437724856]
24500 -0.5202794108002116 0.24734512580176315 0.28 [-0.03486557129009126, 0.27430800939969213, 0.3147676668054869, 0.005789895084911749] [0.3148655712900913, 0.005691990600307525, -0.03476766680548705, 0.2742101049150883]
24600 -2.233889360615006 1.0286813768567666 0.92 [0.012030563331577093, 0.5920098361489159, 0.9113605400127694, 0.3245990605067371] [0.907969436668423, 0.32799016385108426, 0.008639459987230123, 0.595400939493263]
24700 -0.9743525533958709 0.48304763872973266 0.72 [0.00855033968142233, 0.7120146131647737, 0.6404157377393618, 0.07901930941444228] [0.711449660318578, 0.00798538683522621, 0.07958426226063833, 0.6409806905855576]
24800 -0.9165296709608514 0.43706626605711496 0.66 [0.011011952517952292, 0.6512245913388064, 0.6492981190504042, 0.00846533709283734] [0.6489880474820473, 0.008775408661193175, 0.010701880949596393, 0.6515346629071626]
24900 -1.5834844736079494 0.8344540191627615 0.94 [0.02740655284816545, 0.9258962408821848, 0.8851337884800501, 0.041563417789598205] [0.9125934471518344, 0.014103759117814443, 0.05486621151994901, 0.8984365822104021]
25000 -1.0087699845950204 0.40719724669949264 0.84 [0.01074876062633152, 0.8492885498867195, 0.8316103811676837, -0.011647691680734975] [0.8292512393736682, -0.009288549886719342, 0.008389618832315844, 0.8516476916807355]
25100 -1.9806013823732929 0.848863386477238 0.88 [0.01617324877709075, 0.7420603303914696, 0.8704787165957204, 0.13128770423571998] [0.8638267512228808, 0.1379396696085601, 0.00952128340427789, 0.7487122957642811]
25200 -0.5279094440316897 0.19668311356211052 0.14 [0.0005980545853605944, 0.13924715007681215, 0.12054058584448077, 0.019614209493346416] [0.13940194541463935, 0.0007528499231878064, 0.019459414155519154, 0.12038579050665354]
25300 -1.419597038566028 0.612446012714055 0.82 [0.0364788552889729, 0.7849612609444939, 0.8079973308314075, 0.010562552935125735] [0.7835211447110271, 0.035038739055505974, 0.0120026691685926, 0.8094374470648744]
25400 -1.5769309176103963 0.8271591861963509 0.86 [0.056589139154972656, 0.7116458416739205, 0.8516873031507352, 0.10007771602037162] [0.8034108608450273, 0.14835415832607907, 0.00831269684926496, 0.7599222839796288]
25500 -0.9661861622037878 0.4718534188292848 0.6 [0.009837477442085539, 0.5856592492780682, 0.5898768976781923, 0.01462637560165402] [0.5901625225579145, 0.0143407507219314, 0.01012310232180808, 0.5853736243983456]
25600 -1.291634155981073 0.6391422734523835 0.9 [0.014395096362566586, 0.885625853090519, 0.8769541669445832, 0.023024883602332326] [0.8856049036374332, 0.014374146909481628, 0.02304583305541716, 0.876975116397668]
25700 -0.5426554065848714 0.268969778169486 0.54 [0.007024530801192602, 0.30790223805450173, 0.5330933246847785, 0.231979906459527] [0.5329754691988076, 0.23209776194549833, 0.006906675315221259, 0.3080200935404729]
25800 0.38917669998532745 -0.2705784423588261 -0.38 [-0.00604021643088818, -0.009480819002575424, -0.37387163773898713, -0.37060732682754943] [-0.3739597835691118, -0.3705191809974246, -0.006128362261012872, -0.009392673172450792]
25900 0.33429378203512095 0.03201199127441927 -0.08 [0.0945202373713578, 0.12119120208768142, -0.089800443960719, -0.2859109954983199] [-0.1745202373713577, -0.2011912020876814, 0.00980044396071911, 0.20591099549831982]
26000 -1.260766394565939 0.6680271924482406 0.51 [0.017876640387036135, 0.4387721198169727, 0.5039226422236514, 0.05942859757234003] [0.4921233596129638, 0.07122788018302736, 0.0060773577763486245, 0.45057140242766003]
26100 -1.3001587112656108 0.6847319367285727 0.89 [0.013797433889386892, 0.8694609783256401, 0.8784273346340052, 0.018314253150967418] [0.8762025661106132, 0.020539021674359767, 0.01157266536599445, 0.8716857468490321]
26200 -3.088529163041338 1.3082667475831389 0.89 [0.5675424963864598, 0.3226577785817604, 0.8436323108595029, 0.04616741417227693] [0.32245750361354086, 0.5673422214182393, 0.046367689140496895, 0.8438325858277238]
26300 -1.2244217157633037 0.672167390555446 0.77 [0.7641840036860836, 0.005521913596872248, 0.537496367119639, 0.23279771559740492] [0.005815996313916514, 0.7644780864031278, 0.23250363288036197, 0.5372022844025938]
26400 -1.5800785447276442 0.772367860329295 0.9 [0.8921884942976236, 0.007373533789467273, 0.5737467634657022, 0.326691208447207] [0.007811505702376674, 0.8926264662105318, 0.3262532365342979, 0.5733087915527934]
26500 -0.961385565384595 0.5158483696026294 0.62 [0.609094229441753, 0.010504830203295798, 0.5130452170885298, 0.10735572326642147] [0.010905770558247345, 0.6094951697967043, 0.10695478291147006, 0.5126442767335785]
26600 -1.0988018787523206 0.577357593034473 0.9 [0.4314932339369662, 0.46475617069329933, 0.887358899375237, 0.016391695994496545] [0.46850676606303326, 0.4352438293067005, 0.01264110062476267, 0.8836083040055037]
26700 -1.4863819431671417 0.6234851148548204 0.87 [0.3951375000026286, 0.34363957673557055, 0.1943849619275782, 0.8068379613342225] [0.4748624999973714, 0.5263604232644294, 0.6756150380724217, 0.06316203866577742]
26800 0.03936472034052763 -0.003292207051653623 0.16 [0.01137213904902362, 0.07519617389882421, 0.14864403445006485, 0.08478765260208712] [0.1486278609509764, 0.08480382610117591, 0.011355965549935043, 0.07521234739791277]
26900 -0.5379887613064243 0.2109558577976843 0.15 [0.0076417844654663334, 0.14595586678363187, 0.1325915549203188, 0.013810793830582906] [0.1423582155345336, 0.004044133216368054, 0.017408445079681135, 0.13618920616941713]
27000 -1.4785601958432673 0.6847832454933979 0.88 [0.009564005380267884, 0.7782737465956125, 0.8679230954066232, 0.1042391526174965] [0.8704359946197322, 0.10172625340438733, 0.012076904593376944, 0.7757608473825041]
27100 -1.76237243066891 0.8202223354318552 0.9 [0.037317275721426346, 0.8549091325646705, 0.8598413000205659, 0.04793229169333703] [0.862682724278573, 0.04509086743532963, 0.040158699979433624, 0.8520677083066625]
27200 -3.142463785240041 1.5284666222630778 0.92 [0.1983858400582738, 0.7185416643626765, 0.40955080850844844, 0.513521687070601] [0.721614159941726, 0.20145833563732338, 0.5104491914915512, 0.40647831292939945]
27300 -2.0654350122069527 1.017308840257727 0.87 [0.8019262961959396, 0.015639870733229293, 0.11800952399113934, 0.8044243090796922] [0.06807370380406072, 0.8543601292667709, 0.7519904760088609, 0.06557569092030803]
27400 -1.0606566705559708 0.4418031125032735 0.83 [0.7949732403610377, 0.036041040788659065, 0.008503322293962626, 0.82048239655634] [0.0350267596389619, 0.7939589592113405, 0.8214966777060374, 0.009517603443659888]
27500 -1.6019059765696166 0.6583635516763244 0.58 [0.5734774981138626, 0.011791737504676419, 0.2186860686821575, 0.35604469569930336] [0.006522501886137186, 0.5682082624953232, 0.36131393131784256, 0.2239553043006969]
27600 -2.037950155731315 1.051426787086274 0.54 [0.2422267700520315, 0.29613461592900586, 0.008693671973798483, 0.5329449420451643] [0.2977732299479678, 0.24386538407099517, 0.5313063280262014, 0.007055057954835974]
27700 -0.9965334737840265 0.529743976531319 0.76 [0.7287520633690256, 0.03604313052317104, 0.011171858069111312, 0.7440329480386926] [0.031247936630974672, 0.723956869476829, 0.7488281419308883, 0.015967051961307776]
27800 -1.104152692768546 0.5178003326281896 0.84 [0.8166161086907782, 0.010767200673627327, 0.20507897605727554, 0.6475377145783192] [0.02338389130922176, 0.8292327993263732, 0.6349210239427245, 0.19246228542168115]
27900 -0.8485106178589096 0.38499712868600916 0.73 [0.7247750374744427, 0.007484688529711378, 0.009303095699306615, 0.7184371782965396] [0.005224962525557303, 0.7225153114702882, 0.7206969043006929, 0.011562821703460766]
28000 -2.4570913291379126 1.1804883258391916 0.65 [0.6428037928639239, 0.004953488099800131, 0.4021241294032029, 0.2501185896330731] [0.007196207136076199, 0.6450465119002002, 0.24787587059679572, 0.39988141036692804]
28100 -0.6410566899185609 0.24953996636391274 0.62 [0.5988170740696347, 0.02129945446430738, 0.6124758241221333, 0.0074076473439246985] [0.021182925930365464, 0.5987005455356926, 0.007524175877866541, 0.6125923526560755]
28200 -1.7495080615694867 0.8775710210087984 0.94 [0.22645284395481036, 0.5863491577434767, 0.9255987466318863, 0.14159925166982557] [0.7135471560451896, 0.35365084225652255, 0.014401253368113084, 0.7984007483301748]
28300 -0.5639740443076944 0.43625724654770154 0.17 [0.021061808160122472, 0.1483262882777459, 0.13736257500590787, 0.033249328556223756] [0.14893819183987753, 0.021673711722254154, 0.032637424994092, 0.13675067144377634]
28400 -1.5377406299601757 0.8332527939697933 0.93 [0.03284685812604817, 0.9041876991222693, 0.9052552899838732, 0.01771015276781007] [0.8971531418739519, 0.02581230087773104, 0.02474471001612701, 0.9122898472321899]
28500 -1.53518889995449 0.8092421715973844 0.94 [0.060247255379541766, 0.8839718110819521, 0.9250739201007765, 0.010707013437729528] [0.8797527446204587, 0.05602818891804775, 0.01492607989922355, 0.929292986562271]
28600 -0.6331093145817457 0.24918645213596288 0.28 [-0.039185424787274596, 0.2737389070333927, 0.32065998907207527, 0.004786528681806481] [0.3191854247872744, 0.006261092966607271, -0.040659989072075325, 0.2752134713181938]
28700 -1.0207932617899091 0.5326405111735135 0.48 [0.03821059970525185, 0.4569396635724904, 0.4548566583864136, 0.009993078335844115] [0.4417894002947099, 0.023060336428195004, 0.025143341609655537, 0.47000692166743924]
28800 -0.5372077799957872 0.24819953980389353 0.08 [0.2084162847763126, -0.12773218772010647, 0.09948372246442436, -0.020167819520630306] [-0.12841628477631242, 0.20773218772010663, -0.019483722464424293, 0.10016781952063031]
28900 0.9692463297281836 -0.47702624639635616 -0.46 [0.059722664795755984, -0.5477073396650453, -0.41636562067259925, -0.01564970445811158] [-0.5197226647957561, 0.08770733966504536, -0.04363437932740091, -0.44435029554188865]
29000 -0.49935267124051225 0.23958273780308528 0.72 [0.7141007752230756, 0.005907072930125541, 0.7155857394375518, 0.00440641240924721] [0.005899224776924458, 0.7140929270698747, 0.0044142605624482925, 0.715593587590753]
29100 -0.8416588226038028 0.49866053029239316 0.86 [0.2859502725575662, 0.6335378189036122, 0.8044759425230358, -0.003964033984214932] [0.5740497274424338, 0.22646218109638774, 0.05552405747696354, 0.8639640339842147]
29200 -1.6334060582090901 0.6648672938672086 0.98 [0.012543893417468375, 0.9520832862442543, 0.9659806662869085, 0.02939215405136916] [0.967456106582532, 0.02791671375574568, 0.014019333713091758, 0.9506078459486313]
29300 -0.3300530928289163 0.14962549405705128 -0.12 [-0.1645583939902291, 0.031230223335275028, -0.10303834113902655, -0.0036334882060195363] [0.044558393990229046, -0.15123022333527536, -0.01696165886097342, -0.11636651179398032]
29400 1.320329449424251 -1.1742111382926965 -0.6 [-0.05761939461276975, -0.17118553990275362, -0.49863628779497104, -0.4725587776895055] [-0.5423806053872299, -0.4288144600972465, -0.10136371220502888, -0.1274412223104949]
29500 -0.11005145292817615 0.06519530424499259 0.14 [0.0003059617143822804, 0.0022502810052454645, 0.13967573664202815, 0.13776802063834423] [0.13969403828561763, 0.13774971899475463, 0.00032426335797194135, 0.0022319793616556952]
29600 0.6605719399523686 -0.37139745823078285 -0.12 [-0.11892551166275314, -0.035244021588533896, 0.1936777127345778, -0.279508179483291] [-0.001074488337199958, -0.0847559784114968, -0.31367771273462913, 0.15950817948332618]
29700 -0.8739753590310438 0.4715098431753079 1.0 [0.9702924634646775, 0.029707815945245058, 0.9929144116232959, 0.0070853089667826975] [0.02970753653532341, 0.9702921840547547, 0.007085588376704316, 0.9929146910332177]
29800 -1.9235930009290283 1.085026467805955 1.0 [0.9652869697007378, 0.014690596304939187, 0.2209449805505718, 0.7990774534437523] [0.03471303029926288, 0.9853094036950611, 0.7790550194494281, 0.2009225465562482]
29900 -1.179657270783671 0.7673647267003446 0.66 [0.4008567409568473, 0.25340985275464206, 0.49504813662835495, 0.1706852696601552] [0.25914325904315266, 0.406590147245358, 0.16495186337164486, 0.48931473033984507]
30000 -0.8212704188193599 0.40703249880443354 0.1 [0.024029938634351454, 0.09472422640560713, 0.08157495974560793, -0.00032912478556643463] [0.07597006136564852, 0.0052757735943927755, 0.018425040254392136, 0.10032912478556658]
